007,4090,6,6,6,,,28,8,2018,17,12,57,562.10,20.61,953.24,510.01
007,7,7,17,7,,,3,9,2018,16,31,57,,37.25,953.78,505.27
007,1545,1988,2035,1858,,,3,9,2018,16,43,9,552.10,35.48,953.67,506.20
007,1481,1947,2064,1826,,,3,9,2018,16,48,9,549.20,34.84,953.70,505.99
007,1522,1952,2075,1832,,,3,9,2018,16,53,9,550.50,35.45,953.64,506.52
007,1527,1954,2067,1799,,,3,9,2018,16,58,9,553.30,35.00,953.54,507.32
007,1526,1915,2039,1748,,,3,9,2018,17,3,9,555.90,34.52,953.53,507.48
007,1488,1891,2001,1689,,,3,9,2018,17,8,9,556.10,34.30,953.44,508.27
007,1481,1878,1990,1649,,,3,9,2018,17,13,9,558.80,34.56,953.38,508.74
007,1472,1841,1937,1619,,,3,9,2018,17,18,9,564.10,34.93,953.32,509.26
007,1464,1864,1960,1606,,,3,9,2018,17,23,9,557.70,35.70,953.33,509.21
007,1462,1880,1986,1603,,,3,9,2018,17,28,9,559.60,35.54,953.16,510.67
007,1447,1859,1973,1603,,,3,9,2018,17,33,9,560.50,35.24,953.07,511.44
007,1396,1707,1878,1558,,,3,9,2018,17,38,9,553.90,35.46,953.03,511.82
007,1425,1816,1910,1608,,,3,9,2018,17,43,9,557.50,35.22,952.97,512.38
007,1419,1769,1889,1617,,,3,9,2018,17,48,9,555.40,34.84,952.94,512.60
007,1405,1783,1881,1601,,,3,9,2018,17,53,9,557.10,34.94,952.88,513.09
007,1385,1739,1859,1577,,,3,9,2018,17,58,9,555.60,34.49,952.74,514.32
007,1408,1743,1831,1593,,,3,9,2018,18,3,9,558.60,35.10,952.67,514.95
007,1369,1731,1865,1585,,,3,9,2018,18,8,9,560.60,34.87,952.50,516.48
007,1344,1697,1811,1570,,,3,9,2018,18,13,9,557.70,35.10,952.46,516.84
007,1353,1683,1766,1563,,,3,9,2018,18,18,9,555.70,34.83,952.43,517.05
007,1310,1635,1761,1523,,,3,9,2018,18,23,9,556.60,35.55,952.35,517.80
007,1281,1638,1702,1507,,,3,9,2018,18,28,9,560.20,36.33,952.25,518.64
007,1346,1699,1811,1571,,,3,9,2018,18,33,9,554.10,36.24,952.20,519.05
007,1278,1635,1762,1558,,,3,9,2018,18,38,9,557.10,36.54,952.03,520.61
007,1323,1624,1728,1519,,,3,9,2018,18,43,9,551.50,36.57,951.95,521.26
007,1323,1643,1744,1513,,,3,9,2018,18,48,9,546.20,36.40,951.94,521.37
007,1297,1617,1694,1472,,,3,9,2018,18,53,9,539.50,36.83,951.87,521.99
007,1299,1616,1711,1489,,,3,9,2018,18,58,9,548.50,37.31,951.72,523.29
007,1251,1516,1692,1468,,,3,9,2018,19,3,9,554.00,37.02,951.67,523.68
007,1264,1587,1715,1467,,,3,9,2018,19,8,9,558.40,36.65,951.60,524.35
007,1233,1569,1663,1431,,,3,9,2018,19,13,9,556.30,36.66,951.55,524.81
007,1235,1523,1603,1359,,,3,9,2018,19,18,9,551.80,36.71,951.54,524.90
007,1211,1502,1587,1372,,,3,9,2018,19,23,9,561.50,36.15,951.57,524.62
007,1195,1472,1542,1330,,,3,9,2018,19,28,9,562.70,33.19,951.40,526.13
007,751,1004,575,631,,,3,9,2018,19,33,9,559.40,32.18,951.37,526.39
007,92,20,100,22,,,3,9,2018,19,38,9,559.10,30.16,951.29,527.05
007,915,1369,1420,1273,,,3,9,2018,19,43,9,558.00,30.59,951.23,527.55
007,1123,1399,1463,1283,,,3,9,2018,19,48,9,555.20,32.85,951.27,527.27
007,1105,1391,1464,1241,,,3,9,2018,19,53,9,557.40,34.45,951.23,527.56
007,1043,1317,1398,1187,,,3,9,2018,19,58,9,552.90,35.18,951.18,528.02
007,967,1232,1291,1101,,,3,9,2018,20,3,9,561.70,34.28,951.15,528.30
007,948,1206,1201,1047,,,3,9,2018,20,8,9,554.20,34.44,951.10,528.76
007,875,1105,1174,1010,,,3,9,2018,20,13,9,549.50,34.75,951.18,527.98
007,887,1120,1146,982,,,3,9,2018,20,18,9,546.40,34.58,951.14,528.41
007,829,1051,1105,936,,,3,9,2018,20,23,9,548.80,34.79,951.10,528.71
007,753,931,1011,864,,,3,9,2018,20,28,9,548.90,34.53,951.00,529.61
007,691,866,910,799,,,3,9,2018,20,33,9,546.30,33.82,950.93,530.17
007,693,812,878,748,,,3,9,2018,20,38,9,550.60,33.42,950.95,530.01
007,597,827,852,738,,,3,9,2018,20,43,9,548.30,32.76,950.98,529.73
007,631,771,815,691,,,3,9,2018,20,48,9,551.60,32.04,950.93,530.22
007,591,730,771,655,,,3,9,2018,20,53,9,549.60,31.96,950.97,529.87
007,579,707,739,625,,,3,9,2018,20,58,9,550.60,32.13,950.96,529.94
007,481,587,594,510,,,3,9,2018,21,8,9,551.00,31.69,950.89,530.53
007,458,563,600,487,,,3,9,2018,21,13,9,551.10,31.00,950.92,530.26
007,403,500,517,428,,,3,9,2018,21,18,9,550.60,30.34,950.91,530.42
007,409,408,409,354,,,3,9,2018,21,23,9,551.80,30.04,950.89,530.58
007,357,378,401,322,,,3,9,2018,21,28,9,551.00,29.40,950.90,530.47
007,243,243,285,188,,,3,9,2018,21,33,9,546.10,27.71,950.89,530.53
007,53,8,33,8,,,3,9,2018,21,38,9,549.70,26.49,950.82,531.18
007,46,8,37,8,,,3,9,2018,21,43,9,550.40,25.74,950.92,530.33
007,44,8,41,8,,,3,9,2018,21,48,9,555.50,26.00,950.93,530.21
007,161,192,178,150,,,4,9,2018,11,38,9,556.70,11.93,948.83,548.61
007,210,248,236,195,,,4,9,2018,11,43,9,554.70,12.64,948.82,548.70
007,250,326,317,266,,,4,9,2018,11,48,9,559.40,13.51,949.00,547.16
007,354,434,467,401,,,4,9,2018,11,58,9,556.40,15.64,949.10,546.28
007,470,526,531,435,,,4,9,2018,12,3,9,552.90,15.84,948.97,547.43
007,529,609,625,509,,,4,9,2018,12,8,9,554.40,16.24,949.13,546.01
007,536,674,711,598,,,4,9,2018,12,13,9,555.60,17.17,949.12,546.13
007,603,739,754,641,,,4,9,2018,12,18,9,554.40,18.15,949.16,545.74
007,643,796,801,702,,,4,9,2018,12,23,9,555.90,18.31,949.28,544.68
007,716,871,907,759,,,4,9,2018,12,28,9,557.50,18.84,949.24,545.02
007,737,931,967,820,,,4,9,2018,12,33,9,556.60,19.05,949.27,544.76
007,751,1000,1043,880,,,4,9,2018,12,38,9,554.30,19.91,949.38,543.79
007,647,1014,1056,911,,,4,9,2018,12,43,9,553.50,20.78,949.36,544.02
007,811,1079,1154,975,,,4,9,2018,12,48,9,556.60,21.31,949.37,543.85
007,891,1124,1203,1014,,,4,9,2018,12,53,9,556.30,21.89,949.47,543.02
007,931,1177,1219,1039,,,4,9,2018,12,58,9,554.90,22.43,949.43,543.37
007,1011,1223,1296,1095,,,4,9,2018,13,3,9,555.50,23.05,949.46,543.13
007,977,1235,1300,1124,,,4,9,2018,13,8,9,552.80,23.60,949.48,542.95
007,837,697,1009,1116,,,4,9,2018,13,13,9,552.30,23.71,949.36,543.95
007,779,1096,1351,1167,,,4,9,2018,13,18,9,553.00,24.44,949.34,544.19
007,1003,1291,1376,1191,,,4,9,2018,13,23,9,557.30,24.62,949.36,544.02
007,1103,1391,1450,1259,,,4,9,2018,13,28,9,552.40,24.54,949.34,544.14
007,1022,1413,1496,1297,,,4,9,2018,13,33,9,551.30,24.84,949.37,543.86
007,1094,1390,1505,1287,,,4,9,2018,13,38,9,552.10,24.95,949.33,544.26
007,1148,1415,1513,1280,,,4,9,2018,13,43,9,551.40,25.09,949.38,543.77
007,1171,1455,1559,1300,,,4,9,2018,13,48,9,554.60,25.33,949.30,544.47
007,1175,1467,1555,1308,,,4,9,2018,13,53,9,557.20,25.84,949.35,544.03
007,1184,1479,1584,1345,,,4,9,2018,13,58,9,553.50,26.63,949.33,544.28
007,1223,1507,1619,1344,,,4,9,2018,14,3,9,552.80,27.04,949.28,544.68
007,1211,1559,1719,1442,,,4,9,2018,14,8,9,552.00,27.59,949.27,544.80
007,1319,1659,1761,1510,,,4,9,2018,14,13,9,551.20,28.07,949.18,545.52
007,1345,1673,1794,1499,,,4,9,2018,14,18,9,545.90,28.35,949.28,544.68
007,1201,1655,1751,1542,,,4,9,2018,14,33,9,550.30,29.21,949.30,544.50
007,1331,1693,1760,1543,,,4,9,2018,14,38,9,551.20,29.52,949.27,544.79
007,1329,1719,1848,1595,,,4,9,2018,14,43,9,551.20,30.10,949.32,544.33
007,1329,1703,1819,1575,,,4,9,2018,14,48,9,548.90,30.31,949.29,544.60
007,1367,1728,1856,1568,,,4,9,2018,14,53,9,543.80,30.18,949.27,544.76
007,1395,1729,1782,1540,,,4,9,2018,15,8,9,545.50,31.78,949.27,544.78
007,1379,1737,1862,1583,,,4,9,2018,15,13,9,550.40,31.69,949.26,544.87
007,1393,1736,1841,1527,,,4,9,2018,15,18,9,553.30,32.21,949.28,544.65
007,1429,1799,1927,1619,,,4,9,2018,15,23,9,552.90,32.45,949.21,545.28
007,1457,1828,1955,1675,,,4,9,2018,15,28,9,550.70,32.56,949.12,546.05
007,1425,1847,1969,1687,,,4,9,2018,15,33,9,553.90,33.29,949.14,545.93
007,1479,1871,2035,1735,,,4,9,2018,15,38,9,551.20,33.65,949.08,546.46
007,1555,1899,2049,1735,,,4,9,2018,15,43,9,550.50,34.43,949.07,546.53
007,1451,1863,1991,1716,,,4,9,2018,15,48,9,536.80,35.28,949.10,546.25
007,1484,1851,1975,1699,,,4,9,2018,15,53,9,543.40,35.61,949.00,547.12
007,1491,1831,1943,1718,,,4,9,2018,15,58,9,546.40,35.91,948.98,547.32
007,1491,1878,1987,1699,,,4,9,2018,16,3,9,554.60,36.17,948.95,547.56
007,1465,1843,1987,1683,,,4,9,2018,16,8,9,549.40,35.93,948.84,548.51
007,1479,1864,2015,1691,,,4,9,2018,16,13,9,551.00,36.13,948.81,548.81
007,1585,1921,2064,1747,,,4,9,2018,16,18,9,553.00,36.33,948.77,549.16
007,1529,1943,2060,1747,,,4,9,2018,16,23,9,550.70,36.52,948.71,549.71
007,1568,1981,2126,1809,,,4,9,2018,16,28,9,549.50,37.32,948.66,550.17
007,1541,1972,2101,1795,,,4,9,2018,16,33,9,550.80,38.07,948.61,550.58
007,1563,1950,2104,1785,,,4,9,2018,16,38,9,555.10,38.29,948.59,550.73
007,1571,1987,2131,1801,,,4,9,2018,16,43,9,553.50,38.35,948.46,551.84
007,1656,2067,2246,1894,,,4,9,2018,16,48,9,555.50,38.57,948.43,552.10
007,1697,2080,2204,1872,,,4,9,2018,16,53,9,557.80,39.52,948.31,553.18
007,1665,2095,2240,1890,,,4,9,2018,16,58,9,554.00,39.77,948.25,553.70
007,1660,2041,2223,1859,,,4,9,2018,17,3,9,557.00,39.78,948.15,554.58
007,1609,1996,2153,1824,,,4,9,2018,17,8,9,556.00,39.25,948.10,555.08
007,1585,1971,2110,1785,,,4,9,2018,17,13,9,559.10,39.70,948.09,555.16
007,1555,1943,2082,1747,,,4,9,2018,17,18,9,561.80,39.70,948.03,555.70
007,1520,1931,2105,1751,,,4,9,2018,17,23,9,560.70,40.07,947.94,556.44
007,1539,1931,2083,1734,,,4,9,2018,17,28,9,557.10,39.48,947.92,556.59
007,1543,1922,2039,1713,,,4,9,2018,17,33,9,558.10,39.65,947.88,556.96
007,1552,1923,2057,1728,,,4,9,2018,17,43,9,554.50,40.04,947.78,557.88
007,1575,1899,2043,1735,,,4,9,2018,17,53,9,555.60,40.73,947.67,558.84
007,1518,1870,2001,1675,,,4,9,2018,17,58,9,557.40,40.24,947.66,558.92
007,1419,1776,1887,1606,,,4,9,2018,18,3,9,557.30,39.85,947.60,559.40
007,1265,1619,1742,1446,,,4,9,2018,18,8,9,557.50,39.66,947.65,559.02
007,1299,1587,1745,1484,,,4,9,2018,18,13,9,555.50,38.00,947.56,559.79
007,1292,1587,1729,1427,,,4,9,2018,18,18,9,556.50,38.22,947.56,559.81
007,1347,1707,1841,1510,,,4,9,2018,18,28,9,547.60,36.93,947.48,560.52
007,1372,1697,1836,1489,,,4,9,2018,18,33,9,553.50,36.48,947.55,559.83
007,1433,1795,1910,1561,,,4,9,2018,18,38,9,553.00,35.09,947.50,560.28
007,1424,1777,1927,1576,,,4,9,2018,18,43,9,543.30,34.50,947.60,559.40
007,1423,1756,1935,1587,,,4,9,2018,18,48,9,545.40,33.75,947.59,559.50
007,1473,1817,1939,1604,,,4,9,2018,18,53,9,556.00,33.95,947.77,557.96
007,1465,1856,2001,1625,,,4,9,2018,18,58,9,561.70,33.96,947.72,558.35
007,1449,1832,1977,1623,,,4,9,2018,19,3,9,561.90,32.27,947.70,558.53
007,1475,1817,1953,1602,,,4,9,2018,19,8,9,563.50,32.00,947.84,557.31
007,1465,1810,1977,1551,,,4,9,2018,19,13,9,563.40,32.18,947.73,558.33
007,1408,1751,1878,1542,,,4,9,2018,19,18,9,561.70,32.34,947.78,557.88
007,1421,1719,1811,1504,,,4,9,2018,19,23,9,562.20,31.94,947.84,557.32
007,1235,1643,1775,1475,,,4,9,2018,19,28,9,559.20,32.00,947.93,556.52
007,1249,1600,1663,1358,,,4,9,2018,19,33,9,560.80,31.06,947.97,556.22
007,54,8,36,8,,,4,9,2018,19,38,9,563.80,29.30,947.91,556.75
007,1209,1527,1612,1347,,,4,9,2018,19,43,9,559.30,29.39,948.01,555.82
007,1185,1489,1591,1313,,,4,9,2018,19,48,9,559.10,30.20,948.04,555.59
007,1131,1427,1587,1292,,,4,9,2018,19,53,9,554.10,30.95,948.08,555.20
007,1159,1369,1497,1291,,,4,9,2018,19,58,9,555.90,31.12,948.13,554.81
007,947,1259,1283,1054,,,4,9,2018,20,3,9,553.90,29.98,948.08,555.19
007,1065,1319,1389,1155,,,4,9,2018,20,13,9,548.70,28.75,948.12,554.82
007,963,1208,1346,1073,,,4,9,2018,20,18,9,549.20,28.64,948.13,554.80
007,962,1271,1376,1115,,,4,9,2018,20,23,9,549.10,28.20,948.18,554.36
007,996,1281,1335,1095,,,4,9,2018,20,28,9,548.20,27.96,948.19,554.22
007,939,1192,1294,1062,,,4,9,2018,20,33,9,550.40,27.86,948.20,554.15
007,889,1113,1151,960,,,4,9,2018,20,38,9,548.20,27.80,948.33,553.01
007,841,1042,1086,907,,,4,9,2018,20,43,9,546.90,27.47,948.30,553.26
007,775,954,1045,879,,,4,9,2018,20,48,9,547.50,27.52,948.47,551.78
007,799,975,1030,836,,,4,9,2018,20,53,9,548.40,27.21,948.49,551.60
007,702,861,931,738,,,4,9,2018,20,58,9,548.70,27.31,948.50,551.55
007,675,840,872,719,,,4,9,2018,21,3,9,548.40,26.05,948.62,550.44
007,659,767,776,649,,,4,9,2018,21,8,9,548.40,25.28,948.64,550.32
007,571,706,699,590,,,4,9,2018,21,13,9,550.10,24.88,948.87,548.31
007,555,653,664,528,,,4,9,2018,21,18,9,550.10,24.46,948.90,548.05
007,8,7,7,7,,,10,9,2018,15,25,20,559.60,29.59,953.12,511.02
007,1235,1567,1681,1383,,,10,9,2018,15,38,9,557.10,30.42,953.18,510.50
007,1275,1632,1744,1412,,,10,9,2018,15,43,9,556.30,30.57,953.21,510.22
007,1281,1607,1718,1414,,,10,9,2018,15,48,9,553.90,31.65,953.20,510.35
007,1297,1617,1742,1433,,,10,9,2018,15,53,9,554.40,31.82,953.16,510.71
007,1319,1681,1777,1472,,,10,9,2018,15,58,9,554.20,33.28,953.20,510.34
007,1315,1633,1751,1475,,,10,9,2018,16,3,9,550.80,33.47,953.11,511.10
007,1321,1655,1795,1457,,,10,9,2018,16,13,9,557.90,32.48,953.17,510.57
007,1304,1657,1760,1459,,,10,9,2018,16,18,9,558.30,32.78,953.09,511.26
007,1312,1675,1779,1495,,,10,9,2018,16,23,9,558.60,33.70,953.09,511.26
007,1352,1707,1803,1489,,,10,9,2018,16,28,9,572.10,34.01,953.15,510.75
007,1335,1683,1815,1505,,,10,9,2018,16,33,9,561.80,33.47,953.01,512.02
007,1379,1747,1881,1570,,,10,9,2018,16,38,9,573.50,33.85,952.94,512.59
007,1403,1763,1873,1559,,,10,9,2018,16,43,9,561.40,34.20,952.87,513.19
007,1423,1742,1915,1561,,,10,9,2018,16,48,9,563.50,34.03,952.77,514.14
007,1420,1776,1904,1583,,,10,9,2018,16,53,9,570.60,34.40,952.73,514.46
007,1401,1728,1854,1529,,,10,9,2018,16,58,9,569.00,34.37,952.63,515.28
007,1367,1737,1870,1539,,,10,9,2018,17,3,9,554.40,34.16,952.67,515.01
007,1421,1763,1904,1568,,,10,9,2018,17,8,9,560.10,35.39,952.63,515.28
007,1383,1713,1841,1529,,,10,9,2018,17,13,9,560.60,36.30,952.63,515.34
007,1329,1696,1815,1513,,,10,9,2018,17,23,9,566.40,34.85,952.39,517.40
007,1371,1743,1849,1531,,,10,9,2018,17,28,9,567.00,35.99,952.44,517.00
007,1345,1723,1858,1529,,,10,9,2018,17,33,9,567.10,36.52,952.34,517.86
007,1245,1603,1730,1430,,,10,9,2018,17,38,9,558.20,34.88,952.31,518.13
007,1315,1669,1789,1495,,,10,9,2018,17,43,9,560.60,35.24,952.27,518.46
007,1276,1640,1785,1491,,,10,9,2018,17,48,9,558.20,35.69,952.18,519.23
007,1312,1621,1769,1453,,,10,9,2018,17,53,9,559.40,36.06,952.14,519.58
007,1295,1632,1729,1440,,,10,9,2018,17,58,9,559.80,35.64,952.05,520.39
007,1259,1632,1735,1384,,,10,9,2018,18,3,9,566.50,33.55,951.99,520.92
007,1585,1984,2113,1750,,,10,9,2018,18,8,9,560.40,33.38,951.92,521.54
007,1560,1943,2108,1779,,,10,9,2018,18,13,9,559.90,33.80,951.83,522.29
007,1486,1889,2037,1681,,,10,9,2018,18,18,9,559.40,33.58,951.77,522.81
007,1495,1875,2019,1655,,,10,9,2018,18,23,9,552.00,34.09,951.66,523.80
007,1521,1923,2078,1704,,,10,9,2018,18,28,9,549.80,33.68,951.72,523.27
007,1504,1851,1977,1633,,,10,9,2018,18,33,9,539.40,35.59,951.67,523.71
007,1447,1787,1915,1583,,,10,9,2018,18,38,9,550.40,34.81,951.59,524.41
007,1435,1800,1910,1566,,,10,9,2018,18,43,9,550.40,34.09,951.54,524.86
007,1427,1787,1892,1563,,,10,9,2018,18,48,9,550.90,34.08,951.50,525.24
007,1404,1729,1857,1527,,,10,9,2018,18,53,9,561.30,33.82,951.47,525.48
007,1420,1768,1888,1543,,,10,9,2018,18,58,9,546.70,33.55,951.43,525.82
007,1297,1547,1758,1505,,,10,9,2018,19,3,9,532.90,33.97,951.39,526.16
007,1283,1435,1743,1433,,,10,9,2018,19,8,9,567.50,33.23,951.38,526.25
007,1265,1591,1709,1397,,,10,9,2018,19,13,9,562.40,31.83,951.43,525.80
007,1118,1422,1570,1314,,,10,9,2018,19,18,9,547.80,32.77,951.42,525.88
007,1097,1391,1489,1218,,,10,9,2018,19,28,9,563.60,30.33,951.44,525.74
007,1143,1431,1507,1254,,,10,9,2018,19,33,9,555.50,30.49,951.39,526.21
007,1120,1442,1519,1271,,,10,9,2018,19,38,9,544.80,30.29,951.39,526.17
007,1091,1393,1452,1228,,,10,9,2018,19,43,8,557.20,30.63,951.40,526.08
007,1118,1371,1515,1233,,,10,9,2018,19,48,8,551.00,29.80,951.43,525.84
007,1067,1329,1439,1185,,,10,9,2018,19,53,8,555.10,29.71,951.50,525.21
007,1031,1271,1335,1113,,,10,9,2018,19,58,9,547.30,29.73,951.43,525.80
007,1041,1267,1345,1063,,,10,9,2018,20,3,8,566.10,29.45,951.35,526.57
007,955,1223,1291,1065,,,10,9,2018,20,8,8,563.40,29.54,951.48,525.42
007,958,1216,1287,1057,,,10,9,2018,20,13,8,559.60,29.20,951.44,525.77
007,887,1143,1213,1012,,,10,9,2018,20,18,9,577.10,28.42,951.49,525.32
007,886,1091,1140,969,,,10,9,2018,20,23,9,574.70,28.21,951.52,525.08
007,827,971,956,907,,,10,9,2018,20,28,9,563.90,27.50,951.43,525.82
007,803,1023,1049,871,,,10,9,2018,20,33,9,560.20,26.92,951.42,525.89
007,802,993,1038,856,,,10,9,2018,20,38,8,555.40,27.16,951.46,525.60
007,738,911,977,793,,,10,9,2018,20,43,9,550.50,27.44,951.46,525.56
007,699,864,907,742,,,10,9,2018,20,48,9,557.50,26.66,951.52,525.03
007,638,823,849,700,,,10,9,2018,20,53,9,552.90,26.04,951.49,525.28
007,599,743,790,619,,,10,9,2018,20,58,8,553.90,25.93,951.56,524.72
007,557,697,710,574,,,10,9,2018,21,3,8,555.10,25.57,951.54,524.90
007,529,652,662,547,,,10,9,2018,21,8,8,555.00,25.56,951.60,524.30
007,1523,1931,2073,1719,,,2,10,2018,18,46,0,558.10,25.85,955.15,493.26
007,1473,1832,1953,1619,,,2,10,2018,18,52,29,556.30,26.07,955.12,493.55
007,1505,1888,1986,1656,,,2,10,2018,18,59,50,555.80,26.24,955.13,493.45
007,1477,1879,1987,1667,,,2,10,2018,19,8,10,555.80,24.72,955.13,493.51
007,1449,1848,1955,1607,,,2,10,2018,19,13,10,557.80,24.75,955.06,494.08
007,1428,1799,1911,1596,,,2,10,2018,19,18,10,553.40,25.33,955.12,493.51
007,1444,1803,1913,1591,,,2,10,2018,19,23,10,551.20,25.28,955.18,492.99
007,1443,1796,1923,1601,,,2,10,2018,19,28,10,556.90,26.07,955.16,493.19
007,1415,1791,1839,1552,,,2,10,2018,19,33,10,551.00,26.41,955.23,492.60
007,1411,1755,1873,1547,,,2,10,2018,19,38,10,556.90,23.95,955.20,492.82
007,1376,1723,1825,1534,,,2,10,2018,19,43,10,558.40,25.21,955.21,492.73
007,1336,1699,1782,1478,,,2,10,2018,19,48,10,552.20,26.12,955.23,492.56
007,1283,1647,1736,1444,,,2,10,2018,19,53,10,550.90,24.77,955.29,492.03
007,1277,1633,1729,1427,,,2,10,2018,19,58,10,551.40,25.03,955.22,492.69
007,1187,1539,1619,1376,,,2,10,2018,20,3,10,555.00,24.24,955.21,492.74
007,1217,1519,1604,1334,,,2,10,2018,20,8,10,548.80,25.05,955.26,492.32
007,1201,1535,1607,1358,,,2,10,2018,20,13,10,548.50,24.39,955.28,492.14
007,1169,1482,1577,1304,,,2,10,2018,20,18,10,549.40,24.51,955.33,491.72
007,1137,1440,1535,1271,,,2,10,2018,20,23,10,549.30,23.80,955.25,492.43
007,1121,1391,1462,1239,,,2,10,2018,20,28,10,550.30,23.93,955.33,491.71
007,1103,1287,1326,1198,,,2,10,2018,20,33,10,525.30,24.11,955.42,490.97
007,1027,1345,1438,1191,,,2,10,2018,20,38,10,543.80,23.96,955.31,491.93
007,1127,1267,1335,1105,,,2,10,2018,20,43,10,547.70,23.89,955.22,492.64
007,971,1228,1295,1067,,,2,10,2018,20,48,10,553.10,23.50,955.28,492.18
007,939,1183,1243,1003,,,2,10,2018,20,53,10,548.60,24.11,955.29,492.04
007,894,1132,1187,983,,,2,10,2018,20,58,10,543.60,24.30,955.28,492.13
007,853,1091,1145,945,,,2,10,2018,21,3,10,542.50,23.57,955.28,492.13
007,833,1032,1091,902,,,2,10,2018,21,8,10,540.80,23.59,955.37,491.38
007,783,977,1051,855,,,2,10,2018,21,13,10,545.80,23.42,955.32,491.84
007,737,935,966,787,,,2,10,2018,21,18,10,549.60,23.30,955.34,491.62
007,707,847,855,719,,,2,10,2018,21,23,10,544.60,22.94,955.41,491.04
007,642,793,811,674,,,2,10,2018,21,28,10,557.10,23.10,955.44,490.79
007,601,734,780,629,,,2,10,2018,21,33,10,553.40,22.35,955.43,490.82
007,535,677,706,497,,,2,10,2018,21,38,10,551.30,22.03,955.39,491.18
007,20,7,18,7,,,2,10,2018,21,43,10,560.00,21.23,955.44,490.71
007,20,7,19,7,,,2,10,2018,21,48,10,556.40,21.47,955.46,490.56
007,14,7,16,7,,,2,10,2018,21,53,10,556.90,20.90,955.45,490.70
007,19,7,17,7,,,2,10,2018,21,58,10,556.80,20.61,955.45,490.69
007,21,7,22,7,,,2,10,2018,22,3,10,549.90,20.07,955.44,490.73
007,187,251,233,187,,,2,10,2018,22,8,10,554.50,19.87,955.48,490.36
007,134,163,137,117,,,3,10,2018,10,58,10,548.30,7.24,954.89,495.53
007,187,238,210,178,,,3,10,2018,11,3,10,553.60,8.23,954.95,495.04
007,227,276,246,227,,,3,10,2018,11,8,10,560.00,9.05,955.04,494.28
007,294,345,320,263,,,3,10,2018,11,13,10,558.60,9.48,954.89,495.52
007,327,448,418,343,,,3,10,2018,11,18,10,561.90,10.00,954.88,495.65
007,384,481,456,408,,,3,10,2018,11,23,10,557.60,10.71,954.91,495.34
007,460,551,548,484,,,3,10,2018,11,28,10,555.20,11.33,954.96,494.98
007,511,615,498,514,,,3,10,2018,11,33,10,554.90,12.04,955.11,493.66
007,551,710,706,607,,,3,10,2018,11,38,10,561.00,12.48,955.01,494.50
007,620,759,751,667,,,3,10,2018,11,43,10,558.80,12.42,955.04,494.20
007,695,899,868,722,,,3,10,2018,11,48,10,554.00,12.65,955.06,494.06
007,739,930,943,807,,,3,10,2018,11,53,10,558.00,12.86,955.11,493.60
007,779,1019,1043,871,,,3,10,2018,11,58,10,558.60,12.82,955.18,492.98
007,777,998,1079,903,,,3,10,2018,12,3,10,557.50,13.24,955.31,491.90
007,851,1094,1063,927,,,3,10,2018,12,8,10,559.30,14.27,955.31,491.90
007,865,1110,1139,962,,,3,10,2018,12,13,10,560.40,14.68,955.39,491.20
007,887,1155,1190,1023,,,3,10,2018,12,18,10,560.40,15.12,955.46,490.57
007,939,1216,1262,1058,,,3,10,2018,12,23,10,556.30,15.42,955.44,490.77
007,868,1214,1267,1070,,,3,10,2018,12,28,10,553.00,14.60,955.46,490.61
007,993,867,1089,1079,,,3,10,2018,12,33,10,553.90,14.76,955.36,491.41
007,993,1273,1346,1152,,,3,10,2018,12,38,10,555.00,14.49,955.44,490.71
007,1021,1304,1351,1147,,,3,10,2018,12,43,10,555.30,15.75,955.52,490.04
007,1096,1403,1459,1230,,,3,10,2018,12,48,10,561.40,17.06,955.53,489.94
007,994,1408,1491,1278,,,3,10,2018,12,53,10,559.60,16.90,955.38,491.26
007,1159,1465,1505,1288,,,3,10,2018,12,58,10,558.70,18.39,955.46,490.54
007,1167,1217,1313,1303,,,3,10,2018,13,3,10,559.10,18.55,955.41,491.01
007,1187,1469,1539,1315,,,3,10,2018,13,8,10,560.60,18.97,955.52,490.10
007,1233,1543,1615,1324,,,3,10,2018,13,13,10,557.80,19.96,955.46,490.54
007,1267,1569,1652,1409,,,3,10,2018,13,18,10,553.90,20.91,955.46,490.59
007,1249,1552,1683,1431,,,3,10,2018,13,23,10,556.40,21.61,955.48,490.43
007,1279,1655,1715,1449,,,3,10,2018,13,28,10,558.00,21.29,955.35,491.53
007,1315,1650,1721,1207,,,3,10,2018,13,33,10,557.20,22.09,955.32,491.81
007,1345,1651,1737,1463,,,3,10,2018,13,38,10,561.10,21.75,955.36,491.43
007,1337,1680,1763,1491,,,3,10,2018,13,43,10,569.90,20.48,955.37,491.33
007,1356,1711,1798,1506,,,3,10,2018,13,48,10,557.80,22.41,955.43,490.82
007,1393,1751,1843,1547,,,3,10,2018,13,53,10,559.20,23.71,955.51,490.18
007,1363,1734,1796,1512,,,3,10,2018,13,58,10,553.70,23.98,955.50,490.25
007,1383,1710,1835,1553,,,3,10,2018,14,3,10,556.00,23.67,955.38,491.24
007,1399,1779,1840,1561,,,3,10,2018,14,8,10,559.80,23.65,955.28,492.11
007,1443,1811,1907,1595,,,3,10,2018,14,13,10,558.10,23.73,955.25,492.45
007,1491,1875,1971,1656,,,3,10,2018,14,18,10,555.10,24.17,955.16,493.23
007,1528,1931,2009,1708,,,3,10,2018,14,23,10,572.30,24.64,955.15,493.26
007,1469,1889,1977,1656,,,3,10,2018,14,28,10,557.70,25.59,955.08,493.88
007,1505,1915,2016,1683,,,3,10,2018,14,33,10,554.40,23.78,954.96,494.90
007,1535,1955,2023,1721,,,3,10,2018,14,38,10,559.10,22.89,954.82,496.17
007,1523,1922,2007,1698,,,3,10,2018,14,43,10,557.10,24.42,954.81,496.22
007,1531,1913,2016,1687,,,3,10,2018,14,48,10,554.90,24.72,954.74,496.84
007,1543,1939,2035,1713,,,3,10,2018,14,53,10,562.30,25.79,954.65,497.61
007,1549,1968,2041,1739,,,3,10,2018,14,58,10,561.50,26.05,954.59,498.21
007,1479,1911,2008,1703,,,3,10,2018,15,3,10,558.20,25.59,954.50,498.97
007,1521,1932,2016,1720,,,3,10,2018,15,8,10,557.10,25.53,954.40,499.84
007,1475,1905,2003,1697,,,3,10,2018,15,13,10,554.00,27.15,954.49,499.07
007,1471,1867,1953,1641,,,3,10,2018,15,18,10,564.90,25.66,954.45,499.38
007,1484,1874,1966,1675,,,3,10,2018,15,23,10,560.70,26.19,954.38,499.99
007,1467,1875,1976,1644,,,3,10,2018,15,28,10,562.00,27.42,954.48,499.15
007,1447,1872,1959,1655,,,3,10,2018,15,33,10,553.70,27.19,954.30,500.69
007,1465,1881,1955,1666,,,3,10,2018,15,38,10,556.10,26.74,954.24,501.27
007,1480,1869,1996,1664,,,3,10,2018,15,43,10,554.10,28.90,954.22,501.41
007,1495,1905,1993,1696,,,3,10,2018,15,48,10,557.70,29.60,954.19,501.70
007,1508,1903,1993,1689,,,3,10,2018,15,53,10,551.50,30.21,954.23,501.36
007,1513,1899,2000,1701,,,3,10,2018,15,58,10,558.90,29.75,954.18,501.73
007,1597,2036,2157,1819,,,3,10,2018,16,3,10,559.50,28.87,954.09,502.55
007,1614,2077,2191,1847,,,3,10,2018,16,8,10,559.90,29.81,954.11,502.39
007,1571,2001,2126,1795,,,3,10,2018,16,13,10,558.10,30.05,954.10,502.45
007,1561,1999,2115,1797,,,3,10,2018,16,18,10,558.50,29.53,953.93,503.97
007,1593,2043,2149,1796,,,3,10,2018,16,23,10,561.60,28.07,953.76,505.44
007,1478,2041,2123,1815,,,3,10,2018,16,28,10,553.90,28.12,953.60,506.85
007,1577,1990,2108,1773,,,3,10,2018,16,33,10,557.20,29.18,953.61,506.77
007,1537,1948,2060,1737,,,3,10,2018,16,38,10,555.00,27.99,953.60,506.80
007,1524,1931,2027,1707,,,3,10,2018,16,43,10,522.70,28.85,953.52,507.52
007,1523,1941,2028,1711,,,3,10,2018,16,48,10,545.40,29.52,953.49,507.81
007,1497,1926,2019,1683,,,3,10,2018,16,53,10,548.50,29.84,953.42,508.39
007,1497,1888,1968,1688,,,3,10,2018,16,58,10,548.10,28.21,953.31,509.41
007,1512,1895,2018,1703,,,3,10,2018,17,3,10,550.70,29.29,953.33,509.19
007,1463,1859,1958,1635,,,3,10,2018,17,8,10,559.60,29.00,953.15,510.74
007,1436,1836,1931,1622,,,3,10,2018,17,13,10,555.50,29.10,953.06,511.54
007,1434,1872,1958,1638,,,3,10,2018,17,18,10,563.30,30.44,953.10,511.21
007,1452,1817,1924,1619,,,3,10,2018,17,23,10,563.80,32.21,953.01,512.02
007,1453,1817,1929,1615,,,3,10,2018,17,28,10,560.70,32.71,952.91,512.83
007,1451,1809,1907,1615,,,3,10,2018,17,33,10,563.80,33.53,952.87,513.19
007,1378,1747,1826,1544,,,3,10,2018,17,38,10,554.00,31.54,952.77,514.10
007,1376,1731,1766,1511,,,3,10,2018,17,43,10,561.20,31.68,952.78,514.03
007,1355,1679,1753,1487,,,3,10,2018,17,48,10,553.70,33.73,952.72,514.52
007,1219,1563,1630,1372,,,3,10,2018,17,53,10,557.60,32.36,952.54,516.10
007,1223,1547,1619,1355,,,3,10,2018,17,58,10,552.70,31.80,952.56,515.92
007,1251,1563,1588,1367,,,3,10,2018,18,3,10,546.30,30.60,952.52,516.24
007,1303,1651,1703,1447,,,3,10,2018,18,8,10,551.80,31.34,952.41,517.21
007,1328,1675,1747,1481,,,3,10,2018,18,13,10,552.70,30.65,952.30,518.22
007,1387,1803,1899,1604,,,3,10,2018,18,18,10,553.80,28.71,952.29,518.26
007,1443,1848,1952,1651,,,3,10,2018,18,23,10,549.80,29.00,952.14,519.58
007,1559,1971,2051,1731,,,3,10,2018,18,28,10,550.60,28.16,952.18,519.21
007,1545,1961,2047,1719,,,3,10,2018,18,33,10,552.40,28.34,952.10,519.98
007,1529,1923,2019,1703,,,3,10,2018,18,38,10,554.20,27.88,952.13,519.73
007,1547,1959,2055,1726,,,3,10,2018,18,43,10,550.60,27.27,952.03,520.58
007,1535,1944,2046,1730,,,3,10,2018,18,48,10,555.40,27.20,952.05,520.41
007,1535,1953,2035,1715,,,3,10,2018,18,53,10,552.70,29.65,952.10,519.95
007,1547,1931,2033,1729,,,3,10,2018,18,58,10,553.60,29.50,952.07,520.26
007,1488,1875,1966,1649,,,3,10,2018,19,3,10,555.30,28.93,952.01,520.75
007,1511,1923,2005,1699,,,3,10,2018,19,8,10,556.40,30.28,952.03,520.54
007,1513,1875,1971,1659,,,3,10,2018,19,13,10,553.00,27.94,951.98,521.03
007,1488,1893,1955,1635,,,3,10,2018,19,18,10,554.60,29.03,951.88,521.87
007,1463,1838,1932,1615,,,3,10,2018,19,23,10,555.20,28.86,951.88,521.88
007,1456,1831,1891,1598,,,3,10,2018,19,28,10,552.10,30.34,951.83,522.31
007,1441,1803,1854,1580,,,3,10,2018,19,33,10,557.20,31.67,951.84,522.26
007,1413,1783,1856,1555,,,3,10,2018,19,38,10,556.40,31.92,951.84,522.21
007,1395,1774,1835,1559,,,3,10,2018,19,43,10,553.00,29.96,951.83,522.31
007,1335,1687,1746,1494,,,3,10,2018,19,48,10,559.00,30.74,951.77,522.87
007,1278,1619,1683,1415,,,3,10,2018,19,53,10,553.90,29.78,951.72,523.29
007,1287,1587,1682,1385,,,3,10,2018,19,58,10,547.70,31.25,951.70,523.43
007,1239,1600,1649,1384,,,3,10,2018,20,3,10,545.50,29.11,951.73,523.20
007,1231,1555,1615,1362,,,3,10,2018,20,8,10,543.60,28.42,951.70,523.42
007,1191,1507,1580,1313,,,3,10,2018,20,13,10,549.00,27.89,951.63,524.07
007,1243,1564,1602,1370,,,3,10,2018,20,18,10,546.60,27.81,951.59,524.44
007,1175,1475,1519,1291,,,3,10,2018,20,23,10,547.50,28.02,951.68,523.66
007,1150,1415,1519,1287,,,3,10,2018,20,28,10,546.30,27.23,951.54,524.84
007,1149,1383,1384,1232,,,3,10,2018,20,33,10,544.00,27.83,951.52,525.03
007,1099,1368,1432,972,,,3,10,2018,20,38,10,551.20,27.73,951.57,524.56
007,1087,1321,1377,1152,,,3,10,2018,20,43,10,552.00,27.37,951.50,525.20
007,987,1265,1319,1105,,,3,10,2018,20,48,10,545.80,27.18,951.51,525.09
007,981,1239,1267,1073,,,3,10,2018,20,53,10,547.60,27.58,951.52,525.00
007,945,1186,1232,1019,,,3,10,2018,20,58,10,545.70,28.06,951.54,524.84
007,910,1159,1185,967,,,3,10,2018,21,3,10,555.40,27.72,951.51,525.10
007,844,1075,1111,932,,,3,10,2018,21,8,10,551.40,28.30,951.51,525.09
007,798,1009,1035,852,,,3,10,2018,21,13,10,546.60,28.42,951.55,524.74
007,772,963,1007,827,,,3,10,2018,21,18,10,545.80,28.14,951.49,525.30
007,702,883,931,775,,,3,10,2018,21,23,10,550.40,26.41,951.36,526.48
007,657,811,839,668,,,3,10,2018,21,28,10,559.20,25.65,951.36,526.43
007,611,771,776,647,,,3,10,2018,21,33,10,554.60,25.71,951.35,526.49
007,557,679,697,591,,,3,10,2018,21,38,10,559.60,26.15,951.42,525.94
007,395,523,595,422,,,3,10,2018,21,43,10,556.40,25.67,951.42,525.88
007,18,7,14,7,,,3,10,2018,21,48,10,557.60,25.46,951.48,525.35
007,15,7,14,7,,,3,10,2018,21,53,10,554.20,25.02,951.45,525.69
007,16,7,16,7,,,3,10,2018,21,58,10,556.70,24.65,951.45,525.65
007,16,7,12,7,,,3,10,2018,22,3,10,553.40,24.17,951.53,524.92
007,128,183,223,201,,,3,10,2018,22,8,10,552.10,23.71,951.62,524.18
007,85,150,155,106,,,3,10,2018,22,13,10,557.20,23.34,951.64,523.97
007,47,33,53,36,,,4,10,2018,10,58,10,556.80,10.39,949.83,539.86
007,100,85,102,62,,,4,10,2018,11,3,10,558.70,10.60,949.87,539.47
007,52,46,43,18,,,4,10,2018,11,8,10,565.50,10.87,949.90,539.26
007,86,78,90,95,,,4,10,2018,11,13,10,558.40,11.04,949.92,539.03
007,93,86,95,89,,,4,10,2018,11,18,10,558.80,11.32,950.00,538.36
007,235,288,261,218,,,4,10,2018,11,23,10,557.10,12.01,950.14,537.13
007,197,231,190,167,,,4,10,2018,11,28,10,555.80,12.58,950.25,536.17
007,328,448,394,343,,,4,10,2018,11,33,10,556.90,13.07,950.16,536.98
007,367,391,386,359,,,4,10,2018,11,38,10,558.20,13.80,950.29,535.81
007,414,504,519,398,,,4,10,2018,11,43,10,556.70,14.55,950.39,534.97
007,352,423,410,326,,,4,10,2018,11,48,10,561.00,15.47,950.56,533.45
007,577,727,723,620,,,4,10,2018,11,53,10,551.60,16.63,950.58,533.32
007,467,643,606,542,,,4,10,2018,11,58,10,548.70,17.98,950.69,532.30
007,511,628,615,531,,,4,10,2018,12,3,10,560.60,18.64,950.80,531.32
007,455,547,554,497,,,4,10,2018,12,8,10,561.00,18.62,950.79,531.40
007,547,631,643,564,,,4,10,2018,12,13,10,558.40,19.33,950.99,529.70
007,515,647,616,535,,,4,10,2018,12,18,10,552.90,20.21,951.00,529.62
007,477,599,600,506,,,4,10,2018,12,23,10,550.80,20.65,951.07,529.02
007,641,779,803,654,,,4,10,2018,12,28,10,552.30,20.74,951.11,528.62
007,645,879,905,762,,,4,10,2018,12,33,10,555.00,21.25,951.27,527.26
007,573,715,735,592,,,4,10,2018,12,38,10,553.10,21.30,951.25,527.39
007,758,912,987,835,,,4,10,2018,12,43,10,559.10,22.23,951.39,526.18
007,679,830,812,691,,,4,10,2018,12,48,10,558.60,22.74,951.39,526.17
007,759,796,675,779,,,4,10,2018,12,53,10,555.70,22.83,951.51,525.14
007,745,929,941,805,,,4,10,2018,12,58,10,552.20,23.01,951.45,525.69
007,721,928,951,795,,,4,10,2018,13,3,10,565.80,24.05,951.51,525.10
007,659,743,823,710,,,4,10,2018,13,8,10,548.20,24.39,951.43,525.79
007,679,821,814,763,,,4,10,2018,13,13,10,547.30,24.77,951.38,526.24
007,636,742,802,662,,,4,10,2018,13,18,10,545.10,25.31,951.36,526.41
007,727,935,924,771,,,4,10,2018,13,23,10,545.00,26.34,951.44,525.73
007,819,941,921,832,,,4,10,2018,13,28,10,554.80,26.44,951.50,525.24
007,737,881,897,739,,,4,10,2018,13,33,10,548.40,25.26,951.56,524.67
007,657,763,801,679,,,4,10,2018,13,38,10,549.50,26.33,951.54,524.86
007,543,643,686,578,,,4,10,2018,13,43,10,554.60,26.70,951.54,524.84
007,573,656,683,579,,,4,10,2018,13,48,10,554.80,26.99,951.53,524.91
007,642,717,739,584,,,4,10,2018,13,53,10,552.60,26.54,951.55,524.77
007,649,757,767,630,,,4,10,2018,13,58,10,555.00,26.56,951.50,525.21
007,641,763,827,678,,,4,10,2018,14,3,10,558.60,27.46,951.61,524.27
007,570,768,805,667,,,4,10,2018,14,8,10,557.50,28.77,951.65,523.93
007,703,858,886,678,,,4,10,2018,14,13,10,555.30,28.92,951.73,523.23
007,775,916,957,814,,,4,10,2018,14,18,10,552.50,29.33,951.76,522.93
007,683,749,775,744,,,4,10,2018,14,23,10,557.00,29.36,951.78,522.72
007,853,1035,1089,907,,,4,10,2018,14,28,10,546.00,29.94,951.80,522.58
007,811,943,1002,884,,,4,10,2018,14,33,10,551.50,29.65,951.69,523.52
007,639,769,803,653,,,4,10,2018,14,38,10,551.90,30.94,951.65,523.90
007,649,761,839,673,,,4,10,2018,14,43,10,555.70,30.37,951.60,524.36
007,648,832,849,711,,,4,10,2018,14,48,10,555.20,31.35,951.56,524.70
007,686,830,849,705,,,4,10,2018,14,53,10,563.60,32.98,951.58,524.49
007,815,983,1063,887,,,4,10,2018,14,58,10,555.30,32.58,951.55,524.76
007,553,679,740,659,,,4,10,2018,15,3,10,553.70,31.77,951.51,525.11
007,479,601,631,499,,,4,10,2018,15,8,10,560.60,32.44,951.54,524.86
007,465,553,551,445,,,4,10,2018,15,13,10,570.30,32.99,951.54,524.90
007,545,658,731,606,,,4,10,2018,15,18,10,559.50,34.52,951.49,525.31
007,488,593,611,492,,,4,10,2018,15,23,10,559.70,33.21,951.45,525.65
007,468,577,616,492,,,4,10,2018,15,28,10,554.90,31.73,951.36,526.47
007,544,624,627,555,,,4,10,2018,15,33,10,560.40,31.50,951.41,526.02
007,915,1168,1227,1025,,,4,10,2018,15,38,10,556.60,31.11,951.21,527.79
007,809,987,1041,927,,,4,10,2018,15,43,10,560.00,29.71,951.20,527.83
007,830,1141,1152,1000,,,4,10,2018,15,48,10,560.40,30.41,951.13,528.43
007,898,1139,1160,979,,,4,10,2018,15,53,10,563.30,31.36,951.08,528.86
007,1079,1334,1411,1182,,,4,10,2018,15,58,10,558.90,31.59,951.02,529.45
007,1073,1383,1482,1231,,,4,10,2018,16,3,10,560.70,30.34,951.06,529.07
007,1184,1521,1582,1370,,,4,10,2018,16,8,10,556.90,32.05,951.07,529.03
007,1144,1448,1561,1346,,,4,10,2018,16,13,10,562.00,30.33,951.01,529.48
007,1153,1585,1691,1442,,,4,10,2018,16,18,10,562.40,31.24,951.01,529.47
007,1063,1377,1463,1236,,,4,10,2018,16,23,10,560.70,31.91,950.93,530.23
007,1104,1446,1497,1248,,,4,10,2018,16,28,10,557.30,31.50,950.97,529.88
007,1231,1577,1649,1385,,,4,10,2018,16,33,10,560.60,31.25,950.96,529.91
007,1171,1601,1699,1416,,,4,10,2018,16,38,10,555.10,31.77,950.97,529.86
007,1329,1763,1903,1602,,,4,10,2018,16,43,10,550.10,32.67,950.98,529.76
007,1260,1648,1803,1511,,,4,10,2018,16,48,10,559.60,34.10,950.95,530.05
007,1256,1659,1772,1491,,,4,10,2018,16,53,10,556.80,33.87,950.94,530.13
007,1396,1753,1847,1507,,,4,10,2018,16,58,10,554.80,32.05,950.80,531.37
007,508,636,668,483,,,4,10,2018,17,3,10,559.60,32.28,950.87,530.70
007,214,235,300,332,,,4,10,2018,17,8,10,557.40,30.89,950.71,532.17
007,661,569,558,346,,,4,10,2018,17,13,10,562.70,29.74,950.72,532.05
007,757,808,883,858,,,4,10,2018,17,18,10,567.40,29.71,950.67,532.46
007,779,1012,1147,947,,,4,10,2018,17,23,10,561.40,31.44,950.71,532.11
007,1046,1341,1442,1096,,,4,10,2018,17,28,10,561.50,32.58,950.64,532.71
007,780,844,969,749,,,4,10,2018,17,33,10,568.30,31.58,950.57,533.38
007,1186,1073,983,887,,,4,10,2018,17,38,10,552.70,31.06,950.65,532.63
007,1434,1790,1953,1608,,,4,10,2018,17,43,10,556.30,30.02,950.61,533.00
007,35,32,36,24,,,4,10,2018,17,48,10,555.10,28.79,950.53,533.67
007,1403,1672,1687,1608,,,4,10,2018,17,53,10,555.70,29.44,950.52,533.78
007,544,731,743,558,,,4,10,2018,17,58,10,557.80,28.35,950.55,533.52
007,789,976,1111,930,,,4,10,2018,18,3,10,549.40,29.10,950.51,533.90
007,1552,1896,2042,1751,,,4,10,2018,18,8,10,553.60,28.55,950.50,533.99
007,1478,1898,1982,1703,,,4,10,2018,18,13,10,559.50,30.32,950.55,533.51
007,621,774,844,941,,,4,10,2018,18,18,10,557.10,28.56,950.36,535.18
007,1485,1858,1944,1615,,,4,10,2018,18,23,10,557.70,27.88,950.37,535.11
007,1504,1889,2012,1628,,,4,10,2018,18,28,10,553.90,29.50,950.42,534.71
007,1023,1237,1281,1084,,,4,10,2018,18,33,10,555.90,28.17,950.35,535.29
007,337,444,431,363,,,4,10,2018,18,38,10,558.50,27.04,950.35,535.29
007,1171,1609,1763,1459,,,4,10,2018,18,43,10,555.60,29.49,950.48,534.17
007,880,1152,1167,936,,,4,10,2018,18,48,10,553.20,29.54,950.51,533.88
007,1090,1367,1518,1219,,,4,10,2018,18,53,10,555.20,28.42,950.42,534.72
007,1148,1531,1538,1307,,,4,10,2018,18,58,10,555.10,29.05,950.32,535.57
007,1161,1412,1571,1361,,,4,10,2018,19,3,10,554.90,27.54,950.46,534.29
007,825,1012,1040,994,,,4,10,2018,19,8,10,556.90,27.28,950.57,533.34
007,832,1035,1159,951,,,4,10,2018,19,13,10,560.30,28.05,950.57,533.40
007,1142,1405,1497,1272,,,4,10,2018,19,18,10,556.00,29.75,950.55,533.51
007,1283,1687,1721,1422,,,4,10,2018,19,23,10,558.90,27.63,950.46,534.29
007,1367,1683,1816,1468,,,4,10,2018,19,28,10,550.90,27.09,950.49,534.08
007,1345,1673,1731,1455,,,4,10,2018,19,33,10,563.10,26.88,950.51,533.92
007,761,1073,1057,947,,,4,10,2018,19,38,10,559.30,26.29,950.24,536.26
007,1104,1401,1506,1201,,,4,10,2018,19,43,10,569.20,27.47,950.44,534.53
007,1175,1455,1547,1312,,,4,10,2018,19,48,10,565.40,27.55,950.50,533.97
007,1297,1623,1714,1411,,,4,10,2018,19,53,10,551.30,27.39,950.65,532.70
007,1289,1602,1639,1422,,,4,10,2018,19,58,10,544.40,27.88,950.60,533.14
007,1249,1571,1635,1347,,,4,10,2018,20,3,10,549.10,26.87,950.57,533.39
007,1185,1479,1570,1283,,,4,10,2018,20,8,10,546.20,25.82,950.72,532.06
007,1121,1427,1499,1246,,,4,10,2018,20,13,10,551.10,25.34,950.72,532.01
007,1057,1340,1387,1207,,,4,10,2018,20,18,10,552.00,25.86,950.74,531.90
007,1042,1299,1308,1152,,,4,10,2018,20,23,10,543.70,26.43,950.83,531.09
007,1006,1251,1304,1088,,,4,10,2018,20,28,10,537.50,25.23,950.74,531.88
007,897,1111,1175,971,,,4,10,2018,20,33,10,547.30,25.67,950.77,531.62
007,891,1139,1126,921,,,4,10,2018,20,38,10,544.30,25.02,950.83,531.11
007,869,1083,1139,913,,,4,10,2018,20,43,10,551.70,25.05,950.96,529.90
007,801,985,1013,849,,,4,10,2018,20,48,10,547.40,25.61,950.98,529.75
007,779,979,1000,839,,,4,10,2018,20,53,10,551.00,25.48,950.98,529.77
007,757,947,959,802,,,4,10,2018,20,58,10,553.50,25.79,951.08,528.89
007,704,817,893,707,,,4,10,2018,21,3,10,550.30,24.68,951.17,528.14
007,603,763,782,583,,,4,10,2018,21,8,10,542.20,23.50,951.19,527.95
007,583,711,664,599,,,4,10,2018,21,13,10,549.40,23.23,951.14,528.34
007,464,627,583,494,,,4,10,2018,21,18,10,548.90,22.69,951.08,528.87
007,378,414,431,373,,,4,10,2018,21,23,10,549.90,22.40,951.29,527.09
007,227,290,294,230,,,4,10,2018,21,28,10,550.80,21.69,951.28,527.10
007,121,179,174,153,,,4,10,2018,21,33,10,554.20,21.46,951.30,526.96
007,26,13,15,8,,,4,10,2018,21,38,10,555.10,21.40,951.27,527.27
007,56,27,28,10,,,4,10,2018,21,43,10,560.10,21.29,951.33,526.71
007,15,7,13,7,,,4,10,2018,21,48,10,554.90,20.93,951.41,525.99
007,17,7,18,7,,,4,10,2018,21,53,10,560.70,20.72,951.55,524.77
007,20,7,21,7,,,4,10,2018,21,58,10,556.30,20.15,951.64,524.00
007,12,3584,15,3072,,,4,10,2018,22,3,10,556.70,19.69,951.59,524.39
007,13,3584,15,3073,,,4,10,2018,22,8,10,558.00,19.36,951.66,523.85
007,15,3584,15,3073,,,4,10,2018,22,13,10,555.70,18.96,951.73,523.23
007,21,9,30,9,,,5,10,2018,10,53,10,564.80,8.43,953.09,511.27
007,20,9,31,9,,,5,10,2018,10,58,10,557.70,8.57,953.06,511.58
007,21,3584,36,3072,,,5,10,2018,11,3,10,556.90,8.74,953.08,511.39
007,4095,4095,4095,4095,,,5,10,2018,11,23,10,558.30, NAN, NAN, NAN
007,4095,4095,4095,4095,,,5,10,2018,11,28,10,554.00,10.23,953.34,509.09
007,4095,4095,4095,4095,,,5,10,2018,11,33,10,557.00,,,
007,0,0,0,0,,,5,10,2018,11,38,10,560.40,,,
007,0,0,0,0,,,5,10,2018,11,43,10,551.70,,,
007,0,0,0,0,,,5,10,2018,11,48,10,550.90,,,
007,4095,4095,4095,4095,,,5,10,2018,11,53,10,552.50,,,
007,4095,4095,4095,4095,,,5,10,2018,11,58,10,566.90,,,
007,4095,4095,4095,4095,,,5,10,2018,12,3,10,550.40,,,
007,4095,4095,4095,4095,,,5,10,2018,12,8,10,559.60,,,
007,4095,4095,4095,4095,,,5,10,2018,12,13,10,563.70,,,
007,4095,4095,4095,4095,,,5,10,2018,12,18,10,549.30,,,
007,4095,4095,4095,4095,,,5,10,2018,12,23,10,549.40,,,
007,4095,4095,4095,4095,,,5,10,2018,12,28,10,551.30,,,
007,4095,4095,4095,4095,,,5,10,2018,12,33,10,555.70,,,
007,4095,4095,4095,4095,,,5,10,2018,12,38,10,559.20,,,
007,4095,4095,4095,4095,,,5,10,2018,12,43,10,555.50,,,
007,4095,4095,4095,4095,,,5,10,2018,12,48,10,555.40,,,
007,4095,4095,4095,4095,,,5,10,2018,12,53,10,555.80,,,
007,4095,4095,4095,4095,,,5,10,2018,12,58,10,556.20,,,
007,4095,4095,4095,4095,,,5,10,2018,13,3,10,556.10,,,
007,4095,4095,4095,4095,,,5,10,2018,13,8,10,556.20,,,
007,4095,4095,4095,4095,,,5,10,2018,13,13,10,557.60,,,
007,4095,4095,4095,4095,,,5,10,2018,13,18,10,553.00,,,
007,4095,4095,4095,4095,,,5,10,2018,13,23,10,558.50,,,
007,4095,4095,4095,4095,,,5,10,2018,13,28,10,554.30,,,
007,4095,4095,4095,4095,,,5,10,2018,13,33,10,553.50,,,
007,4095,4095,4095,4095,,,5,10,2018,13,38,10,563.10,,,
007,4095,4095,4095,4095,,,5,10,2018,13,43,10,559.00,,,
007,4095,4095,4095,4095,,,5,10,2018,13,48,10,553.90,,,
007,4095,4095,4095,4095,,,5,10,2018,13,53,10,559.40,,,
007,4095,4095,4095,4095,,,5,10,2018,13,58,10,559.70,,,
007,4095,4095,4095,4095,,,5,10,2018,14,3,10,560.70,,,
007,4095,4095,4095,4095,,,5,10,2018,14,8,10,553.90,,,
007,4095,4095,4095,4095,,,5,10,2018,14,13,10,557.20,,,
007,4095,4095,4095,4095,,,5,10,2018,14,18,10,558.90,,,
007,4095,4095,4095,4095,,,5,10,2018,14,23,10,556.70,,,
007,4095,4095,4095,4095,,,5,10,2018,14,28,10,561.40,,,
007,4095,4095,4095,4095,,,5,10,2018,14,33,10,550.70,,,
007,4095,4095,4095,4095,,,5,10,2018,14,38,10,564.30,,,
007,4095,4095,4095,4095,,,5,10,2018,14,43,10,555.40,,,
007,4095,4095,4095,4095,,,5,10,2018,14,48,10,574.20,,,
007,4095,4095,4095,4095,,,5,10,2018,14,53,10,560.50,,,
007,4095,4095,4095,4095,,,5,10,2018,14,58,10,555.70,,,
007,4095,4095,4095,4095,,,5,10,2018,15,3,10,565.90,,,
007,4095,4095,4095,4095,,,5,10,2018,15,8,10,560.90,,,
007,4095,4095,4095,4095,,,5,10,2018,15,13,10,568.70,,,
007,4095,4095,4095,4095,,,5,10,2018,15,18,10,566.60,,,
007,4095,4095,4095,4095,,,5,10,2018,15,23,10,564.30,,,
007,4095,4095,4095,4095,,,5,10,2018,15,28,10,560.90,,,
007,4095,4095,4095,4095,,,5,10,2018,15,33,10,553.60,,,
007,4095,4095,4095,4095,,,5,10,2018,15,38,10,564.20,,,
007,4095,4095,4095,4095,,,5,10,2018,15,43,10,559.70,,,
007,4095,4095,4095,4095,,,5,10,2018,15,48,10,564.70,,,
007,4095,4095,4095,4095,,,5,10,2018,15,53,10,565.80,,,
007,4095,4095,4095,4095,,,5,10,2018,15,58,10,562.20,,,
007,4095,4095,4095,4095,,,5,10,2018,16,3,10,558.00,,,
007,4095,4095,4095,4095,,,5,10,2018,16,8,10,553.50,,,
007,4095,4095,4095,4095,,,5,10,2018,16,13,10,558.30,,,
007,4095,4095,4095,4095,,,5,10,2018,16,18,10,559.50,,,
007,4095,4095,4095,4095,,,5,10,2018,16,23,10,558.80,,,
007,4095,4095,4095,4095,,,5,10,2018,16,28,10,578.00,,,
007,4095,4095,4095,4095,,,5,10,2018,16,33,10,553.50,,,
007,4095,4095,4095,4095,,,5,10,2018,16,38,10,553.60,,,
007,4095,4095,4095,4095,,,5,10,2018,16,43,10,556.40,,,
007,4095,4095,4095,4095,,,5,10,2018,16,48,10,553.70,,,
007,4095,4095,4095,4095,,,5,10,2018,16,53,10,560.10,,,
007,4095,4095,4095,4095,,,5,10,2018,16,58,10,559.60,,,
007,4095,4095,4095,4095,,,5,10,2018,17,3,10,566.90,,,
007,4095,4095,4095,4095,,,5,10,2018,17,8,10,564.60,,,
007,4095,4095,4095,4095,,,5,10,2018,17,13,10,564.50,,,
007,4095,4095,4095,4095,,,5,10,2018,17,18,10,566.40,,,
007,4095,4095,4095,4095,,,5,10,2018,17,23,10,566.40,,,
007,4095,4095,4095,4095,,,5,10,2018,17,28,10,567.80,,,
007,1694,2083,2142,1800,,,5,10,2018,17,33,10,573.90,26.26,952.16,519.46
007,1545,1939,2022,1723,,,5,10,2018,17,38,10,560.00,25.60,952.17,519.35
007,1593,1986,2088,1767,,,5,10,2018,17,43,10,560.70,27.01,952.21,518.96
007,1617,2083,2167,1766,,,5,10,2018,17,48,10,555.60,26.87,952.21,519.00
007,1569,1991,2089,1730,,,5,10,2018,17,53,10,553.90,26.60,952.17,519.32
007,1569,1985,2063,1748,,,5,10,2018,17,58,10,547.20,26.14,952.34,517.89
007,1495,1875,1936,1635,,,5,10,2018,18,3,10,557.70,25.79,952.26,518.59
007,1520,1891,1975,1666,,,5,10,2018,18,8,10,554.80,25.93,952.29,518.27
007,1504,1907,1993,1649,,,5,10,2018,18,13,10,552.40,25.34,952.29,518.30
007,1459,1843,1934,1619,,,5,10,2018,18,18,10,552.30,24.17,952.27,518.51
007,1401,1744,1852,1580,,,5,10,2018,18,23,10,554.50,24.13,952.33,517.91
007,1179,1428,1502,1115,,,5,10,2018,18,28,10,556.30,23.61,952.26,518.56
007,913,1080,1129,924,,,5,10,2018,18,33,10,555.50,24.53,952.30,518.17
007,1148,1431,1342,996,,,5,10,2018,18,38,10,550.40,24.22,952.28,518.39
007,1323,1681,1859,1574,,,5,10,2018,18,43,10,553.00,24.30,952.32,518.05
007,607,592,788,596,,,5,10,2018,18,48,10,555.30,23.12,952.29,518.28
007,668,508,528,578,,,5,10,2018,18,53,10,553.10,22.80,952.24,518.72
007,461,593,693,573,,,5,10,2018,18,58,10,556.00,23.06,952.35,517.79
007,1331,1715,1796,1527,,,5,10,2018,19,3,10,560.20,24.10,952.32,518.01
007,1329,1684,1750,1496,,,5,10,2018,19,8,10,552.40,24.57,952.16,519.40
007,1143,1475,1486,1195,,,5,10,2018,19,13,10,553.00,24.65,952.06,520.30
007,1297,1612,1704,1411,,,5,10,2018,19,18,10,555.30,23.34,952.27,518.50
007,1279,1622,1601,1408,,,5,10,2018,19,23,10,560.10,23.55,952.18,519.28
007,1287,1628,1659,1312,,,5,10,2018,19,28,10,557.50,23.91,952.34,517.83
007,1225,1553,1591,1340,,,5,10,2018,19,33,10,556.40,23.56,952.40,517.36
007,1213,1559,1632,1387,,,5,10,2018,19,38,10,551.40,23.02,952.32,518.01
007,1240,1575,1607,1363,,,5,10,2018,19,43,10,557.90,23.14,952.32,517.99
007,1251,1492,1639,1371,,,5,10,2018,19,48,10,562.30,22.34,952.42,517.18
007,1186,1506,1535,1309,,,5,10,2018,19,53,10,555.30,22.58,952.27,518.45
007,1171,1476,1521,1282,,,5,10,2018,19,58,10,553.30,22.79,952.43,517.03
007,1145,1435,1495,1277,,,5,10,2018,20,3,10,555.80,23.14,952.45,516.93
007,1079,1383,1443,1227,,,5,10,2018,20,8,10,549.60,23.65,952.53,516.18
007,1079,1341,1367,1186,,,5,10,2018,20,13,10,549.00,23.06,952.41,517.24
007,1063,1331,1375,1169,,,5,10,2018,20,18,10,547.90,23.39,952.62,515.36
007,1019,1288,1345,1139,,,5,10,2018,20,23,10,534.20,23.24,952.67,514.98
007,1011,1248,1283,1090,,,5,10,2018,20,28,10,554.30,23.12,952.54,516.12
007,919,1169,1204,1023,,,5,10,2018,20,33,10,554.30,23.52,952.61,515.48
007,891,1088,1166,972,,,5,10,2018,20,38,10,552.40,23.28,952.70,514.70
007,812,1044,1090,930,,,5,10,2018,20,43,10,551.50,23.53,952.74,514.33
007,795,1011,1008,881,,,5,10,2018,20,48,10,568.60,23.40,952.70,514.66
007,792,1009,1023,857,,,5,10,2018,20,53,10,532.00,23.19,952.86,513.29
007,712,891,920,811,,,5,10,2018,20,58,10,548.40,22.25,952.92,512.76
007,711,886,912,772,,,5,10,2018,21,3,10,547.30,22.51,953.06,511.53
007,647,814,827,689,,,5,10,2018,21,8,10,558.70,22.61,952.92,512.76
007,653,811,839,688,,,5,10,2018,21,13,10,550.50,22.44,953.01,512.00
007,603,746,777,627,,,5,10,2018,21,18,10,553.30,22.06,953.00,512.04
007,577,718,707,610,,,5,10,2018,21,23,9,555.20,21.92,953.03,511.81
007,535,672,683,572,,,5,10,2018,21,28,10,560.20,22.18,953.03,511.78
007,487,619,631,528,,,5,10,2018,21,33,10,560.40,21.49,953.04,511.72
