007,10,7,10,7,,,30,12,2018,19,14,40,641.90,26.67,941.99,608.86
007,1681,2159,2400,2043,,,30,12,2018,19,23,9,641.40,37.71,941.94,609.35
007,1624,2128,2366,1958,,,30,12,2018,19,28,9,646.80,41.18,941.99,608.83
007,1649,2105,2371,2016,,,30,12,2018,19,33,9,638.40,41.07,941.84,610.18
007,1659,2072,2329,1987,,,30,12,2018,19,38,9,653.10,42.99,941.75,610.96
007,1617,2081,2296,1945,,,30,12,2018,19,43,9,630.30,43.67,941.70,611.43
007,1601,1955,2008,1601,,,30,12,2018,19,48,9,649.50,42.50,941.62,612.14
007,15,10,18,10,,,30,12,2018,19,53,9,636.20,38.23,941.57,612.62
007,259,352,326,288,,,30,12,2018,23,6,18,634.40,28.16,940.27,624.07
007,187,246,229,202,,,30,12,2018,23,13,8,633.60,27.19,940.30,623.84
007,138,174,158,140,,,30,12,2018,23,18,8,631.20,26.69,940.30,623.84
007,21,20,36,17,,,31,12,2018,10,23,8,630.50,9.40,940.60,621.13
007,9,8,26,8,,,31,12,2018,10,28,8,635.70,10.51,940.63,620.90
007,41,59,54,34,,,31,12,2018,10,33,8,624.50,11.29,940.81,619.25
007,78,103,99,99,,,31,12,2018,10,38,8,632.90,12.10,940.83,619.15
007,323,415,394,364,,,31,12,2018,10,43,8,635.30,13.66,940.93,618.21
007,247,318,318,283,,,31,12,2018,10,48,8,634.90,15.28,941.02,617.42
007,247,356,331,314,,,31,12,2018,10,53,8,634.10,16.05,941.05,617.19
007,399,475,518,436,,,31,12,2018,10,58,8,637.50,17.25,941.10,616.71
007,551,729,736,654,,,31,12,2018,11,3,8,635.30,18.95,941.23,615.55
007,401,536,510,514,,,31,12,2018,11,8,8,642.40,20.40,941.23,615.57
007,687,879,855,766,,,31,12,2018,11,13,8,643.70,21.24,941.24,615.52
007,723,951,1022,833,,,31,12,2018,11,18,8,642.00,22.84,941.40,614.11
007,775,1021,1062,743,,,31,12,2018,11,23,8,637.30,24.39,941.45,613.65
007,822,1073,1143,994,,,31,12,2018,11,28,8,638.30,25.64,941.52,613.06
007,851,1121,1171,1001,,,31,12,2018,11,33,8,635.40,26.53,941.51,613.09
007,896,1155,1227,1080,,,31,12,2018,11,38,8,635.30,26.73,941.56,612.63
007,936,1199,1283,1127,,,31,12,2018,11,43,8,637.30,27.30,941.59,612.37
007,966,1225,1339,1089,,,31,12,2018,11,48,8,635.10,27.86,941.59,612.38
007,1009,1285,1352,1142,,,31,12,2018,11,53,8,637.20,28.31,941.58,612.52
007,1029,1318,1314,711,,,31,12,2018,11,58,8,639.80,28.60,941.60,612.34
007,1059,1174,1128,1267,,,31,12,2018,12,3,8,637.30,28.90,941.65,611.86
007,1089,1356,1500,1075,,,31,12,2018,12,8,8,637.10,29.45,941.71,611.35
007,1120,1406,1434,1383,,,31,12,2018,12,13,8,635.50,28.84,941.74,611.03
007,1187,1519,1493,1163,,,31,12,2018,12,18,8,633.10,29.14,941.72,611.29
007,1167,1486,1263,1356,,,31,12,2018,12,23,8,633.60,29.50,941.69,611.49
007,1184,1539,1649,1422,,,31,12,2018,12,28,8,635.40,29.35,941.73,611.12
007,1186,1321,1401,1440,,,31,12,2018,12,33,8,633.70,29.89,941.75,611.03
007,1207,1587,1682,1489,,,31,12,2018,12,38,8,635.00,29.90,941.77,610.84
007,1233,1561,1646,1483,,,31,12,2018,12,43,8,634.50,30.80,941.82,610.34
007,1267,1665,1783,1547,,,31,12,2018,12,48,8,636.70,31.66,941.85,610.09
007,1219,1675,1752,1553,,,31,12,2018,12,53,8,637.50,31.99,941.77,610.80
007,1303,1648,1811,1571,,,31,12,2018,12,58,8,636.90,32.18,941.80,610.54
007,1332,1731,1852,1604,,,31,12,2018,13,3,8,635.50,31.60,941.78,610.73
007,1347,1763,1875,1594,,,31,12,2018,13,8,8,637.10,31.96,941.75,610.97
007,1360,1783,1923,1681,,,31,12,2018,13,13,8,634.50,31.96,941.76,610.87
007,1383,1811,1896,1491,,,31,12,2018,13,18,8,636.30,32.67,941.80,610.54
007,1377,1548,1916,1579,,,31,12,2018,13,23,8,636.40,31.95,941.79,610.62
007,1395,1801,1936,1664,,,31,12,2018,13,28,8,635.80,32.62,941.83,610.24
007,1446,1841,2012,1730,,,31,12,2018,13,33,8,631.40,34.45,941.79,610.63
007,1472,1843,2025,1715,,,31,12,2018,13,38,8,632.10,34.53,941.82,610.41
007,1440,1863,2024,1731,,,31,12,2018,13,43,8,635.30,33.82,941.77,610.79
007,1499,1868,2073,1781,,,31,12,2018,13,48,8,636.50,33.67,941.75,610.95
007,1475,1891,2055,1752,,,31,12,2018,13,53,8,632.50,34.87,941.87,609.96
007,1440,1873,2035,1737,,,31,12,2018,13,58,8,631.60,34.33,941.89,609.74
007,1463,1883,2057,1731,,,31,12,2018,14,3,8,639.00,35.01,941.76,610.89
007,1426,1863,2020,1719,,,31,12,2018,14,8,8,641.10,34.60,941.89,609.73
007,1459,1878,2048,1721,,,31,12,2018,14,13,8,634.90,33.50,941.82,610.36
007,1500,1939,2044,1661,,,31,12,2018,14,18,8,642.60,34.62,941.86,610.05
007,1469,1907,2076,1745,,,31,12,2018,14,23,8,637.00,36.13,941.74,611.08
007,1409,1811,1990,1684,,,31,12,2018,14,28,8,637.10,36.69,941.70,611.39
007,1393,1826,1998,1713,,,31,12,2018,14,33,8,638.80,34.82,941.67,611.69
007,1484,1943,2115,1811,,,31,12,2018,14,38,8,632.30,34.31,941.69,611.53
007,1533,2003,2185,1888,,,31,12,2018,14,43,8,631.00,33.84,941.66,611.81
007,1587,2225,2428,1940,,,31,12,2018,14,48,8,630.70,34.17,941.65,611.89
007,1747,2136,2342,1991,,,31,12,2018,14,53,8,628.90,34.77,941.72,611.29
007,1681,2121,2311,1971,,,31,12,2018,14,58,8,630.40,35.98,941.69,611.54
007,1634,2128,2311,1981,,,31,12,2018,15,3,8,630.50,37.52,941.69,611.54
007,1632,2119,2321,1975,,,31,12,2018,15,8,8,625.50,37.59,941.67,611.73
007,1649,2153,2336,2000,,,31,12,2018,15,13,8,629.60,36.42,941.65,611.83
007,1678,2163,2364,2110,,,31,12,2018,15,18,8,630.90,37.27,941.70,611.46
007,1673,2176,2391,2033,,,31,12,2018,15,23,8,630.30,38.17,941.72,611.23
007,1676,2179,2374,2039,,,31,12,2018,15,28,8,634.50,37.29,941.71,611.32
007,1635,2193,2400,2051,,,31,12,2018,15,33,8,636.20,38.57,941.69,611.48
007,1705,2215,2434,2065,,,31,12,2018,15,38,8,635.60,37.53,941.56,612.65
007,1705,2261,2627,2068,,,31,12,2018,15,43,8,639.30,38.07,941.62,612.17
007,1689,2204,2425,2053,,,31,12,2018,15,48,8,633.30,37.96,941.60,612.30
007,1598,2185,2419,2080,,,31,12,2018,15,53,8,633.50,37.21,941.61,612.24
007,1691,2208,2422,2067,,,31,12,2018,15,58,8,630.40,38.70,941.53,612.94
007,1637,2227,2443,2064,,,31,12,2018,16,3,8,636.00,38.95,941.49,613.29
007,1319,2193,2400,2082,,,31,12,2018,16,8,8,627.50,38.63,941.41,614.01
007,1515,2204,2408,2087,,,31,12,2018,16,13,8,628.10,39.19,941.33,614.73
007,1697,2216,2417,2083,,,31,12,2018,16,18,8,630.10,40.25,941.33,614.68
007,1799,2208,2435,2083,,,31,12,2018,16,23,8,629.70,39.77,941.26,615.36
007,1233,2163,2427,2087,,,31,12,2018,16,28,8,629.70,40.80,941.32,614.76
007,1252,2216,2467,2100,,,31,12,2018,16,33,8,632.90,39.78,941.27,615.26
007,1610,2127,2453,2108,,,31,12,2018,16,38,8,630.10,38.87,941.24,615.53
007,1293,2201,2503,2097,,,31,12,2018,16,43,8,631.40,37.98,941.27,615.26
007,1623,2017,2466,2104,,,31,12,2018,16,48,8,633.00,37.98,941.14,616.34
007,1276,2105,2456,2112,,,31,12,2018,16,53,8,631.70,38.19,941.25,615.44
007,1157,2147,2479,2124,,,31,12,2018,16,58,8,631.80,38.79,941.15,616.26
007,1809,2259,2488,2144,,,31,12,2018,17,3,8,633.80,39.98,941.10,616.76
007,1679,2256,2500,2115,,,31,12,2018,17,8,8,628.90,38.34,941.13,616.43
007,1627,2274,2547,2116,,,31,12,2018,17,13,8,632.20,38.50,941.12,616.55
007,1753,2268,2489,2126,,,31,12,2018,17,18,8,630.70,37.50,941.11,616.68
007,1739,2286,2497,2129,,,31,12,2018,17,23,8,633.90,38.65,941.07,617.01
007,1758,2264,2503,2124,,,31,12,2018,17,28,8,631.00,39.04,941.10,616.72
007,1732,2274,2471,2124,,,31,12,2018,17,33,8,632.40,38.73,941.11,616.62
007,1712,2256,2473,2104,,,31,12,2018,17,38,8,632.80,39.53,941.03,617.33
007,1739,2256,2473,2118,,,31,12,2018,17,43,8,634.70,39.14,941.03,617.39
007,1743,2257,2468,2103,,,31,12,2018,17,48,8,631.80,39.19,941.07,616.96
007,1760,2275,2491,2115,,,31,12,2018,17,53,8,629.40,38.01,941.07,616.98
007,1760,2259,2468,2102,,,31,12,2018,17,58,8,630.80,37.72,941.07,617.01
007,1736,2255,2455,2102,,,31,12,2018,18,3,8,631.80,38.73,941.12,616.59
007,1731,2249,2464,2143,,,31,12,2018,18,8,8,632.60,38.58,941.04,617.27
007,1723,2227,2466,2081,,,31,12,2018,18,13,8,627.80,39.35,941.05,617.14
007,1747,2247,2466,2095,,,31,12,2018,18,18,8,628.30,39.48,941.05,617.21
007,1727,2256,2476,2087,,,31,12,2018,18,23,8,628.80,38.67,940.93,618.19
007,1723,2211,2443,2064,,,31,12,2018,18,28,8,627.20,39.38,940.93,618.26
007,1730,2227,2431,2072,,,31,12,2018,18,33,8,627.40,38.95,940.75,619.80
007,1744,2224,2423,2072,,,31,12,2018,18,38,8,628.90,37.97,940.79,619.50
007,1752,2240,2439,2070,,,31,12,2018,18,43,8,624.70,38.41,940.73,620.01
007,1702,2179,2409,2063,,,31,12,2018,18,48,8,626.00,38.95,940.68,620.41
007,1698,2183,2419,2047,,,31,12,2018,18,53,8,630.70,39.02,940.60,621.13
007,1692,2195,2387,2047,,,31,12,2018,18,58,8,640.20,38.17,940.61,621.10
007,1713,2188,2391,2038,,,31,12,2018,19,3,8,637.70,38.07,940.52,621.86
007,1697,2151,2368,2017,,,31,12,2018,19,8,8,641.80,38.51,940.44,622.59
007,1704,2223,2428,2023,,,31,12,2018,19,13,8,635.20,39.04,940.32,623.63
007,1651,2144,2363,1985,,,31,12,2018,19,18,8,633.20,38.67,940.20,624.70
007,1662,2136,2358,2001,,,31,12,2018,19,23,8,636.00,37.50,940.12,625.36
007,1643,2129,2347,1984,,,31,12,2018,19,28,8,642.80,37.04,940.09,625.63
007,1649,2105,2313,1991,,,31,12,2018,19,33,8,635.70,38.00,940.01,626.34
007,1592,2057,2292,1940,,,31,12,2018,19,38,8,638.20,38.99,939.98,626.66
007,1585,2065,2275,1935,,,31,12,2018,19,43,8,633.70,38.95,939.90,627.33
007,1571,2035,2227,1865,,,31,12,2018,19,48,8,635.00,38.54,939.87,627.58
007,1561,2039,2225,1840,,,31,12,2018,19,53,8,633.50,38.07,939.83,627.93
007,1553,2001,2200,1862,,,31,12,2018,19,58,8,633.40,37.37,939.71,629.07
007,1513,1936,2161,1843,,,31,12,2018,20,3,8,633.50,37.27,939.58,630.15
007,1533,1955,2158,1815,,,31,12,2018,20,8,8,634.60,37.35,939.54,630.52
007,1504,1952,2028,1811,,,31,12,2018,20,13,8,633.60,36.77,939.48,631.09
007,1375,1888,2057,1801,,,31,12,2018,20,18,8,634.90,36.41,939.38,631.97
007,1465,1888,1857,1776,,,31,12,2018,20,23,8,632.10,36.06,939.42,631.59
007,1447,1833,1963,1735,,,31,12,2018,20,28,8,633.20,35.79,939.43,631.49
007,1336,1845,1972,1699,,,31,12,2018,20,33,8,629.10,35.90,939.39,631.82
007,1401,1783,1825,1638,,,31,12,2018,20,38,8,631.40,35.87,939.37,631.99
007,1395,1694,1382,1651,,,31,12,2018,20,43,8,627.40,36.11,939.37,632.05
007,1250,1566,1423,1475,,,31,12,2018,20,48,8,631.90,35.86,939.32,632.47
007,1281,1476,1745,1571,,,31,12,2018,20,53,8,627.40,35.32,939.30,632.65
007,1317,1689,1729,1554,,,31,12,2018,20,58,8,628.10,34.99,939.27,632.91
007,1250,1585,1438,902,,,31,12,2018,21,3,8,633.70,35.05,939.24,633.22
007,1251,1233,1262,1034,,,31,12,2018,21,8,8,636.40,35.38,939.15,633.96
007,1149,1394,1442,1436,,,31,12,2018,21,13,8,632.50,34.87,939.15,633.98
007,1220,1455,1373,1382,,,31,12,2018,21,18,8,627.20,34.95,939.10,634.41
007,1175,1490,1623,1436,,,31,12,2018,21,23,8,627.30,35.12,939.13,634.16
007,1136,1475,1585,1379,,,31,12,2018,21,28,8,628.30,35.01,939.12,634.21
007,1115,1443,1511,1312,,,31,12,2018,21,33,8,628.90,34.34,939.08,634.63
007,1091,1314,1341,1286,,,31,12,2018,21,38,8,626.70,34.14,939.14,634.10
007,1020,1334,1367,1217,,,31,12,2018,21,43,8,624.20,34.13,939.17,633.84
007,1011,1299,1353,1191,,,31,12,2018,21,48,8,622.50,33.61,939.13,634.12
007,950,1225,1279,1123,,,31,12,2018,21,53,8,622.00,33.72,939.11,634.31
007,903,1116,1243,1105,,,31,12,2018,21,58,8,628.00,33.45,939.18,633.69
007,827,1104,1155,1017,,,31,12,2018,22,3,8,624.30,32.66,939.18,633.70
007,798,871,1092,968,,,31,12,2018,22,8,8,627.00,32.82,939.22,633.35
007,776,1007,1037,918,,,31,12,2018,22,13,8,628.70,33.32,939.26,632.99
007,707,864,899,807,,,31,12,2018,22,18,8,629.80,32.37,939.29,632.70
007,627,796,874,773,,,31,12,2018,22,23,8,628.20,32.22,939.28,632.86
007,620,743,775,670,,,31,12,2018,22,28,8,630.20,31.93,939.32,632.48
007,542,697,710,628,,,31,12,2018,22,33,8,631.40,31.71,939.27,632.90
007,510,675,687,583,,,31,12,2018,22,38,8,632.90,31.12,939.25,633.07
007,438,513,593,501,,,31,12,2018,22,43,8,632.00,30.41,939.32,632.49
007,430,475,318,274,,,31,12,2018,22,48,8,635.80,29.58,939.38,631.93
007,363,470,475,407,,,31,12,2018,22,53,8,637.50,28.85,939.41,631.70
007,315,395,390,350,,,31,12,2018,22,58,8,630.50,28.67,939.36,632.12
007,255,320,315,262,,,31,12,2018,23,3,8,630.90,28.26,939.47,631.13
007,205,272,250,215,,,31,12,2018,23,8,8,636.50,27.71,939.42,631.57
007,152,204,187,164,,,31,12,2018,23,13,8,628.50,27.19,939.48,631.08
007,102,142,142,115,,,31,12,2018,23,18,8,637.10,26.57,939.53,630.59
007,9,8,27,8,,,1,1,2019,10,23,8,638.00,8.25,940.95,618.08
007,9,8,26,8,,,1,1,2019,10,28,8,637.30,9.00,941.06,617.08
007,28,30,36,27,,,1,1,2019,10,33,8,631.50,9.48,941.11,616.68
007,21,26,32,24,,,1,1,2019,10,38,8,632.50,10.56,941.20,615.82
007,256,306,286,230,,,1,1,2019,10,43,8,635.30,12.39,941.36,614.47
007,183,235,224,190,,,1,1,2019,10,48,8,631.70,14.44,941.52,613.02
007,239,305,295,260,,,1,1,2019,10,53,8,636.80,15.49,941.58,612.53
007,227,291,296,292,,,1,1,2019,10,58,8,640.40,16.71,941.67,611.72
007,433,609,587,535,,,1,1,2019,11,3,8,635.10,18.17,941.81,610.45
007,318,453,447,411,,,1,1,2019,11,8,8,637.80,19.29,941.83,610.32
007,587,763,740,640,,,1,1,2019,11,13,8,639.80,19.97,941.96,609.11
007,628,807,799,702,,,1,1,2019,11,18,8,636.50,21.65,941.99,608.83
007,689,867,894,811,,,1,1,2019,11,23,8,634.40,22.92,942.02,608.61
007,711,931,975,851,,,1,1,2019,11,28,8,635.10,24.00,942.13,607.66
007,759,995,1008,928,,,1,1,2019,11,33,8,634.70,24.71,942.13,607.60
007,801,1019,1035,935,,,1,1,2019,11,38,8,635.80,25.29,942.19,607.13
007,851,1120,1166,1026,,,1,1,2019,11,43,8,637.10,25.98,942.21,606.89
007,875,1039,973,928,,,1,1,2019,11,48,8,634.40,27.24,942.35,605.67
007,915,1190,1248,1104,,,1,1,2019,11,53,8,634.10,28.32,942.40,605.21
007,943,1219,1238,1126,,,1,1,2019,11,58,8,638.80,28.62,942.47,604.62
007,963,1255,1265,1047,,,1,1,2019,12,3,8,638.00,28.95,942.42,605.10
007,999,1312,1383,1179,,,1,1,2019,12,8,8,634.80,29.26,942.38,605.43
007,1027,1319,1382,1084,,,1,1,2019,12,13,8,634.00,29.73,942.34,605.77
007,1043,1361,1406,1220,,,1,1,2019,12,18,8,636.60,30.47,942.26,606.45
007,1062,1340,1412,1201,,,1,1,2019,12,23,8,632.70,31.55,942.22,606.82
007,4095,4095,4095,4095,,,1,1,2019,12,28,8,632.80,31.64,942.14,607.54
007,1121,1346,1378,1318,,,1,1,2019,12,33,8,633.50,31.09,942.13,607.66
007,1133,1473,1538,1377,,,1,1,2019,12,38,8,633.50,31.49,942.06,608.26
007,1123,1262,1267,1211,,,1,1,2019,12,43,8,635.00,31.98,942.01,608.72
007,1186,1559,1628,1443,,,1,1,2019,12,48,8,634.60,32.18,942.03,608.49
007,1191,1559,1643,1487,,,1,1,2019,12,53,8,634.10,32.88,942.04,608.43
007,1241,1584,1697,1491,,,1,1,2019,12,58,8,632.40,32.43,942.05,608.38
007,1265,1651,1761,1535,,,1,1,2019,13,3,8,635.80,32.43,941.98,608.97
007,1295,1675,1779,1573,,,1,1,2019,13,8,8,635.40,33.09,941.92,609.46
007,1248,1681,1797,1584,,,1,1,2019,13,13,8,632.60,33.50,941.86,610.03
007,1315,1731,1829,1600,,,1,1,2019,13,18,8,634.60,34.05,941.82,610.34
007,1337,1700,1849,1590,,,1,1,2019,13,23,8,634.00,34.68,941.84,610.21
007,1368,1793,1873,1640,,,1,1,2019,13,28,8,636.90,34.97,941.77,610.77
007,1377,1774,2011,1647,,,1,1,2019,13,33,8,634.30,35.84,941.76,610.92
007,1395,1815,1919,1737,,,1,1,2019,13,38,8,631.00,36.25,941.79,610.61
007,1364,1763,1939,1683,,,1,1,2019,13,43,8,629.20,35.46,941.83,610.28
007,1411,1794,1950,1676,,,1,1,2019,13,48,8,633.50,35.74,941.78,610.69
007,1425,1827,1924,1705,,,1,1,2019,13,53,8,632.70,37.26,941.81,610.45
007,1411,1811,2067,1711,,,1,1,2019,13,58,8,632.10,36.63,941.76,610.94
007,1417,1827,2004,1728,,,1,1,2019,14,3,8,636.20,36.79,941.79,610.60
007,1473,1880,2037,1734,,,1,1,2019,14,8,8,629.20,37.96,941.81,610.45
007,1443,1828,2019,1784,,,1,1,2019,14,13,8,635.20,37.62,941.83,610.29
007,1383,1779,1884,1660,,,1,1,2019,14,18,8,636.70,37.97,941.75,610.99
007,1475,1875,2041,1745,,,1,1,2019,14,23,8,636.60,37.52,941.75,610.97
007,1489,1913,2067,1765,,,1,1,2019,14,28,8,635.80,37.73,941.79,610.65
007,1474,1913,2076,1775,,,1,1,2019,14,33,8,629.90,38.60,941.74,611.04
007,1499,1923,2083,1775,,,1,1,2019,14,38,8,630.40,39.05,941.75,610.99
007,1451,1873,2057,1729,,,1,1,2019,14,43,8,625.30,39.50,941.74,611.04
007,1425,1878,2008,1687,,,1,1,2019,14,48,8,626.90,38.65,941.72,611.28
007,1480,1929,2068,1775,,,1,1,2019,14,53,8,625.30,39.31,941.71,611.33
007,1505,1959,2104,1825,,,1,1,2019,14,58,8,622.10,39.11,941.72,611.24
007,1506,1948,2115,1826,,,1,1,2019,15,3,8,625.40,39.53,941.65,611.90
007,1523,2016,2222,1862,,,1,1,2019,15,8,8,628.60,37.22,941.65,611.87
007,1568,2017,2193,1889,,,1,1,2019,15,13,8,630.80,37.26,941.68,611.59
007,1577,2035,2211,1891,,,1,1,2019,15,18,8,629.60,36.55,941.69,611.53
007,1591,2051,2254,1911,,,1,1,2019,15,23,8,629.80,38.76,941.64,611.97
007,1537,1985,2160,1862,,,1,1,2019,15,28,8,627.90,40.39,941.67,611.70
007,1489,1923,2092,1787,,,1,1,2019,15,33,8,632.60,40.53,941.57,612.58
007,1521,2023,2289,1827,,,1,1,2019,15,38,8,635.70,38.84,941.57,612.60
007,1543,2017,2208,1884,,,1,1,2019,15,43,8,639.30,37.31,941.59,612.40
007,1636,2116,2398,1988,,,1,1,2019,15,48,8,636.60,37.19,941.55,612.75
007,1608,2155,2343,2019,,,1,1,2019,15,53,8,636.40,37.51,941.54,612.81
007,1617,2128,2361,2022,,,1,1,2019,15,58,8,639.30,38.14,941.55,612.71
007,1699,2194,2419,2065,,,1,1,2019,16,3,8,629.30,38.97,941.44,613.77
007,1619,2183,2433,2065,,,1,1,2019,16,8,8,638.90,38.51,941.37,614.33
007,1766,2195,2417,2068,,,1,1,2019,16,13,8,630.40,37.75,941.29,615.02
007,1454,2304,2584,2114,,,1,1,2019,16,18,8,631.60,36.60,941.35,614.53
007,1571,2273,2489,2201,,,1,1,2019,16,23,8,631.30,36.96,941.22,615.63
007,1308,2240,2641,2131,,,1,1,2019,16,28,8,633.00,38.33,941.27,615.25
007,1541,2275,2486,2147,,,1,1,2019,16,33,8,631.30,38.59,941.18,616.03
007,1745,2487,2615,2155,,,1,1,2019,16,38,8,631.70,38.82,941.17,616.10
007,1481,2297,2498,2223,,,1,1,2019,16,43,8,632.80,38.78,941.04,617.27
007,1569,2279,2590,2156,,,1,1,2019,16,48,8,630.10,38.64,941.07,617.01
007,1227,2180,2515,2156,,,1,1,2019,16,53,8,632.60,38.83,940.93,618.22
007,1698,2312,2663,2161,,,1,1,2019,16,58,8,634.40,39.29,940.95,618.10
007,1725,2276,2491,2147,,,1,1,2019,17,3,8,634.70,39.57,941.02,617.41
007,1703,2272,2479,2152,,,1,1,2019,17,8,8,633.90,39.84,940.97,617.89
007,1697,2337,2419,2073,,,1,1,2019,17,13,8,630.10,40.36,940.88,618.69
007,1681,2241,2434,2095,,,1,1,2019,17,18,8,632.50,38.81,941.00,617.61
007,1692,2208,2409,2082,,,1,1,2019,17,23,8,641.20,38.65,940.92,618.29
007,1675,2175,2371,2035,,,1,1,2019,17,28,8,637.30,38.61,940.92,618.32
007,1707,2227,2424,2089,,,1,1,2019,17,33,8,634.20,37.35,940.96,617.94
007,1718,2177,2375,2050,,,1,1,2019,17,38,8,636.20,38.61,940.84,619.03
007,1681,2216,2393,2052,,,1,1,2019,17,43,8,631.90,37.06,940.89,618.57
007,1681,2223,2481,2029,,,1,1,2019,17,48,8,633.50,38.29,940.84,619.05
007,1712,2295,2568,2067,,,1,1,2019,17,53,8,632.00,37.99,940.84,619.03
007,1714,2181,2417,2038,,,1,1,2019,17,58,8,632.70,39.52,940.78,619.56
007,1672,2181,2392,2035,,,1,1,2019,18,3,8,632.30,39.13,940.71,620.18
007,1696,2208,2403,2043,,,1,1,2019,18,8,8,631.00,38.74,940.66,620.60
007,1788,2220,2430,2082,,,1,1,2019,18,13,8,630.40,38.63,940.64,620.82
007,1695,2163,2377,2043,,,1,1,2019,18,18,8,628.60,39.65,940.48,622.20
007,1696,2167,2339,2043,,,1,1,2019,18,23,8,626.90,40.38,940.54,621.67
007,1704,2193,2400,2043,,,1,1,2019,18,28,8,632.10,40.01,940.51,621.94
007,1687,2161,2371,2016,,,1,1,2019,18,33,8,627.00,39.49,940.45,622.48
007,1689,2172,2371,2009,,,1,1,2019,18,38,8,629.90,40.44,940.41,622.86
007,1689,2161,2380,2016,,,1,1,2019,18,43,8,629.30,40.14,940.39,623.02
007,1671,2131,2340,2003,,,1,1,2019,18,48,8,627.50,39.78,940.36,623.23
007,1680,2123,2323,1986,,,1,1,2019,18,53,8,629.80,39.89,940.31,623.75
007,1645,2131,2328,1969,,,1,1,2019,18,58,8,635.80,38.92,940.30,623.84
007,1643,2100,2303,1945,,,1,1,2019,19,3,8,635.80,38.87,940.19,624.74
007,1649,2097,2297,1957,,,1,1,2019,19,8,8,638.60,38.07,940.14,625.23
007,1617,2073,2265,1952,,,1,1,2019,19,13,8,632.10,39.55,940.12,625.41
007,1601,2067,2256,1921,,,1,1,2019,19,18,8,636.40,40.18,940.03,626.18
007,1597,2058,2235,1928,,,1,1,2019,19,23,8,643.70,40.58,940.09,625.68
007,1579,2029,2227,1897,,,1,1,2019,19,28,8,635.60,40.01,939.93,627.08
007,1576,2033,2215,1907,,,1,1,2019,19,33,8,640.20,39.37,939.91,627.24
007,1553,1971,2173,1854,,,1,1,2019,19,38,8,636.40,38.75,939.89,627.45
007,1545,1987,2169,1833,,,1,1,2019,19,43,8,636.50,38.90,939.83,627.99
007,1521,1953,2153,1794,,,1,1,2019,19,48,8,632.70,38.89,939.79,628.29
007,1494,1939,2135,1809,,,1,1,2019,19,53,8,634.30,38.28,939.74,628.76
007,1475,1923,2097,1791,,,1,1,2019,19,58,8,633.40,36.70,939.65,629.55
007,1457,1900,2080,1747,,,1,1,2019,20,3,8,635.00,37.86,939.60,630.04
007,1472,1881,2057,1753,,,1,1,2019,20,8,8,635.60,38.14,939.56,630.39
007,1072,1838,1990,1692,,,1,1,2019,20,13,8,633.80,37.65,939.66,629.50
007,1397,1688,1918,1699,,,1,1,2019,20,18,8,632.60,38.38,939.56,630.32
007,1401,1799,1932,1691,,,1,1,2019,20,23,8,632.70,37.87,939.61,629.94
007,1209,1749,1808,1617,,,1,1,2019,20,28,8,630.50,37.91,939.62,629.84
007,1379,1775,1871,1667,,,1,1,2019,20,33,8,628.30,38.40,939.51,630.76
007,1339,1685,1771,1572,,,1,1,2019,20,38,8,627.10,38.47,939.47,631.11
007,1212,1650,1729,1560,,,1,1,2019,20,43,8,634.00,37.43,939.40,631.79
007,1297,1661,1751,1544,,,1,1,2019,20,48,8,628.90,37.46,939.44,631.42
007,1267,1616,1552,1527,,,1,1,2019,20,53,8,623.10,37.01,939.44,631.46
007,1251,1607,1657,1489,,,1,1,2019,20,58,8,632.40,36.58,939.48,631.06
007,1204,1481,1645,1436,,,1,1,2019,21,3,8,631.60,36.26,939.37,632.01
007,731,701,485,210,,,1,1,2019,21,8,8,630.60,36.54,939.38,631.94
007,1145,1454,1555,1337,,,1,1,2019,21,13,8,629.80,35.99,939.41,631.72
007,1079,1305,1443,1313,,,1,1,2019,21,18,8,628.50,35.69,939.42,631.59
007,1080,1404,1457,1295,,,1,1,2019,21,23,8,629.10,34.92,939.36,632.08
007,986,1241,1455,1217,,,1,1,2019,21,28,8,626.60,34.59,939.54,630.50
007,1041,1316,1308,1212,,,1,1,2019,21,33,8,627.90,34.48,939.53,630.60
007,961,1273,1272,1153,,,1,1,2019,21,38,8,624.90,35.05,939.55,630.40
007,969,1216,1267,1067,,,1,1,2019,21,43,8,626.20,34.53,939.54,630.50
007,904,1191,1246,1083,,,1,1,2019,21,48,8,627.30,34.37,939.42,631.57
007,889,1127,1184,1041,,,1,1,2019,21,53,8,631.90,34.53,939.41,631.70
007,835,1079,1113,993,,,1,1,2019,21,58,8,627.00,34.47,939.48,631.07
007,811,1046,1072,951,,,1,1,2019,22,3,8,624.60,33.99,939.44,631.43
007,771,964,1030,903,,,1,1,2019,22,8,8,629.00,33.18,939.42,631.55
007,688,883,910,819,,,1,1,2019,22,13,8,627.10,32.79,939.46,631.27
007,614,794,808,753,,,1,1,2019,22,18,8,627.10,33.05,939.50,630.90
007,537,713,743,642,,,1,1,2019,22,23,8,629.00,32.26,939.50,630.89
007,563,692,633,621,,,1,1,2019,22,28,8,631.20,32.05,939.57,630.28
007,491,620,595,512,,,1,1,2019,22,33,8,630.00,31.65,939.63,629.72
007,470,591,587,535,,,1,1,2019,22,38,8,628.20,31.64,939.66,629.46
007,302,382,425,371,,,1,1,2019,22,43,8,630.90,31.45,939.65,629.59
007,365,483,392,290,,,1,1,2019,22,48,8,634.70,31.06,939.63,629.72
007,315,407,394,351,,,1,1,2019,22,53,8,630.50,30.74,939.74,628.76
007,266,337,314,278,,,1,1,2019,22,58,8,628.30,30.50,939.72,628.93
007,234,292,241,205,,,1,1,2019,23,3,8,632.00,30.23,939.74,628.77
007,179,233,224,190,,,1,1,2019,23,8,8,632.90,29.73,939.84,627.85
007,131,183,175,158,,,1,1,2019,23,13,8,636.00,29.18,939.85,627.74
007,103,143,153,123,,,1,1,2019,23,18,8,631.10,28.78,940.07,625.86
007,1428,1931,2097,1795,,,2,1,2019,18,28,9,555.20,36.82,950.17,536.90
007,1316,1857,2017,1675,,,2,1,2019,18,33,9,554.00,35.69,950.17,536.83
007,1489,1905,2131,1828,,,2,1,2019,18,38,9,550.00,34.71,950.11,537.42
007,1271,1592,1763,1522,,,2,1,2019,18,43,9,551.30,34.85,950.15,537.09
007,1419,1766,1939,1625,,,2,1,2019,18,48,9,552.20,36.02,950.12,537.29
007,1529,1969,2178,1840,,,2,1,2019,18,53,9,553.20,35.34,950.03,538.14
007,1489,1875,2081,1769,,,2,1,2019,18,57,37,550.60,35.54,949.95,538.78
007,1475,1804,1980,1769,,,2,1,2019,19,3,9,550.60,34.81,949.89,539.34
007,1336,1660,1857,1600,,,2,1,2019,19,8,9,556.60,35.69,949.92,539.09
007,755,948,1060,903,,,2,1,2019,19,13,9,558.80,35.36,949.82,539.95
007,425,577,665,556,,,2,1,2019,19,18,9,557.30,34.68,949.70,541.00
007,576,565,639,489,,,2,1,2019,19,23,9,561.90,34.37,949.68,541.21
007,694,846,868,776,,,2,1,2019,19,28,9,559.50,33.90,949.52,542.61
007,660,809,872,725,,,2,1,2019,19,33,9,553.20,35.45,949.56,542.22
007,443,510,566,493,,,2,1,2019,19,38,9,555.80,35.08,949.51,542.66
007,607,753,777,685,,,2,1,2019,19,43,9,554.20,34.18,949.42,543.49
007,707,887,940,756,,,2,1,2019,19,48,9,555.00,33.84,949.44,543.23
007,793,993,1103,881,,,2,1,2019,19,53,9,554.20,33.49,949.35,544.11
007,357,417,455,382,,,2,1,2019,19,58,9,552.20,33.18,949.25,544.92
007,203,251,250,182,,,2,1,2019,20,3,9,558.40,32.97,949.31,544.39
007,166,182,191,142,,,2,1,2019,20,8,9,560.40,33.47,949.12,546.08
007,199,215,189,192,,,2,1,2019,20,13,9,554.90,32.97,949.21,545.31
007,553,680,746,534,,,2,1,2019,20,18,9,555.80,33.64,949.11,546.21
007,767,849,963,791,,,2,1,2019,20,23,9,553.40,34.38,949.03,546.91
007,977,1219,1396,1145,,,2,1,2019,20,28,9,552.80,34.59,948.91,547.90
007,923,1185,1252,1104,,,2,1,2019,20,33,9,554.30,35.03,948.87,548.29
007,551,663,711,616,,,2,1,2019,20,38,9,550.20,33.75,948.76,549.28
007,759,873,884,871,,,2,1,2019,20,43,9,551.50,33.36,948.72,549.63
007,492,663,790,700,,,2,1,2019,20,48,9,548.50,33.45,948.71,549.70
007,845,1020,1017,975,,,2,1,2019,20,53,9,551.90,33.55,948.58,550.81
007,519,423,462,448,,,2,1,2019,20,58,9,553.10,33.70,948.55,551.12
007,809,975,972,972,,,2,1,2019,21,3,9,557.00,34.85,948.45,551.99
007,670,806,841,702,,,2,1,2019,21,8,9,550.50,34.60,948.44,552.02
007,427,520,526,442,,,2,1,2019,21,13,9,555.40,33.65,948.41,552.33
007,451,471,596,468,,,2,1,2019,21,18,9,560.60,32.33,948.29,553.36
007,625,710,812,662,,,2,1,2019,21,23,9,558.10,32.66,948.43,552.15
007,732,960,960,859,,,2,1,2019,21,28,9,557.70,32.80,948.34,552.97
007,809,960,1098,943,,,2,1,2019,21,33,9,558.70,33.06,948.32,553.09
007,710,823,807,811,,,2,1,2019,21,38,9,558.00,32.77,948.35,552.84
007,644,776,792,659,,,2,1,2019,21,43,9,554.60,31.95,948.34,552.98
007,731,907,959,824,,,2,1,2019,21,48,9,556.60,32.38,948.35,552.81
007,667,865,803,830,,,2,1,2019,21,53,9,555.80,32.22,948.31,553.23
007,707,898,879,756,,,2,1,2019,21,58,9,553.20,31.53,948.29,553.34
007,763,968,1060,923,,,2,1,2019,22,3,9,553.80,31.58,948.26,553.60
007,363,416,475,362,,,2,1,2019,22,8,9,549.80,31.08,948.18,554.34
007,144,182,165,148,,,2,1,2019,22,13,9,552.00,30.52,948.23,553.92
007,371,427,454,395,,,2,1,2019,22,18,9,553.40,30.22,948.18,554.30
007,375,504,493,441,,,2,1,2019,22,23,9,554.40,30.45,948.28,553.49
007,179,232,275,216,,,2,1,2019,22,28,9,549.10,30.48,948.22,553.98
007,116,127,143,123,,,2,1,2019,22,33,9,555.70,29.92,948.19,554.24
007,202,253,212,214,,,2,1,2019,22,38,9,554.20,29.64,948.13,554.79
007,355,443,441,389,,,2,1,2019,22,43,9,552.40,29.89,948.14,554.72
007,398,478,476,417,,,2,1,2019,22,48,9,558.20,30.23,948.15,554.65
007,325,410,389,330,,,2,1,2019,22,53,9,557.30,30.21,948.28,553.46
007,207,261,241,203,,,2,1,2019,22,58,9,564.20,29.63,948.17,554.45
007,112,115,101,101,,,2,1,2019,23,3,9,558.90,29.00,948.15,554.59
007,10,8,17,8,,,2,1,2019,23,8,9,558.00,28.20,948.22,553.97
007,10,8,19,8,,,2,1,2019,23,13,9,558.80,27.81,948.19,554.29
007,110,145,135,124,,,2,1,2019,23,18,9,556.80,27.98,948.18,554.34
007,114,151,160,145,,,3,1,2019,10,23,9,560.20,17.22,947.53,560.06
007,175,220,192,187,,,3,1,2019,10,28,9,562.20,18.66,947.69,558.67
007,214,295,266,246,,,3,1,2019,10,33,9,557.10,19.68,947.71,558.43
007,270,322,319,298,,,3,1,2019,10,38,9,555.30,20.42,947.76,558.04
007,323,384,372,334,,,3,1,2019,10,43,9,553.90,21.22,947.76,558.00
007,347,434,419,304,,,3,1,2019,10,48,9,558.90,22.01,947.86,557.14
007,399,493,520,423,,,3,1,2019,10,53,9,558.30,22.43,947.86,557.19
007,427,579,572,499,,,3,1,2019,10,58,9,559.20,22.88,947.98,556.07
007,499,635,657,568,,,3,1,2019,11,3,9,562.20,23.50,948.00,555.95
007,550,683,713,647,,,3,1,2019,11,8,9,556.30,24.08,948.00,555.89
007,581,767,768,685,,,3,1,2019,11,13,9,559.80,24.53,948.01,555.85
007,595,763,771,670,,,3,1,2019,11,18,9,558.00,24.53,948.10,555.03
007,663,851,873,763,,,3,1,2019,11,23,9,556.20,24.16,948.14,554.72
007,699,915,914,823,,,3,1,2019,11,28,9,560.80,23.64,948.08,555.20
007,727,963,976,871,,,3,1,2019,11,33,9,558.20,23.75,948.08,555.22
007,764,969,1003,903,,,3,1,2019,11,38,9,562.60,24.11,948.25,553.68
007,802,1063,1086,971,,,3,1,2019,11,43,9,558.20,24.39,948.16,554.49
007,833,1089,1107,999,,,3,1,2019,11,48,9,561.40,24.74,948.15,554.57
007,866,1123,1149,1019,,,3,1,2019,11,53,9,560.70,25.69,948.21,554.12
007,907,1099,1207,1044,,,3,1,2019,11,58,9,556.50,26.63,948.28,553.42
007,931,1218,1235,1104,,,3,1,2019,12,3,9,559.70,27.67,948.29,553.39
007,955,1247,1299,1159,,,3,1,2019,12,8,9,560.10,28.07,948.33,552.98
007,987,1297,1329,1206,,,3,1,2019,12,13,9,554.50,28.81,948.37,552.71
007,972,1043,1348,1135,,,3,1,2019,12,18,9,555.10,29.57,948.35,552.88
007,1061,1385,1415,1295,,,3,1,2019,12,23,9,556.90,29.05,948.33,553.04
007,1060,1299,1446,1276,,,3,1,2019,12,28,9,558.40,28.96,948.30,553.27
007,1101,1473,1460,1329,,,3,1,2019,12,33,9,557.40,29.26,948.33,553.05
007,1074,1420,1517,1102,,,3,1,2019,12,38,9,554.10,29.80,948.34,552.96
007,1102,1393,1543,1361,,,3,1,2019,12,43,9,555.60,31.19,948.38,552.60
007,1177,1519,1571,1415,,,3,1,2019,12,48,9,552.80,30.24,948.35,552.88
007,1132,1351,1634,1440,,,3,1,2019,12,53,9,559.30,28.98,948.38,552.61
007,1139,1465,1540,1441,,,3,1,2019,12,58,9,563.80,29.39,948.38,552.58
007,1175,1518,1569,1480,,,3,1,2019,13,3,9,563.70,29.61,948.36,552.74
007,1217,1618,1680,1511,,,3,1,2019,13,8,9,557.30,29.85,948.34,552.95
007,1087,1106,1614,1153,,,3,1,2019,13,13,9,552.60,29.70,948.35,552.82
007,1296,1588,1667,1436,,,3,1,2019,13,18,9,557.30,30.57,948.40,552.42
007,1318,1595,1762,1596,,,3,1,2019,13,23,9,553.60,30.23,948.40,552.43
007,1346,1718,2016,1632,,,3,1,2019,13,28,9,553.20,30.93,948.45,552.00
007,1377,1745,1913,1719,,,3,1,2019,13,33,9,553.90,30.90,948.50,551.51
007,1430,1824,1799,1704,,,3,1,2019,13,38,9,566.10,31.65,948.47,551.76
007,1447,1844,2001,1744,,,3,1,2019,13,43,9,563.60,31.55,948.54,551.16
007,1480,1874,2003,1721,,,3,1,2019,13,48,9,564.30,31.91,948.52,551.34
007,1462,1632,2001,1801,,,3,1,2019,13,53,9,562.00,32.38,948.57,550.92
007,1522,1922,2019,1799,,,3,1,2019,13,58,9,558.90,32.82,948.54,551.14
007,1481,1939,2134,1811,,,3,1,2019,14,3,9,555.70,34.99,948.69,549.87
007,1522,1891,2041,1811,,,3,1,2019,14,8,9,556.70,32.68,948.57,550.93
007,1532,1897,2065,1817,,,3,1,2019,14,13,9,556.10,32.50,948.57,550.91
007,1504,1763,1795,1836,,,3,1,2019,14,18,9,550.30,32.52,948.63,550.38
007,1522,1948,2097,1839,,,3,1,2019,14,23,9,552.80,33.67,948.58,550.78
007,1507,1971,2160,1873,,,3,1,2019,14,28,9,549.00,33.15,948.60,550.65
007,1475,1968,2136,1888,,,3,1,2019,14,33,9,552.70,33.58,948.59,550.77
007,1571,1766,1896,1917,,,3,1,2019,14,38,9,551.70,34.03,948.58,550.86
007,1592,1983,2185,1921,,,3,1,2019,14,43,9,553.60,33.68,948.58,550.81
007,1635,2065,2259,1955,,,3,1,2019,14,48,9,549.30,33.61,948.67,550.02
007,1555,2080,2249,1956,,,3,1,2019,14,53,9,553.10,34.21,948.61,550.60
007,1639,2035,2240,1986,,,3,1,2019,14,58,9,554.60,34.19,948.56,551.02
007,1635,2087,2215,1992,,,3,1,2019,15,3,9,554.80,35.09,948.64,550.30
007,1628,2092,2280,2006,,,3,1,2019,15,8,9,550.20,35.78,948.58,550.79
007,1644,2100,2310,2035,,,3,1,2019,15,13,9,556.00,37.08,948.45,551.93
007,1676,2073,2278,2039,,,3,1,2019,15,18,9,552.60,37.18,948.55,551.10
007,1657,2137,2295,2048,,,3,1,2019,15,23,9,558.70,36.48,948.54,551.20
007,1683,2193,2353,2098,,,3,1,2019,15,28,9,554.60,36.89,948.48,551.69
007,1585,2047,2243,1988,,,3,1,2019,15,33,9,549.90,37.85,948.44,552.08
007,1606,2065,2272,1992,,,3,1,2019,15,38,9,553.10,37.47,948.38,552.61
007,1511,2069,2278,2018,,,3,1,2019,15,43,9,553.10,37.49,948.33,553.04
007,1639,2105,2324,2039,,,3,1,2019,15,48,9,557.00,37.88,948.34,552.98
007,1391,2096,2336,2067,,,3,1,2019,15,53,9,554.50,37.55,948.21,554.06
007,1575,2107,2329,2065,,,3,1,2019,15,58,9,554.20,38.15,948.27,553.59
007,1377,2144,2335,2082,,,3,1,2019,16,3,9,553.90,36.89,948.23,553.89
007,1140,1878,2351,2146,,,3,1,2019,16,8,9,553.60,34.81,948.24,553.85
007,1364,2080,2351,2082,,,3,1,2019,16,13,9,558.80,34.86,948.19,554.22
007,1219,2121,2368,2099,,,3,1,2019,16,18,9,554.70,35.11,948.08,555.21
007,1159,2113,2385,2104,,,3,1,2019,16,23,9,557.20,35.39,947.96,556.27
007,1201,2083,2400,2131,,,3,1,2019,16,28,9,555.10,37.70,948.00,555.91
007,1430,2121,2392,2119,,,3,1,2019,16,33,9,560.90,36.64,947.96,556.31
007,1123,1619,2231,2114,,,3,1,2019,16,38,9,554.40,35.67,947.91,556.70
007,1667,2201,2417,2137,,,3,1,2019,16,43,9,548.60,36.54,947.90,556.84
007,1191,2120,2417,2134,,,3,1,2019,16,48,9,557.50,36.16,947.73,558.26
007,1305,2225,2393,2131,,,3,1,2019,16,53,9,550.90,37.59,947.83,557.43
007,1459,2272,2471,2174,,,3,1,2019,16,58,9,551.10,36.87,947.66,558.90
007,1183,1934,2403,2147,,,3,1,2019,17,3,9,551.60,36.78,947.56,559.83
007,1159,2164,2424,2151,,,3,1,2019,17,8,9,556.00,36.06,947.61,559.37
007,1231,2195,2500,2195,,,3,1,2019,17,13,9,554.70,36.06,947.62,559.27
007,1574,2279,2510,2178,,,3,1,2019,17,18,9,557.50,36.52,947.60,559.45
007,1849,2227,2471,2161,,,3,1,2019,17,23,9,556.60,36.26,947.43,560.96
007,1731,2258,2467,2178,,,3,1,2019,17,28,9,556.40,36.69,947.36,561.53
007,1744,2292,2483,2171,,,3,1,2019,17,33,9,557.10,36.98,947.44,560.80
007,1719,2233,2452,2146,,,3,1,2019,17,38,9,563.10,37.54,947.43,560.92
007,1749,2275,2492,2169,,,3,1,2019,17,43,9,559.50,37.57,947.51,560.21
007,1754,2289,2495,2171,,,3,1,2019,17,48,9,561.20,39.75,947.47,560.62
007,1752,2256,2487,2156,,,3,1,2019,17,53,9,556.70,38.80,947.33,561.80
007,1744,2273,2488,2161,,,3,1,2019,17,58,9,554.50,36.60,947.37,561.46
007,1745,2280,2496,2153,,,3,1,2019,18,3,9,551.90,36.78,947.35,561.60
007,1737,2214,2409,2127,,,3,1,2019,18,8,9,559.60,37.91,947.30,562.04
007,1730,2235,2440,2123,,,3,1,2019,18,13,9,556.80,38.92,947.37,561.44
007,1713,2227,2440,2113,,,3,1,2019,18,18,9,551.40,37.85,947.17,563.22
007,1696,2183,2400,2080,,,3,1,2019,18,23,9,555.10,37.81,947.25,562.55
007,1683,2152,2485,2044,,,3,1,2019,18,28,9,555.00,38.92,947.14,563.52
007,1705,2211,2449,2103,,,3,1,2019,18,33,9,547.90,38.69,947.15,563.37
007,1683,2199,2435,2081,,,3,1,2019,18,38,9,550.10,38.33,947.13,563.56
007,1697,2192,2417,2080,,,3,1,2019,18,43,9,554.70,38.01,947.11,563.74
007,1701,2172,2409,2081,,,3,1,2019,18,48,9,552.70,37.95,946.99,564.82
007,1683,2151,2371,2032,,,3,1,2019,18,53,9,550.60,37.04,947.03,564.43
007,1654,2145,2384,2027,,,3,1,2019,18,58,9,552.10,35.72,946.99,564.77
007,1639,2123,2321,1996,,,3,1,2019,19,3,9,550.50,36.17,946.93,565.36
007,1648,2147,2374,2045,,,3,1,2019,19,8,9,558.00,36.61,946.95,565.16
007,1635,2167,2375,2039,,,3,1,2019,19,13,9,557.00,37.46,946.76,566.85
007,1665,2137,2368,2009,,,3,1,2019,19,18,9,556.40,37.09,946.81,566.39
007,1632,2099,2308,1976,,,3,1,2019,19,23,9,554.30,36.84,946.73,567.06
007,1617,2055,2274,1919,,,3,1,2019,19,28,9,560.30,38.02,946.74,567.02
007,1623,2072,2273,1959,,,3,1,2019,19,33,9,551.10,37.92,946.64,567.90
007,1607,2051,2273,1925,,,3,1,2019,19,38,9,551.30,37.43,946.67,567.66
007,1548,1986,2225,1899,,,3,1,2019,19,43,9,557.00,37.49,946.60,568.25
007,1580,2028,2241,1912,,,3,1,2019,19,48,9,558.30,36.44,946.59,568.29
007,1511,1969,2168,1840,,,3,1,2019,19,53,9,555.90,35.98,946.47,569.38
007,1552,1969,2175,1851,,,3,1,2019,19,58,9,548.90,36.42,946.52,568.94
007,1491,1937,2119,1779,,,3,1,2019,20,3,9,558.50,36.70,946.55,568.67
007,1308,1915,2067,1790,,,3,1,2019,20,8,9,556.30,36.72,946.33,570.64
007,1408,1894,2040,1807,,,3,1,2019,20,13,9,552.30,36.10,946.44,569.66
007,1451,1840,1973,1799,,,3,1,2019,20,18,9,552.50,36.02,946.46,569.50
007,1425,1852,1979,1727,,,3,1,2019,20,23,9,554.40,35.57,946.46,569.42
007,1408,1752,1954,1750,,,3,1,2019,20,28,9,554.10,35.04,946.28,571.03
007,1402,1775,1915,1675,,,3,1,2019,20,33,9,555.30,36.00,946.39,570.08
007,1416,1786,1887,1646,,,3,1,2019,20,38,9,556.10,34.78,946.31,570.77
007,1379,1779,1859,1670,,,3,1,2019,20,43,9,553.70,33.81,946.10,572.62
007,1317,1683,1824,1612,,,3,1,2019,20,48,9,557.30,34.16,946.25,571.33
007,1302,1628,1719,1604,,,3,1,2019,20,53,9,553.80,34.60,946.24,571.43
007,1292,1697,1777,1579,,,3,1,2019,20,58,9,556.10,33.90,946.18,571.89
007,1267,1609,1702,1536,,,3,1,2019,21,3,9,553.50,33.87,946.12,572.48
007,1219,1531,1635,1479,,,3,1,2019,21,8,9,555.00,33.46,946.21,571.68
007,1205,1555,1635,1436,,,3,1,2019,21,13,9,556.60,33.65,946.15,572.17
007,1160,1424,1600,1296,,,3,1,2019,21,18,9,556.40,32.97,946.04,573.17
007,1198,1497,1585,1410,,,3,1,2019,21,23,9,551.10,33.19,945.98,573.70
007,1115,1475,1530,1365,,,3,1,2019,21,28,9,552.50,32.94,946.02,573.30
007,1037,1392,1467,1331,,,3,1,2019,21,33,9,553.30,32.91,946.00,573.50
007,1064,1336,1438,1275,,,3,1,2019,21,38,9,553.50,32.83,946.06,572.95
007,1048,1351,1366,1238,,,3,1,2019,21,43,9,558.60,32.26,946.05,573.04
007,968,1302,1346,1188,,,3,1,2019,21,48,9,551.90,32.61,946.06,573.02
007,960,1219,1298,1146,,,3,1,2019,21,53,9,555.00,32.51,946.04,573.17
007,913,1154,1207,1046,,,3,1,2019,21,58,9,555.10,32.15,946.05,573.04
007,817,1006,1136,1034,,,3,1,2019,22,3,9,553.50,31.71,945.99,573.62
007,823,1035,1046,964,,,3,1,2019,22,8,9,551.50,31.56,946.12,572.49
007,754,977,987,872,,,3,1,2019,22,13,9,551.70,31.30,946.07,572.88
007,713,936,933,855,,,3,1,2019,22,18,9,554.40,31.69,946.19,571.85
007,671,705,891,803,,,3,1,2019,22,23,9,551.00,31.27,946.22,571.60
007,605,785,807,700,,,3,1,2019,22,28,9,555.20,31.43,946.22,571.62
007,555,709,719,663,,,3,1,2019,22,33,9,550.70,31.08,946.22,571.60
007,491,635,646,490,,,3,1,2019,22,38,9,557.70,30.49,946.26,571.20
007,445,558,562,511,,,3,1,2019,22,43,9,558.80,30.23,946.28,571.08
007,388,499,512,443,,,3,1,2019,22,48,9,556.50,30.39,946.35,570.46
007,322,427,395,366,,,3,1,2019,22,53,9,560.10,29.80,946.40,569.98
007,265,319,329,289,,,3,1,2019,22,58,9,558.70,29.92,946.51,569.02
007,225,233,236,235,,,3,1,2019,23,3,9,558.10,29.80,946.60,568.20
007,167,215,195,183,,,3,1,2019,23,8,9,555.10,29.50,946.68,567.53
007,117,155,138,126,,,3,1,2019,23,13,9,551.80,29.06,946.70,567.34
007,102,111,94,96,,,3,1,2019,23,18,9,550.50,28.62,946.65,567.75
007,107,151,138,130,,,4,1,2019,10,28,9,559.70,19.17,947.19,563.08
007,162,219,199,171,,,4,1,2019,10,33,9,564.00,19.86,947.20,562.96
007,208,266,247,211,,,4,1,2019,10,38,9,552.40,20.52,947.25,562.51
007,241,311,281,267,,,4,1,2019,10,43,9,558.90,21.29,947.30,562.09
007,279,379,332,316,,,4,1,2019,10,48,9,559.40,22.00,947.51,560.20
007,330,417,416,353,,,4,1,2019,10,53,9,561.70,22.51,947.55,559.86
007,386,492,479,439,,,4,1,2019,10,58,9,559.50,23.01,947.64,559.10
007,441,579,579,514,,,4,1,2019,11,3,9,559.10,23.54,947.66,558.86
007,496,635,622,586,,,4,1,2019,11,8,9,558.20,23.85,947.69,558.66
007,546,706,700,644,,,4,1,2019,11,13,9,557.10,24.14,947.70,558.56
007,587,743,747,695,,,4,1,2019,11,18,9,563.10,24.23,947.65,558.97
007,650,818,822,748,,,4,1,2019,11,23,9,560.00,24.96,947.76,557.99
007,667,855,869,803,,,4,1,2019,11,28,9,559.10,25.67,947.89,556.89
007,707,913,935,854,,,4,1,2019,11,33,9,557.30,26.19,947.89,556.90
007,736,929,994,887,,,4,1,2019,11,38,9,558.90,25.59,947.96,556.26
007,771,1019,1043,937,,,4,1,2019,11,43,9,561.80,25.39,947.99,555.99
007,785,1027,1039,959,,,4,1,2019,11,48,9,562.00,24.95,948.00,555.92
007,753,1058,1020,968,,,4,1,2019,11,53,9,559.20,25.59,948.15,554.61
007,833,1063,1104,994,,,4,1,2019,11,58,9,558.10,25.67,948.11,554.96
007,855,1115,1023,955,,,4,1,2019,12,3,9,557.40,25.89,948.14,554.66
007,883,1166,1376,1071,,,4,1,2019,12,8,9,557.70,26.07,948.19,554.29
007,812,1170,1180,1096,,,4,1,2019,12,13,9,555.70,27.15,948.16,554.48
007,979,1195,1251,1151,,,4,1,2019,12,18,9,562.30,27.96,948.26,553.65
007,990,1294,1209,945,,,4,1,2019,12,23,9,559.80,29.62,948.27,553.55
007,1057,1356,1408,1239,,,4,1,2019,12,28,9,558.70,30.31,948.22,553.95
007,1035,1279,1236,1076,,,4,1,2019,12,33,9,559.10,30.73,948.31,553.16
007,1064,1369,1443,1315,,,4,1,2019,12,38,9,558.00,31.27,948.29,553.34
007,1091,1413,1504,1320,,,4,1,2019,12,43,9,559.80,30.96,948.28,553.43
007,1112,1428,1491,1371,,,4,1,2019,12,48,9,558.50,30.55,948.31,553.18
007,1123,1465,1523,1352,,,4,1,2019,12,53,9,560.60,30.80,948.38,552.59
007,1137,1491,1553,1367,,,4,1,2019,12,58,9,558.50,31.07,948.34,552.97
007,4095,4095,4095,4095,,,4,1,2019,13,3,9,559.60,31.91,948.33,553.02
007,1141,1443,1564,1427,,,4,1,2019,13,8,9,559.40,33.29,948.35,552.85
007,1145,1455,1528,1116,,,4,1,2019,13,13,9,555.90,32.23,948.35,552.89
007,1169,1539,1544,1382,,,4,1,2019,13,18,9,559.10,32.11,948.37,552.67
007,1105,1547,1603,1477,,,4,1,2019,13,23,9,557.70,31.74,948.38,552.59
007,1220,1573,1581,1440,,,4,1,2019,13,28,9,558.70,32.60,948.34,552.94
007,1267,1641,1786,1571,,,4,1,2019,13,33,9,559.90,33.32,948.39,552.49
007,1335,1622,1800,1607,,,4,1,2019,13,38,9,566.30,33.88,948.39,552.52
007,1319,1640,1761,1601,,,4,1,2019,13,43,9,562.90,34.15,948.39,552.51
007,1345,1696,1860,1650,,,4,1,2019,13,48,9,558.90,34.42,948.40,552.42
007,1374,1763,1904,1664,,,4,1,2019,13,53,9,555.80,34.36,948.51,551.47
007,1348,1729,1894,1702,,,4,1,2019,13,58,9,564.40,33.94,948.51,551.40
007,1417,1767,1921,1715,,,4,1,2019,14,3,9,561.30,35.55,948.49,551.58
007,1360,1742,1927,1720,,,4,1,2019,14,8,9,557.40,37.04,948.58,550.84
007,1392,1763,1975,1747,,,4,1,2019,14,13,9,551.80,35.77,948.52,551.36
007,1424,1707,1880,1752,,,4,1,2019,14,18,9,556.10,36.21,948.53,551.28
007,1383,1753,1922,1680,,,4,1,2019,14,23,9,557.00,34.40,948.50,551.57
007,1361,1753,1923,1697,,,4,1,2019,14,28,9,556.10,33.74,948.43,552.11
007,1387,1764,1916,1731,,,4,1,2019,14,33,9,554.30,32.96,948.38,552.60
007,1535,1927,2097,1833,,,4,1,2019,14,38,9,556.20,33.01,948.43,552.15
007,1484,1922,2065,1791,,,4,1,2019,14,43,9,558.00,33.85,948.37,552.71
007,1468,1945,2107,1816,,,4,1,2019,14,48,9,557.70,33.26,948.31,553.18
007,1507,1935,2175,1893,,,4,1,2019,14,53,9,556.90,32.56,948.29,553.42
007,1568,1974,2174,1939,,,4,1,2019,14,58,9,560.40,32.91,948.35,552.88
007,1531,1993,2152,1864,,,4,1,2019,15,3,9,555.00,33.08,948.40,552.44
007,1582,2044,2233,1943,,,4,1,2019,15,8,9,553.50,33.35,948.37,552.63
007,1499,1955,2081,1890,,,4,1,2019,15,13,9,562.00,32.98,948.37,552.65
007,1563,1966,2131,1936,,,4,1,2019,15,18,9,560.40,32.37,948.39,552.46
007,1564,2036,2179,1959,,,4,1,2019,15,23,9,555.20,32.34,948.35,552.82
007,1553,2039,2216,1956,,,4,1,2019,15,28,9,557.80,33.05,948.50,551.55
007,1571,2046,2212,1984,,,4,1,2019,15,33,9,552.20,32.94,948.48,551.73
007,1408,1967,2145,1891,,,4,1,2019,15,38,9,555.10,32.88,948.51,551.43
007,1491,2011,2190,1952,,,4,1,2019,15,43,9,550.80,33.62,948.50,551.56
007,1506,1987,2147,1929,,,4,1,2019,15,48,9,552.80,33.14,948.50,551.52
007,1229,1991,2167,1939,,,4,1,2019,15,53,9,549.80,33.55,948.49,551.60
007,1489,1961,2168,1945,,,4,1,2019,15,58,9,560.80,33.44,948.52,551.34
007,1427,2017,2147,1954,,,4,1,2019,16,3,9,559.60,33.45,948.39,552.52
007,1103,2024,2320,2050,,,4,1,2019,16,8,9,558.00,32.42,948.39,552.50
007,1411,2028,2301,2080,,,4,1,2019,16,13,9,557.40,32.50,948.36,552.79
007,1464,2030,2240,1985,,,4,1,2019,16,18,9,556.40,32.46,948.31,553.23
007,1088,1899,2209,2051,,,4,1,2019,16,23,9,552.20,33.10,948.39,552.45
007,1123,2018,2179,1971,,,4,1,2019,16,28,9,557.30,32.17,948.36,552.80
007,1056,2014,2243,2016,,,4,1,2019,16,33,9,554.70,31.29,948.20,554.17
007,1211,1960,2200,1993,,,4,1,2019,16,38,9,554.10,32.73,948.26,553.62
007,1116,1880,2155,1922,,,4,1,2019,16,43,9,557.60,32.98,948.16,554.54
007,1152,1980,2163,1955,,,4,1,2019,16,48,9,558.50,33.82,948.04,555.58
007,1113,1953,3014,1984,,,4,1,2019,16,53,9,562.20,33.85,948.14,554.70
007,1422,2023,2224,1971,,,4,1,2019,16,58,9,563.00,33.93,948.11,554.96
007,1098,1988,2968,1983,,,4,1,2019,17,3,9,562.60,33.32,948.21,554.12
007,1167,1931,2980,1952,,,4,1,2019,17,8,9,556.70,32.40,948.15,554.60
007,1473,1992,2208,1959,,,4,1,2019,17,13,9,558.30,32.76,948.02,555.77
007,1235,2013,2140,1905,,,4,1,2019,17,18,9,563.10,33.18,948.16,554.55
007,1267,1969,2165,1893,,,4,1,2019,17,23,9,558.10,32.94,948.04,555.60
007,1465,1985,2162,1911,,,4,1,2019,17,28,9,553.00,32.23,948.11,554.94
007,1503,1995,2209,1912,,,4,1,2019,17,33,9,560.40,32.71,948.05,555.46
007,1553,1991,2811,1913,,,4,1,2019,17,38,9,560.60,33.06,948.00,555.91
007,1553,2040,2209,1953,,,4,1,2019,17,43,9,561.50,31.63,948.14,554.68
007,1577,2065,2275,1961,,,4,1,2019,17,48,9,560.60,31.64,948.10,555.04
007,1573,2019,2206,1954,,,4,1,2019,17,53,9,562.00,32.17,948.15,554.65
007,1575,2067,2215,1969,,,4,1,2019,17,58,9,558.20,31.61,948.18,554.32
007,1593,2049,2247,1959,,,4,1,2019,18,3,9,565.40,31.98,948.15,554.59
007,1583,2067,2243,1954,,,4,1,2019,18,8,9,556.10,32.42,948.14,554.71
007,1587,2022,2215,2047,,,4,1,2019,18,13,9,552.80,31.84,948.05,555.51
007,1588,2039,2233,1963,,,4,1,2019,18,18,9,556.10,32.55,948.22,554.02
007,1576,2019,2238,1947,,,4,1,2019,18,23,9,551.00,31.89,948.14,554.67
007,1585,2054,2227,1943,,,4,1,2019,18,28,9,551.10,31.53,948.06,555.36
007,1575,2035,2215,1961,,,4,1,2019,18,33,9,550.60,31.24,947.99,555.99
007,1571,2023,2241,1937,,,4,1,2019,18,38,9,556.20,31.92,947.90,556.78
007,1585,2051,2247,1955,,,4,1,2019,18,43,9,558.20,31.60,948.04,555.55
007,1583,2027,2227,1939,,,4,1,2019,18,48,9,561.10,31.20,947.97,556.17
007,1559,2011,2211,1923,,,4,1,2019,18,53,9,560.90,32.21,948.06,555.42
007,1539,1986,2195,1907,,,4,1,2019,18,58,9,554.50,32.33,947.95,556.34
007,1552,1987,2168,1888,,,4,1,2019,19,3,9,556.20,31.50,947.93,556.55
007,1547,1987,2127,1888,,,4,1,2019,19,8,9,562.60,31.61,948.02,555.71
007,1508,1888,2012,1841,,,4,1,2019,19,13,9,564.50,31.93,947.93,556.57
007,1507,1935,2108,1984,,,4,1,2019,19,18,9,557.70,31.49,947.95,556.40
007,1480,1952,2130,1838,,,4,1,2019,19,23,9,559.70,31.11,947.87,557.04
007,1481,1907,2089,1815,,,4,1,2019,19,28,9,555.50,31.77,947.90,556.78
007,1473,1907,2071,1801,,,4,1,2019,19,33,9,555.00,31.69,947.92,556.65
007,1459,1841,2063,1793,,,4,1,2019,19,38,9,556.60,31.85,947.95,556.37
007,1452,1857,2031,1748,,,4,1,2019,19,43,9,553.40,32.13,947.91,556.68
007,1441,1857,2071,1767,,,4,1,2019,19,48,9,556.10,31.60,947.78,557.90
007,1425,1835,1995,1737,,,4,1,2019,19,53,9,555.70,31.06,947.72,558.40
007,1379,1783,1967,1697,,,4,1,2019,19,58,9,552.80,30.52,947.55,559.87
007,1339,1762,1923,1673,,,4,1,2019,20,3,9,551.60,30.63,947.69,558.62
007,1307,1678,1875,1607,,,4,1,2019,20,8,9,550.10,30.63,947.63,559.18
007,1320,1686,1824,1571,,,4,1,2019,20,13,9,552.30,30.70,947.57,559.73
007,1113,1697,1753,1585,,,4,1,2019,20,18,9,552.40,30.70,947.68,558.74
007,1299,1681,1791,1572,,,4,1,2019,20,23,9,553.00,30.28,947.52,560.12
007,1271,1607,1725,1531,,,4,1,2019,20,28,9,556.50,30.01,947.52,560.11
007,1227,1486,1656,1479,,,4,1,2019,20,33,9,555.40,30.15,947.55,559.91
007,1203,1564,1673,1487,,,4,1,2019,20,38,9,556.90,30.29,947.50,560.30
007,1209,1571,1649,1491,,,4,1,2019,20,43,9,552.50,30.15,947.43,560.89
007,1200,1531,1607,1452,,,4,1,2019,20,48,9,555.40,29.95,947.38,561.33
007,1154,1495,1564,1401,,,4,1,2019,20,53,9,564.40,29.53,947.54,559.94
007,1149,1491,1544,1380,,,4,1,2019,20,58,9,558.00,29.39,947.53,560.01
007,1088,1417,2227,1340,,,4,1,2019,21,8,9,553.70,28.73,947.43,560.97
007,1079,1409,1432,1288,,,4,1,2019,21,13,9,555.50,28.78,947.41,561.08
