002,7,6,6,6,,,6,1,2080,0,0,13,,13.73,949.22,545.23
002,9,8,11,9,,,6,1,2080,0,2,46,,14.37,949.26,544.89
002,10,8,9,8,,,15,6,2018,15,13,10,,14.31,949.21,545.29
002,9,8,9,9,,,15,6,2018,15,18,10,,14.15,949.32,544.37
002,10,8,9,9,,,15,6,2018,15,23,10,,13.99,949.27,544.79
002,9,8,10,9,,,15,6,2018,15,28,10,,13.92,949.31,544.42
002,10,8,10,9,,,15,6,2018,15,33,10,,13.89,949.35,544.05
002,9,8,9,9,,,15,6,2018,15,38,10,,13.90,949.42,543.41
002,9,8,9,9,,,6,1,2080,0,2,46,,13.86,949.34,544.18
002,9,8,10,8,,,6,1,2080,0,2,46,,13.83,949.03,546.88
002,9,8,9,8,,,15,6,2018,15,53,10,,13.87,949.01,547.09
002,9,8,9,8,,,15,6,2018,15,58,10,,13.91,949.12,546.10
002,9,8,10,8,,,15,6,2018,16,3,10,,13.92,948.95,547.53
002,6,6,7,6,,,12,1,2080,13,42,43,,19.79,947.82,557.52
002,880,849,729,676,,,16,6,2018,13,53,9,629.70,19.40,947.81,557.59
002,905,881,752,697,,,16,6,2018,13,58,9,628.40,19.10,947.94,556.44
002,913,880,758,703,,,16,6,2018,14,3,9,632.70,18.94,947.93,556.57
002,942,920,787,745,,,16,6,2018,14,8,9,634.70,19.07,948.04,555.54
002,9,8,9,8,,,16,6,2018,14,13,9,633.80,20.04,948.14,554.73
002,1001,956,825,769,,,16,6,2018,14,18,9,632.00,20.15,948.15,554.62
002,924,885,785,700,,,16,6,2018,14,23,9,634.10,21.35,948.19,554.21
002,997,969,849,769,,,16,6,2018,14,28,9,633.70,22.17,948.07,555.27
002,974,953,841,780,,,16,6,2018,14,33,9,637.50,22.66,948.07,555.33
002,1048,1000,896,813,,,16,6,2018,14,38,9,634.20,22.32,948.02,555.75
002,1085,1065,900,829,,,16,6,2018,14,43,9,628.30,21.88,947.87,557.09
002,1117,1073,953,868,,,16,6,2018,14,48,9,634.30,21.89,947.81,557.61
002,1153,1081,964,885,,,16,6,2018,14,53,9,633.30,22.63,947.86,557.16
002,1161,1129,989,897,,,16,6,2018,14,58,9,635.60,23.11,947.94,556.44
002,1139,1081,968,901,,,16,6,2018,15,3,9,632.30,23.07,947.90,556.84
002,1177,1113,1004,909,,,16,6,2018,15,8,9,632.30,22.94,947.91,556.67
002,1153,1105,987,897,,,16,6,2018,15,13,9,628.50,23.34,947.93,556.51
002,1177,1137,979,905,,,16,6,2018,15,18,9,633.70,23.39,947.99,555.99
002,1153,1102,1002,905,,,16,6,2018,15,23,9,638.60,23.67,948.09,555.12
002,1152,1121,979,912,,,16,6,2018,15,28,9,634.00,24.31,948.13,554.79
002,1197,1141,1003,923,,,16,6,2018,15,33,9,635.50,26.00,948.18,554.38
002,1161,1145,1029,917,,,16,6,2018,15,38,9,635.20,26.37,948.10,555.04
002,1183,1125,1021,908,,,16,6,2018,15,43,9,640.80,26.66,948.10,555.09
002,1254,1153,1076,941,,,16,6,2018,15,48,9,638.40,27.25,948.05,555.51
002,1249,1197,1073,969,,,16,6,2018,15,53,9,632.70,27.66,947.94,556.41
002,1257,1188,1051,965,,,16,6,2018,15,58,9,634.40,27.64,947.85,557.21
002,1283,1229,1109,979,,,16,6,2018,16,3,9,633.60,27.07,947.70,558.58
002,1297,1183,1075,977,,,16,6,2018,16,8,9,632.80,27.70,947.72,558.34
002,1329,1225,1129,1001,,,16,6,2018,16,13,9,632.40,27.96,947.71,558.51
002,1304,1201,1109,1005,,,16,6,2018,16,18,9,633.60,28.32,947.59,559.54
002,1329,1233,1132,1016,,,16,6,2018,16,23,9,632.40,28.76,947.56,559.81
002,1299,1222,1112,1009,,,16,6,2018,16,28,9,631.40,29.10,947.48,560.51
002,1284,1183,1086,969,,,16,6,2018,16,33,9,632.30,28.00,947.43,560.97
002,1292,1197,1088,977,,,16,6,2018,16,38,9,631.00,28.46,947.43,560.94
002,1250,1161,1054,953,,,16,6,2018,16,43,9,630.60,28.46,947.41,561.10
002,1309,1190,1096,982,,,16,6,2018,16,48,9,632.40,28.13,947.38,561.34
002,1299,1176,1080,968,,,16,6,2018,16,53,9,626.50,28.55,947.31,562.00
002,1254,1201,1096,985,,,16,6,2018,16,58,9,628.30,28.97,947.27,562.36
002,1257,1212,1060,981,,,16,6,2018,17,3,9,627.60,29.57,947.21,562.86
002,1283,1152,1052,973,,,16,6,2018,17,8,9,626.70,29.67,947.15,563.36
002,1256,1129,1025,936,,,16,6,2018,17,13,9,625.60,29.71,947.06,564.16
002,1244,1148,1052,930,,,16,6,2018,17,18,9,625.80,30.37,947.02,564.51
002,1216,1125,1036,903,,,16,6,2018,17,23,9,627.10,30.21,947.09,563.90
002,1213,1100,990,905,,,16,6,2018,17,28,9,629.40,30.08,947.10,563.86
002,1181,1064,991,881,,,16,6,2018,17,33,9,630.20,30.29,946.94,565.26
002,1276,1152,1036,937,,,16,6,2018,17,38,9,626.30,30.17,946.89,565.66
002,1219,1122,1013,897,,,16,6,2018,17,43,9,628.10,30.24,946.90,565.57
002,1228,1100,1009,913,,,16,6,2018,17,48,9,624.50,29.93,946.81,566.40
002,1166,1085,974,877,,,16,6,2018,17,53,9,627.20,30.29,946.79,566.57
002,1129,1047,926,849,,,16,6,2018,17,58,9,627.80,30.25,946.83,566.23
002,1145,1053,922,832,,,16,6,2018,18,3,9,628.80,30.14,946.72,567.14
002,1085,1006,888,799,,,16,6,2018,18,8,9,630.10,30.44,946.77,566.70
002,1017,913,831,760,,,16,6,2018,18,13,9,628.80,29.72,946.69,567.44
002,1047,956,862,772,,,16,6,2018,18,18,9,634.40,30.64,946.58,568.37
002,1029,937,852,748,,,16,6,2018,18,23,9,633.50,30.40,946.58,568.44
002,1028,924,847,753,,,16,6,2018,18,28,9,633.70,30.21,946.55,568.67
002,948,829,768,677,,,16,6,2018,18,33,9,636.20,30.93,946.61,568.14
002,886,789,739,657,,,16,6,2018,18,38,9,633.20,31.07,946.59,568.29
002,925,825,750,680,,,16,6,2018,18,43,9,634.90,30.67,946.58,568.43
002,804,735,669,596,,,16,6,2018,18,48,9,634.90,30.00,946.52,568.98
002,781,716,637,581,,,16,6,2018,18,53,9,634.00,29.52,946.52,568.94
002,745,669,605,548,,,16,6,2018,18,58,9,630.70,29.43,946.54,568.75
002,713,633,584,504,,,16,6,2018,19,3,9,632.80,29.30,946.61,568.14
002,620,557,496,457,,,16,6,2018,19,8,9,629.60,28.97,946.62,568.07
002,620,564,505,460,,,16,6,2018,19,13,9,627.10,28.70,946.54,568.77
002,608,552,497,447,,,16,6,2018,19,18,9,629.00,28.87,946.47,569.34
002,680,601,525,460,,,16,6,2018,19,23,9,627.70,28.40,946.48,569.26
002,588,533,477,421,,,16,6,2018,19,28,9,627.10,27.65,946.50,569.13
002,10,9,9,10,,,16,6,2018,19,33,9,627.40,27.90,946.45,569.51
002,573,517,472,425,,,16,6,2018,19,38,9,629.40,27.32,946.52,568.98
002,541,520,440,396,,,16,6,2018,19,43,9,626.40,27.01,946.41,569.92
002,574,536,478,416,,,16,6,2018,19,48,9,629.20,26.59,946.36,570.35
002,550,492,450,389,,,16,6,2018,19,53,9,628.20,26.79,946.43,569.73
002,543,501,449,408,,,16,6,2018,19,58,9,629.40,26.54,946.44,569.67
002,504,449,404,358,,,16,6,2018,20,3,9,630.80,25.94,946.54,568.78
002,503,463,412,364,,,16,6,2018,20,8,9,630.10,26.03,946.51,568.98
002,487,433,397,356,,,16,6,2018,20,13,9,632.30,26.05,946.56,568.57
002,465,420,396,332,,,16,6,2018,20,18,9,625.50,25.82,946.65,567.79
002,405,374,321,296,,,16,6,2018,20,23,9,621.30,25.31,946.57,568.49
002,385,349,312,269,,,16,6,2018,20,28,9,628.00,25.07,946.53,568.80
002,314,287,253,232,,,16,6,2018,20,33,9,631.70,25.12,946.53,568.82
002,289,273,232,204,,,16,6,2018,20,38,9,633.30,24.58,946.64,567.88
002,261,250,205,184,,,16,6,2018,20,43,9,632.50,23.88,946.65,567.81
002,200,189,164,136,,,16,6,2018,20,48,9,634.30,23.44,946.66,567.69
002,10,9,9,9,,,16,6,2018,20,53,9,629.60,22.89,946.78,566.64
002,291,298,226,223,,,17,6,2018,12,43,9,638.50,7.52,947.38,561.41
002,347,345,265,248,,,17,6,2018,12,48,9,637.20,9.53,947.42,561.04
002,379,365,294,286,,,17,6,2018,12,53,9,641.60,11.36,947.48,560.52
002,419,415,343,313,,,17,6,2018,12,58,9,634.70,13.20,947.46,560.70
002,491,465,371,347,,,17,6,2018,13,3,9,636.50,14.57,947.52,560.16
002,523,496,419,381,,,17,6,2018,13,8,9,635.60,15.69,947.50,560.33
002,572,537,447,419,,,17,6,2018,13,13,9,637.80,17.37,947.42,561.06
002,626,592,507,469,,,17,6,2018,13,18,9,633.90,18.73,947.37,561.44
002,667,619,543,491,,,17,6,2018,13,23,9,633.50,19.86,947.48,560.49
002,759,651,563,567,,,17,6,2018,13,28,9,627.30,20.10,947.50,560.36
002,741,699,603,556,,,17,6,2018,13,33,9,632.40,20.97,947.47,560.57
002,9,9,9,9,,,17,6,2018,13,38,9,634.00,22.68,947.43,560.91
002,849,768,691,625,,,17,6,2018,13,43,9,633.40,22.82,947.42,560.98
002,849,783,697,644,,,17,6,2018,13,48,9,634.50,23.14,947.42,561.03
002,917,825,713,669,,,17,6,2018,13,53,9,629.70,23.46,947.51,560.20
002,964,861,780,697,,,17,6,2018,13,58,9,631.70,23.86,947.49,560.43
002,968,892,783,708,,,17,6,2018,14,3,9,633.40,24.46,947.56,559.79
002,1009,908,817,748,,,17,6,2018,14,8,9,631.20,25.20,947.58,559.58
002,1037,941,841,769,,,17,6,2018,14,13,9,632.30,25.80,947.66,558.91
002,1055,968,871,789,,,17,6,2018,14,18,9,632.70,26.74,947.72,558.40
002,1087,974,899,799,,,17,6,2018,14,23,9,631.10,27.39,947.72,558.35
002,1083,986,901,812,,,17,6,2018,14,28,9,632.60,28.24,947.76,558.01
002,1113,1009,915,829,,,17,6,2018,14,33,9,632.10,28.01,947.86,557.13
002,1129,1017,917,825,,,17,6,2018,14,38,9,631.20,28.01,947.79,557.78
002,1080,996,897,806,,,17,6,2018,14,43,9,632.90,27.85,947.85,557.27
002,1129,1021,913,832,,,17,6,2018,14,48,9,630.50,27.64,947.94,556.46
002,1144,1028,905,829,,,17,6,2018,14,53,9,632.80,28.08,947.95,556.34
002,1205,1081,984,876,,,17,6,2018,14,58,9,633.20,27.99,948.00,555.95
002,1228,1103,1001,893,,,17,6,2018,15,3,9,630.20,28.18,947.94,556.45
002,1236,1094,1005,916,,,17,6,2018,15,8,9,629.30,28.68,947.99,556.01
002,1257,1124,1024,921,,,17,6,2018,15,13,9,631.90,28.94,947.99,556.01
002,1233,1148,1041,932,,,17,6,2018,15,18,9,637.20,29.45,948.01,555.80
002,1270,1181,1048,950,,,17,6,2018,15,23,9,631.80,29.90,948.00,555.93
002,1297,1176,1053,945,,,17,6,2018,15,28,9,634.10,30.32,948.00,555.93
002,1325,1185,1081,964,,,17,6,2018,15,33,9,631.60,30.60,947.97,556.16
002,1337,1181,1080,977,,,17,6,2018,15,38,9,633.60,30.88,947.97,556.16
002,1403,1254,1101,995,,,17,6,2018,15,43,9,633.20,31.32,947.92,556.66
002,1341,1166,1067,981,,,17,6,2018,15,48,9,633.80,30.91,947.93,556.57
002,1327,1209,1076,977,,,17,6,2018,15,53,9,631.90,31.80,947.84,557.29
002,1349,1184,1088,985,,,17,6,2018,15,58,9,630.90,32.02,947.83,557.45
002,1353,1220,1091,982,,,17,6,2018,16,3,9,630.50,32.36,947.85,557.26
002,1337,1198,1097,960,,,17,6,2018,16,8,9,631.70,32.71,947.80,557.69
002,1327,1212,1097,960,,,17,6,2018,16,13,9,631.80,32.65,947.68,558.77
002,1341,1200,1104,991,,,17,6,2018,16,18,9,630.00,31.84,947.67,558.85
002,1324,1193,1064,960,,,17,6,2018,16,23,9,630.90,32.02,947.63,559.19
002,1357,1229,1106,989,,,17,6,2018,16,28,9,629.60,32.28,947.60,559.47
002,1366,1228,1100,988,,,17,6,2018,16,33,9,629.10,33.21,947.56,559.76
002,1357,1208,1087,988,,,17,6,2018,16,38,9,628.10,33.69,947.55,559.85
002,1341,1193,1090,969,,,17,6,2018,16,43,9,636.30,33.13,947.41,561.10
002,1334,1172,1052,948,,,17,6,2018,16,48,9,607.20,33.00,947.40,561.18
002,1297,1158,1036,945,,,17,6,2018,16,53,9,626.40,32.42,947.24,562.58
002,1316,1158,1048,945,,,17,6,2018,16,58,9,627.80,32.81,947.16,563.29
002,1265,1148,1037,916,,,17,6,2018,17,3,9,624.50,32.66,947.09,563.91
002,1276,1111,1000,910,,,17,6,2018,17,8,9,625.90,32.43,947.04,564.40
002,1240,1122,1000,904,,,17,6,2018,17,13,9,627.50,32.32,946.97,565.01
002,1216,1101,977,868,,,17,6,2018,17,18,9,627.80,32.40,946.92,565.40
002,1201,1057,950,861,,,17,6,2018,17,23,9,631.90,33.24,946.84,566.16
002,1176,1053,940,854,,,17,6,2018,17,28,9,632.60,33.18,946.81,566.42
002,1181,1029,940,829,,,17,6,2018,17,33,9,627.70,33.76,946.74,567.01
002,1160,1032,921,822,,,17,6,2018,17,38,9,627.40,34.09,946.59,568.31
002,1153,1017,911,820,,,17,6,2018,17,43,9,628.40,33.64,946.50,569.12
002,1161,1004,913,820,,,17,6,2018,17,48,9,629.20,32.87,946.45,569.57
002,1177,1041,925,813,,,17,6,2018,17,53,9,630.70,32.47,946.43,569.72
002,1180,1049,936,838,,,17,6,2018,17,58,9,626.10,32.23,946.38,570.19
002,1156,1021,908,798,,,17,6,2018,18,3,9,629.40,31.96,946.29,570.95
002,1142,1004,897,808,,,17,6,2018,18,8,9,633.70,31.71,946.19,571.85
002,1119,972,873,793,,,17,6,2018,18,13,9,635.00,32.70,946.11,572.55
002,1101,984,876,788,,,17,6,2018,18,18,9,638.60,32.43,946.01,573.43
002,1053,937,852,739,,,17,6,2018,18,23,9,633.10,32.32,945.99,573.58
002,937,840,737,694,,,17,6,2018,18,28,9,633.00,32.73,945.93,574.15
002,964,844,761,680,,,17,6,2018,18,33,9,631.80,32.75,945.90,574.39
002,953,857,765,692,,,17,6,2018,18,38,9,632.60,33.05,945.93,574.15
002,952,840,744,664,,,17,6,2018,18,43,9,632.40,31.94,945.88,574.53
002,925,813,729,648,,,17,6,2018,18,48,9,632.00,31.25,945.90,574.37
002,852,777,686,605,,,17,6,2018,18,53,9,631.20,30.91,945.81,575.22
002,841,748,664,598,,,17,6,2018,18,58,9,628.90,30.61,945.77,575.52
002,822,761,668,610,,,17,6,2018,19,3,9,633.30,30.78,945.89,574.49
002,812,717,648,566,,,17,6,2018,19,8,9,628.80,30.07,945.81,575.18
002,792,701,636,573,,,17,6,2018,19,13,9,626.50,30.26,945.77,575.56
002,764,671,601,536,,,17,6,2018,19,18,9,630.40,30.38,945.76,575.66
002,785,689,616,556,,,17,6,2018,19,23,9,630.50,30.78,945.75,575.67
002,748,645,584,513,,,17,6,2018,19,28,9,629.90,30.96,945.69,576.24
002,727,635,569,495,,,17,6,2018,19,33,9,630.00,30.49,945.71,576.06
002,740,632,578,512,,,17,6,2018,19,38,9,628.70,30.10,945.64,576.65
002,665,601,537,481,,,17,6,2018,19,43,9,618.80,30.18,945.73,575.93
002,694,612,539,484,,,17,6,2018,19,48,9,631.10,30.48,945.69,576.25
002,10,9,9,9,,,17,6,2018,19,53,9,631.30,31.29,945.70,576.17
002,607,543,492,424,,,17,6,2018,19,58,9,624.80,30.11,945.75,575.69
002,580,517,449,384,,,17,6,2018,20,3,9,624.70,29.90,945.75,575.74
002,565,502,441,408,,,17,6,2018,20,8,9,629.50,29.51,945.78,575.45
002,517,453,415,352,,,17,6,2018,20,13,9,627.00,29.22,945.84,574.90
002,485,440,376,328,,,17,6,2018,20,18,9,624.20,28.96,945.88,574.57
002,416,379,337,297,,,17,6,2018,20,23,9,626.80,28.44,945.85,574.82
002,403,349,312,281,,,17,6,2018,20,28,9,631.60,27.84,945.89,574.52
002,10,9,10,10,,,17,6,2018,20,33,9,631.60,27.55,945.91,574.30
002,273,260,217,184,,,17,6,2018,20,38,9,632.50,27.50,945.96,573.88
002,245,228,202,162,,,17,6,2018,20,43,9,630.70,26.90,945.95,573.94
002,198,184,160,137,,,17,6,2018,20,48,9,629.10,26.37,945.87,574.63
002,153,158,115,96,,,17,6,2018,20,53,9,634.20,25.63,945.90,574.38
002,7,6,7,6,,,20,6,2018,16,1,40,564.30,20.15,956.57,480.93
002,0,0,0,0,,,20,6,2018,16,5,44,557.10,19.46,956.55,481.09
002,801,720,713,573,,,20,6,2018,16,18,10,554.60,19.62,956.51,481.43
002,819,733,713,589,,,20,6,2018,16,23,10,555.00,19.20,956.64,480.29
002,849,752,753,601,,,20,6,2018,16,28,10,561.20,19.07,956.52,481.30
002,849,777,764,612,,,20,6,2018,16,33,10,557.90,20.16,956.52,481.35
002,861,780,756,616,,,20,6,2018,16,38,10,554.70,20.01,956.52,481.35
002,919,797,797,649,,,20,6,2018,16,43,10,554.90,20.70,956.49,481.61
002,841,761,753,591,,,20,6,2018,16,48,10,554.30,21.04,956.52,481.34
002,824,697,724,580,,,20,6,2018,16,53,10,552.80,20.53,956.63,480.39
002,806,725,715,585,,,20,6,2018,16,58,10,554.90,20.90,956.65,480.15
002,779,684,697,545,,,20,6,2018,17,3,10,554.50,20.56,956.59,480.69
002,816,714,733,590,,,20,6,2018,17,8,10,557.90,20.31,956.47,481.72
002,815,749,753,616,,,20,6,2018,17,13,10,558.60,20.25,956.43,482.10
002,817,729,725,585,,,20,6,2018,17,18,10,555.10,21.13,956.36,482.74
002,849,758,745,607,,,20,6,2018,17,23,10,555.40,21.73,956.43,482.11
002,844,769,778,616,,,20,6,2018,17,28,10,559.80,21.19,956.29,483.30
002,845,737,745,597,,,20,6,2018,17,33,10,557.10,21.80,956.26,483.58
002,789,701,689,559,,,20,6,2018,17,38,10,557.40,21.82,956.29,483.34
002,777,701,692,557,,,20,6,2018,17,43,10,555.90,23.33,956.21,484.07
002,884,773,773,623,,,20,6,2018,17,48,10,559.00,22.67,956.17,484.35
002,840,744,737,592,,,20,6,2018,17,53,10,553.30,22.36,956.21,484.05
002,832,724,726,572,,,20,6,2018,17,58,10,552.30,22.59,956.14,484.64
002,926,841,860,653,,,20,6,2018,18,3,10,552.30,22.77,956.20,484.15
002,857,758,772,619,,,20,6,2018,18,8,10,555.30,22.37,956.18,484.32
002,785,705,701,561,,,20,6,2018,18,13,10,554.20,22.90,956.08,485.17
002,777,702,716,565,,,20,6,2018,18,18,10,552.10,22.80,956.03,485.56
002,753,669,658,540,,,20,6,2018,18,23,10,553.70,22.70,956.02,485.66
002,781,690,675,537,,,20,6,2018,18,28,10,558.90,22.54,956.02,485.73
002,829,733,721,563,,,20,6,2018,18,33,10,552.30,21.71,955.98,486.04
002,925,805,817,649,,,20,6,2018,18,38,10,559.30,21.47,955.95,486.33
002,911,820,825,656,,,20,6,2018,18,43,10,557.50,21.93,955.89,486.79
002,981,821,830,669,,,20,6,2018,18,48,10,558.90,22.22,955.94,486.43
002,817,729,737,589,,,20,6,2018,18,53,10,557.40,21.87,955.96,486.23
002,752,668,665,529,,,20,6,2018,18,58,10,554.30,22.18,956.12,484.85
002,700,644,623,508,,,20,6,2018,19,3,10,550.40,21.89,956.07,485.25
002,593,520,536,404,,,20,6,2018,19,8,10,553.40,20.82,956.25,483.72
002,515,481,479,385,,,20,6,2018,19,13,10,548.90,19.95,956.11,484.93
002,555,504,497,405,,,20,6,2018,19,18,10,548.00,19.10,956.29,483.37
002,557,489,479,408,,,20,6,2018,19,23,10,554.30,18.76,956.26,483.62
002,588,516,513,421,,,20,6,2018,19,28,10,548.00,18.99,956.35,482.83
002,505,447,426,348,,,20,6,2018,19,33,9,553.90,19.32,956.26,483.58
002,507,465,444,337,,,20,6,2018,19,38,10,551.50,18.89,956.21,484.02
002,481,447,424,353,,,20,6,2018,19,43,10,561.80,19.01,956.24,483.76
002,489,457,453,361,,,20,6,2018,19,48,10,558.30,19.12,956.30,483.21
002,459,413,384,314,,,20,6,2018,19,53,9,555.80,19.21,956.28,483.42
002,417,381,361,282,,,20,6,2018,19,58,10,553.80,18.95,956.32,483.05
002,349,323,329,251,,,20,6,2018,20,3,10,552.60,18.43,956.45,481.94
002,332,305,305,228,,,20,6,2018,20,8,10,561.30,18.44,956.51,481.40
002,329,307,287,236,,,20,6,2018,20,13,10,555.50,18.29,956.49,481.62
002,301,289,261,213,,,20,6,2018,20,18,10,561.20,18.30,956.49,481.56
002,269,261,244,189,,,20,6,2018,20,23,9,555.60,18.39,956.64,480.26
002,265,249,233,187,,,20,6,2018,20,28,9,555.70,18.40,956.67,480.04
002,223,216,192,164,,,20,6,2018,20,33,9,554.00,18.61,956.68,479.90
002,198,191,179,132,,,20,6,2018,20,38,9,565.60,18.68,956.68,479.91
002,9,8,9,8,,,20,6,2018,20,43,9,557.90,18.29,956.73,479.50
002,113,119,110,108,,,20,6,2018,20,48,9,549.20,17.85,956.84,478.52
002,93,89,81,37,,,20,6,2018,20,53,9,554.30,17.39,956.84,478.51
002,8,7,9,7,,,21,6,2018,12,43,9,596.10,6.31,959.28,457.25
002,16,12,13,7,,,21,6,2018,12,48,9,559.20,6.54,959.22,457.84
002,36,30,39,22,,,21,6,2018,12,53,9,553.90,6.94,959.23,457.70
002,31,23,28,18,,,21,6,2018,12,58,9,537.90,7.16,959.10,458.88
002,123,115,100,70,,,21,6,2018,13,3,9,526.40,7.65,959.19,458.07
002,101,109,101,68,,,21,6,2018,13,8,9,549.80,8.51,959.12,458.71
002,115,116,97,103,,,21,6,2018,13,13,9,555.70,9.10,959.11,458.72
002,136,130,104,104,,,21,6,2018,13,18,9,560.50,9.19,959.01,459.63
002,173,159,136,117,,,21,6,2018,13,23,9,554.90,9.61,959.08,459.02
002,217,208,186,144,,,21,6,2018,13,28,9,556.60,10.60,959.07,459.07
002,189,208,176,130,,,21,6,2018,13,33,9,556.60,11.21,959.07,459.10
002,221,221,189,154,,,21,6,2018,13,38,9,558.60,11.55,959.12,458.64
002,243,228,211,165,,,21,6,2018,13,43,9,555.10,11.72,959.08,459.02
002,247,245,216,181,,,21,6,2018,13,48,9,555.10,11.96,959.14,458.46
002,316,312,281,237,,,21,6,2018,13,53,9,554.60,12.81,959.20,458.02
002,361,333,317,270,,,21,6,2018,13,58,9,556.70,13.69,959.18,458.12
002,293,279,256,208,,,21,6,2018,14,3,9,555.10,14.17,959.09,458.93
002,361,329,307,249,,,21,6,2018,14,8,9,557.10,14.33,959.08,459.03
002,437,393,381,304,,,21,6,2018,14,13,9,552.40,14.65,959.08,458.99
002,401,385,355,269,,,21,6,2018,14,18,9,558.40,14.97,959.12,458.64
002,473,413,404,313,,,21,6,2018,14,23,9,560.30,15.25,959.03,459.48
002,396,361,351,280,,,21,6,2018,14,28,9,556.00,14.55,958.98,459.87
002,442,409,410,321,,,21,6,2018,14,33,9,555.50,14.58,958.97,459.94
002,457,401,385,313,,,21,6,2018,14,38,9,553.50,15.26,958.86,460.97
002,409,381,369,284,,,21,6,2018,14,43,9,555.90,15.56,958.86,460.91
002,373,345,319,259,,,21,6,2018,14,48,9,553.30,15.45,958.84,461.09
002,473,433,401,313,,,21,6,2018,14,53,9,554.80,15.34,958.82,461.30
002,417,385,368,283,,,21,6,2018,14,58,9,554.60,15.63,958.59,463.29
002,460,382,385,325,,,21,6,2018,15,3,9,559.70,15.87,958.59,463.25
002,400,364,349,293,,,21,6,2018,15,8,9,555.10,15.51,958.54,463.70
002,436,415,392,310,,,21,6,2018,15,13,9,557.20,15.07,958.39,465.05
002,419,365,356,287,,,21,6,2018,15,18,9,555.90,15.33,958.28,465.98
002,449,389,397,305,,,21,6,2018,15,23,9,561.50,15.41,958.17,466.95
002,465,413,401,312,,,21,6,2018,15,28,9,558.30,14.94,958.10,467.58
002,456,417,395,328,,,21,6,2018,15,33,9,561.70,15.57,958.12,467.39
002,404,365,366,277,,,21,6,2018,15,38,9,558.00,15.67,958.00,468.41
002,377,365,328,277,,,21,6,2018,15,43,9,557.20,15.64,957.81,470.06
002,415,393,352,292,,,21,6,2018,15,48,9,553.10,15.92,957.69,471.09
002,385,341,333,260,,,21,6,2018,15,53,9,552.70,16.29,957.58,472.12
002,366,317,307,241,,,21,6,2018,15,58,9,552.70,16.22,957.46,473.10
002,381,353,345,262,,,21,6,2018,16,3,9,559.30,16.60,957.45,473.22
002,369,333,324,257,,,21,6,2018,16,8,9,558.50,16.85,957.25,475.00
002,413,373,365,277,,,21,6,2018,16,13,9,555.60,16.81,957.05,476.75
002,400,345,325,286,,,21,6,2018,16,18,9,552.60,16.65,957.04,476.78
002,382,344,333,281,,,21,6,2018,16,23,9,558.90,16.79,956.94,477.63
002,477,448,413,338,,,21,6,2018,16,28,9,557.60,16.99,956.80,478.85
002,536,461,456,361,,,21,6,2018,16,33,9,536.40,17.64,956.75,479.31
002,558,526,524,408,,,21,6,2018,16,38,9,533.10,16.97,956.64,480.30
002,612,541,553,433,,,21,6,2018,16,43,9,550.90,17.67,956.64,480.25
002,700,632,612,518,,,21,6,2018,16,48,9,550.40,17.86,956.45,481.93
002,626,561,576,436,,,21,6,2018,16,53,9,548.10,18.20,956.37,482.60
002,742,608,616,510,,,21,6,2018,16,58,9,549.40,19.02,956.30,483.25
002,605,537,531,420,,,21,6,2018,17,3,9,552.00,19.88,956.10,484.99
002,669,625,616,488,,,21,6,2018,17,8,9,555.20,19.27,956.06,485.37
002,648,587,593,477,,,21,6,2018,17,13,9,555.70,19.50,955.98,486.01
002,661,593,559,468,,,21,6,2018,17,18,9,555.30,19.86,955.92,486.60
002,656,578,561,461,,,21,6,2018,17,23,9,551.40,20.68,955.83,487.38
002,676,601,615,489,,,21,6,2018,17,28,9,552.60,21.16,955.69,488.56
002,792,697,677,564,,,21,6,2018,17,33,9,553.10,21.86,955.58,489.49
002,815,689,692,561,,,21,6,2018,17,38,9,551.90,21.65,955.51,490.12
002,797,701,697,563,,,21,6,2018,17,43,9,551.80,22.75,955.51,490.15
002,824,721,781,570,,,21,6,2018,17,48,9,552.40,23.27,955.37,491.34
002,792,709,700,561,,,21,6,2018,17,53,9,555.30,22.36,955.39,491.17
002,825,712,729,577,,,21,6,2018,17,58,9,553.20,22.03,955.41,491.03
002,797,711,713,576,,,21,6,2018,18,3,9,558.00,22.06,955.29,492.02
002,653,588,577,486,,,21,6,2018,18,8,9,555.90,21.38,955.20,492.81
002,690,627,635,516,,,21,6,2018,18,13,9,551.10,21.32,955.20,492.82
002,661,576,550,453,,,21,6,2018,18,18,9,551.10,21.37,955.10,493.75
002,585,552,533,416,,,21,6,2018,18,23,9,560.00,20.19,955.06,494.03
002,668,605,589,488,,,21,6,2018,18,28,9,556.20,20.44,955.03,494.30
002,687,599,586,463,,,21,6,2018,18,33,9,558.10,21.27,955.13,493.42
002,704,632,612,493,,,21,6,2018,18,38,9,555.10,22.36,955.13,493.43
002,644,573,593,453,,,21,6,2018,18,43,9,548.70,22.40,954.99,494.72
002,657,585,569,461,,,21,6,2018,18,48,9,553.60,22.79,954.94,495.16
002,543,489,488,393,,,21,6,2018,18,53,9,553.10,22.51,954.81,496.23
002,401,349,325,275,,,21,6,2018,18,58,9,554.10,22.53,954.85,495.86
002,435,385,383,305,,,21,6,2018,19,3,9,554.70,21.25,954.72,497.00
002,613,552,553,436,,,21,6,2018,19,8,9,550.70,21.79,954.63,497.84
002,533,487,488,397,,,21,6,2018,19,13,9,553.30,22.76,954.77,496.62
002,552,497,472,392,,,21,6,2018,19,18,9,549.50,23.31,954.64,497.75
002,423,348,372,284,,,21,6,2018,19,23,9,546.90,23.00,954.56,498.46
002,452,422,407,339,,,21,6,2018,19,28,9,551.40,22.28,954.45,499.37
002,424,396,391,310,,,21,6,2018,19,33,9,552.50,22.38,954.41,499.71
002,373,335,333,270,,,21,6,2018,19,38,9,553.70,21.80,954.35,500.24
002,312,268,267,227,,,21,6,2018,19,43,9,561.30,21.14,954.31,500.67
002,190,182,159,116,,,21,6,2018,19,48,9,553.50,19.99,954.23,501.29
002,255,230,228,191,,,21,6,2018,19,53,9,556.40,19.83,954.21,501.47
002,399,393,356,290,,,21,6,2018,19,58,9,556.70,20.85,954.21,501.49
002,361,317,317,237,,,21,6,2018,20,3,9,560.40,21.53,954.28,500.90
002,361,313,317,248,,,21,6,2018,20,8,9,558.10,21.33,954.24,501.20
002,313,289,271,213,,,21,6,2018,20,13,9,558.10,21.15,954.35,500.26
002,242,220,207,198,,,21,6,2018,20,18,9,552.70,21.11,954.37,500.06
002,229,224,210,164,,,21,6,2018,20,23,9,557.50,21.07,954.17,501.88
002,123,108,105,92,,,21,6,2018,20,28,9,554.50,20.22,954.11,502.41
002,9,8,9,8,,,21,6,2018,20,33,9,552.50,18.53,954.12,502.32
002,80,97,82,34,,,21,6,2018,20,38,9,560.30,17.22,954.21,501.48
002,9,8,9,8,,,21,6,2018,20,43,9,558.20,16.60,954.14,502.09
002,9,8,9,8,,,21,6,2018,20,48,9,558.80,15.90,954.19,501.65
002,9,8,11,8,,,21,6,2018,20,53,9,553.60,15.37,954.09,502.52
002,30,26,22,14,,,22,6,2018,12,43,9,568.30,8.04,952.54,516.09
002,95,118,100,47,,,22,6,2018,12,48,9,557.10,8.22,952.58,515.77
002,133,136,119,112,,,22,6,2018,12,53,9,555.80,9.36,952.57,515.86
002,150,138,127,111,,,22,6,2018,12,58,9,555.70,9.93,952.54,516.10
002,177,185,186,133,,,22,6,2018,13,3,9,552.70,10.21,952.66,515.05
002,249,238,213,181,,,22,6,2018,13,8,9,553.60,11.03,952.75,514.26
002,283,275,241,205,,,22,6,2018,13,13,9,557.50,11.62,952.74,514.33
002,281,272,245,203,,,22,6,2018,13,18,9,550.80,12.06,952.75,514.30
002,233,237,193,159,,,22,6,2018,13,23,9,555.40,11.78,952.86,513.26
002,229,209,200,159,,,22,6,2018,13,28,9,555.30,11.10,952.95,512.50
002,174,167,132,123,,,22,6,2018,13,33,9,554.40,10.92,952.97,512.34
002,369,297,313,269,,,22,6,2018,13,38,9,561.00,10.86,952.99,512.19
002,331,307,289,223,,,22,6,2018,13,43,9,559.60,11.17,953.01,512.03
002,272,268,237,191,,,22,6,2018,13,48,9,550.00,12.05,953.06,511.53
002,417,376,377,275,,,22,6,2018,13,53,9,555.60,12.20,953.08,511.40
002,479,441,415,337,,,22,6,2018,13,58,9,557.60,12.17,953.07,511.48
002,477,421,409,321,,,22,6,2018,14,3,9,558.00,12.84,953.04,511.69
002,465,432,415,321,,,22,6,2018,14,8,9,554.80,13.48,953.16,510.67
002,505,465,453,374,,,22,6,2018,14,13,9,558.80,14.04,953.29,509.54
002,516,465,469,363,,,22,6,2018,14,18,9,558.70,13.86,953.43,508.30
002,541,490,451,369,,,22,6,2018,14,23,9,556.10,14.11,953.47,507.95
002,453,437,387,321,,,22,6,2018,14,28,9,556.30,14.35,953.56,507.17
002,509,459,445,361,,,22,6,2018,14,33,9,558.20,14.69,953.69,506.02
002,508,461,440,342,,,22,6,2018,14,38,9,558.60,14.86,953.77,505.33
002,569,521,499,389,,,22,6,2018,14,43,9,561.10,15.24,953.90,504.22
002,440,397,353,296,,,22,6,2018,14,48,9,558.70,14.85,953.95,503.73
002,580,561,527,437,,,22,6,2018,14,53,9,553.70,15.59,954.03,503.05
002,599,537,554,460,,,22,6,2018,14,58,9,555.50,15.41,954.03,503.09
002,587,549,523,440,,,22,6,2018,15,3,9,556.00,15.65,954.06,502.79
002,720,629,621,496,,,22,6,2018,15,8,9,553.30,16.60,954.12,502.25
002,594,517,508,404,,,22,6,2018,15,13,9,555.20,16.77,954.16,501.90
002,712,665,631,490,,,22,6,2018,15,18,9,558.00,16.52,954.14,502.10
002,749,654,671,541,,,22,6,2018,15,23,9,556.60,17.55,954.21,501.54
002,721,636,628,516,,,22,6,2018,15,28,9,555.60,18.30,954.25,501.19
002,796,702,684,584,,,22,6,2018,15,33,9,554.90,17.87,954.28,500.85
002,623,561,566,409,,,22,6,2018,15,38,9,555.40,17.15,954.21,501.50
002,721,637,625,500,,,22,6,2018,15,43,9,553.90,17.04,954.18,501.75
002,625,561,564,461,,,22,6,2018,15,48,9,549.90,17.59,954.27,500.97
002,621,520,548,413,,,22,6,2018,15,53,9,557.60,17.37,954.21,501.51
002,685,622,591,477,,,22,6,2018,15,58,9,564.20,17.76,954.22,501.42
002,724,641,669,513,,,22,6,2018,16,3,9,561.60,18.41,954.17,501.87
002,808,716,689,521,,,22,6,2018,16,8,9,565.00,18.79,954.15,502.05
002,836,735,716,581,,,22,6,2018,16,13,9,561.40,19.83,954.16,501.95
002,648,545,581,461,,,22,6,2018,16,18,9,558.60,19.50,954.07,502.76
002,573,519,500,397,,,22,6,2018,16,23,9,559.80,19.17,953.93,503.95
002,537,502,512,402,,,22,6,2018,16,28,9,545.40,19.26,953.92,504.03
002,665,593,593,461,,,22,6,2018,16,33,9,551.00,19.50,953.75,505.49
002,589,525,508,422,,,22,6,2018,16,38,9,554.00,20.30,953.68,506.14
002,589,537,536,397,,,22,6,2018,16,43,9,551.50,20.57,953.63,506.60
002,585,513,485,440,,,22,6,2018,16,48,9,553.50,20.51,953.49,507.83
002,720,632,622,472,,,22,6,2018,16,53,9,555.80,20.51,953.39,508.66
002,681,601,587,492,,,22,6,2018,16,58,9,555.90,20.58,953.27,509.72
002,636,595,596,453,,,22,6,2018,17,3,9,556.70,21.40,953.24,510.00
002,505,428,440,363,,,22,6,2018,17,8,9,555.70,21.40,953.12,511.03
002,572,480,457,404,,,22,6,2018,17,13,9,555.70,20.91,952.98,512.27
002,568,504,497,364,,,22,6,2018,17,18,9,558.60,20.63,953.04,511.71
002,653,553,541,486,,,22,6,2018,17,23,9,555.30,21.34,953.04,511.77
002,549,516,501,380,,,22,6,2018,17,28,9,556.50,21.58,952.96,512.41
002,589,508,509,417,,,22,6,2018,17,33,9,554.60,20.65,952.85,513.38
002,605,541,499,421,,,22,6,2018,17,38,9,556.00,20.67,952.85,513.38
002,499,460,448,373,,,22,6,2018,17,43,9,553.60,20.26,952.69,514.80
002,460,419,417,330,,,22,6,2018,17,48,9,550.60,19.79,952.63,515.33
002,384,358,336,261,,,22,6,2018,17,53,9,550.90,19.77,952.64,515.20
002,335,308,293,230,,,22,6,2018,17,58,9,557.50,20.42,952.69,514.77
002,297,264,249,199,,,22,6,2018,18,3,9,556.50,18.87,952.67,514.97
002,290,242,272,184,,,22,6,2018,18,8,9,555.70,18.11,952.58,515.75
002,294,244,297,213,,,22,6,2018,18,13,9,557.90,17.82,952.57,515.87
002,294,269,249,232,,,22,6,2018,18,18,9,561.40,17.61,952.54,516.11
002,241,219,201,190,,,22,6,2018,18,23,9,557.60,16.75,952.62,515.41
002,365,333,324,281,,,22,6,2018,18,28,9,553.00,17.62,952.63,515.29
002,289,284,261,206,,,22,6,2018,18,33,9,553.70,17.55,952.60,515.55
002,387,343,355,280,,,22,6,2018,18,38,9,556.60,17.08,952.67,514.97
002,311,293,275,213,,,22,6,2018,18,43,9,557.00,17.77,952.81,513.73
002,346,304,307,233,,,22,6,2018,18,48,9,550.30,17.62,952.78,514.02
002,409,393,397,319,,,22,6,2018,18,53,9,553.90,17.86,952.88,513.09
002,297,289,265,213,,,22,6,2018,18,58,9,551.00,17.53,952.86,513.34
002,227,207,188,149,,,22,6,2018,19,3,9,549.00,17.11,953.00,512.06
002,166,164,136,119,,,22,6,2018,19,8,9,551.40,16.84,952.98,512.26
002,129,134,111,135,,,22,6,2018,19,13,9,550.90,16.00,953.04,511.74
002,138,132,131,112,,,22,6,2018,19,18,9,548.20,16.19,953.04,511.70
002,149,128,123,103,,,22,6,2018,19,23,9,557.80,16.16,952.94,512.57
002,122,132,130,106,,,22,6,2018,19,28,9,551.70,16.18,952.96,512.40
002,100,105,95,48,,,22,6,2018,19,33,9,550.30,16.13,953.10,511.20
002,36,25,29,19,,,22,6,2018,19,38,9,561.30,15.58,953.02,511.91
002,77,61,57,37,,,22,6,2018,19,43,9,559.90,15.34,952.84,513.52
002,130,119,116,101,,,22,6,2018,19,48,9,552.50,15.59,952.79,513.95
002,198,175,148,129,,,22,6,2018,19,53,9,555.10,15.78,952.84,513.51
002,151,136,153,129,,,22,6,2018,19,58,9,562.10,15.78,952.94,512.62
002,133,117,105,101,,,22,6,2018,20,3,9,557.60,15.33,953.13,510.95
002,90,105,81,55,,,22,6,2018,20,8,9,556.70,14.97,953.24,509.95
002,113,112,92,96,,,22,6,2018,20,13,9,557.60,14.95,953.21,510.28
002,9,8,9,8,,,22,6,2018,20,18,9,552.00,14.49,953.22,510.17
002,71,45,68,31,,,22,6,2018,20,23,9,557.60,14.15,953.23,510.04
002,64,48,65,31,,,22,6,2018,20,28,9,557.00,13.95,953.37,508.85
002,76,40,68,27,,,22,6,2018,20,33,9,560.10,13.98,953.51,507.62
002,31,22,32,18,,,22,6,2018,20,38,9,563.20,13.78,953.63,506.58
002,9,8,11,8,,,22,6,2018,20,43,9,558.20,13.41,953.60,506.84
002,10,8,11,8,,,22,6,2018,20,48,9,555.00,12.95,953.61,506.72
002,9,8,9,8,,,22,6,2018,20,53,9,555.10,12.51,953.64,506.48
002,8,7,9,7,,,23,6,2018,12,43,9,559.20,6.48,955.90,486.77
002,8,7,9,7,,,23,6,2018,12,48,9,556.60,6.54,955.93,486.43
002,8,7,8,7,,,23,6,2018,12,53,9,554.30,6.64,956.00,485.85
002,9,7,9,7,,,23,6,2018,12,58,9,553.70,6.93,956.02,485.72
002,8,7,8,8,,,23,6,2018,13,3,9,557.80,7.07,956.10,484.97
002,8,7,10,8,,,23,6,2018,13,8,9,553.60,7.11,956.10,485.02
002,9,7,9,8,,,23,6,2018,13,13,9,557.30,7.17,955.98,486.02
002,9,7,10,8,,,23,6,2018,13,18,9,560.50,7.31,956.05,485.41
002,10,7,9,8,,,23,6,2018,13,23,9,555.40,7.52,956.00,485.86
002,8,7,9,7,,,23,6,2018,13,28,9,556.50,7.74,956.08,485.15
002,9,7,8,7,,,23,6,2018,13,33,9,559.00,7.79,956.06,485.31
002,9,7,9,8,,,23,6,2018,13,38,9,555.50,7.81,956.04,485.54
002,8,7,12,8,,,23,6,2018,13,43,9,560.40,7.86,956.10,485.01
002,8,7,10,7,,,23,6,2018,13,48,9,559.10,7.87,956.19,484.20
002,9,7,10,8,,,23,6,2018,13,53,9,558.90,7.85,956.23,483.89
002,8,7,9,8,,,23,6,2018,13,58,9,559.00,7.84,956.26,483.57
002,11,7,9,7,,,23,6,2018,14,3,9,556.50,7.95,956.36,482.76
002,9,7,12,8,,,23,6,2018,14,8,9,559.00,8.08,956.30,483.23
002,8,7,13,8,,,23,6,2018,14,13,9,560.00,8.15,956.42,482.16
002,9,7,9,8,,,23,6,2018,14,18,9,558.90,8.32,956.47,481.78
002,11,7,10,8,,,23,6,2018,14,23,9,557.70,8.41,956.46,481.82
002,9,7,9,8,,,23,6,2018,14,28,9,558.70,8.57,956.56,481.00
002,9,8,11,8,,,23,6,2018,14,33,9,556.30,8.86,956.49,481.55
002,8,7,8,8,,,23,6,2018,14,38,9,555.20,8.86,956.50,481.51
002,8,7,13,8,,,23,6,2018,14,43,9,559.80,9.03,956.53,481.23
002,8,7,9,7,,,23,6,2018,14,48,9,560.00,9.12,956.40,482.39
002,8,7,9,8,,,23,6,2018,14,53,9,558.20,9.32,956.33,483.01
002,9,7,9,7,,,23,6,2018,14,58,9,554.40,9.41,956.38,482.53
002,9,7,9,8,,,23,6,2018,15,3,9,555.40,9.59,956.35,482.80
002,8,7,9,8,,,23,6,2018,15,8,9,555.90,10.30,956.36,482.73
002,9,7,9,8,,,23,6,2018,15,13,9,555.30,10.63,956.16,484.50
002,8,7,9,8,,,23,6,2018,15,18,9,560.50,10.92,956.17,484.38
002,8,7,9,8,,,23,6,2018,15,23,9,565.70,11.44,956.25,483.68
002,9,7,9,8,,,23,6,2018,15,28,9,559.20,12.07,956.01,485.78
002,8,7,8,8,,,23,6,2018,15,33,9,563.00,12.14,956.18,484.26
002,8,7,9,8,,,23,6,2018,15,38,9,556.30,11.45,956.08,485.15
002,8,7,9,8,,,23,6,2018,15,43,9,550.70,11.11,955.97,486.10
002,9,7,9,8,,,23,6,2018,15,48,9,554.00,10.80,956.09,485.08
002,9,7,9,8,,,23,6,2018,15,53,9,562.20,11.03,955.93,486.45
002,9,7,9,8,,,23,6,2018,15,58,9,558.10,10.73,956.03,485.60
002,9,7,9,8,,,23,6,2018,16,3,9,556.70,11.41,956.14,484.64
002,9,7,9,8,,,23,6,2018,16,8,9,558.60,11.69,955.94,486.38
002,8,7,9,8,,,23,6,2018,16,13,9,556.50,11.21,955.86,487.12
002,8,8,9,8,,,23,6,2018,16,18,9,552.20,10.62,955.81,487.52
002,8,7,10,8,,,23,6,2018,16,23,9,553.30,10.48,955.70,488.48
002,10,7,9,8,,,23,6,2018,16,28,9,552.20,10.77,955.81,487.55
002,8,7,9,8,,,23,6,2018,16,33,9,554.60,11.00,955.59,489.46
002,9,7,9,8,,,23,6,2018,16,38,9,544.80,11.04,955.52,490.03
002,9,7,10,8,,,23,6,2018,16,43,9,550.00,11.11,955.40,491.07
002,8,7,9,8,,,23,6,2018,16,48,9,553.30,11.38,955.35,491.51
002,8,7,9,8,,,23,6,2018,16,53,9,555.20,11.70,955.29,492.07
002,9,7,8,8,,,23,6,2018,16,58,9,553.90,11.91,955.23,492.60
002,8,7,9,8,,,23,6,2018,17,3,9,555.20,12.03,955.14,493.39
002,9,8,9,8,,,23,6,2018,17,8,9,554.40,12.18,955.13,493.45
002,9,7,9,8,,,23,6,2018,17,13,9,562.80,12.26,955.06,494.03
002,9,7,8,8,,,23,6,2018,17,18,9,559.20,12.08,954.97,494.86
002,9,7,9,8,,,23,6,2018,17,23,9,555.20,11.82,954.87,495.71
002,8,7,9,8,,,23,6,2018,17,28,9,556.30,11.75,954.90,495.46
002,8,7,10,8,,,23,6,2018,17,33,9,558.70,12.08,954.79,496.45
002,10,7,11,8,,,23,6,2018,17,38,9,549.90,11.96,954.74,496.85
002,8,7,9,8,,,23,6,2018,17,43,9,555.10,12.06,954.70,497.22
002,9,7,9,8,,,23,6,2018,17,48,9,553.90,12.25,954.74,496.83
002,9,8,9,8,,,23,6,2018,17,53,9,558.30,12.10,954.66,497.55
002,9,7,9,8,,,23,6,2018,17,58,9,559.60,11.97,954.53,498.73
002,8,7,9,8,,,23,6,2018,18,3,9,555.20,11.77,954.53,498.75
002,8,7,8,8,,,23,6,2018,18,8,9,560.30,12.10,954.51,498.91
002,9,7,9,8,,,23,6,2018,18,13,9,563.30,12.53,954.53,498.68
002,10,7,9,8,,,23,6,2018,18,18,9,558.30,13.05,954.48,499.13
002,9,8,9,8,,,23,6,2018,18,23,9,543.30,13.36,954.48,499.18
002,31,20,37,10,,,23,6,2018,18,28,9,552.10,13.57,954.39,499.90
002,8,7,9,8,,,23,6,2018,18,33,9,553.50,13.82,954.50,498.97
002,9,8,9,8,,,23,6,2018,18,38,9,557.90,14.00,954.57,498.33
002,9,7,9,8,,,23,6,2018,18,43,9,557.40,13.74,954.45,499.38
002,8,7,9,8,,,23,6,2018,18,48,9,553.30,13.94,954.49,499.02
002,14,9,13,8,,,23,6,2018,18,53,9,553.50,13.47,954.58,498.22
002,8,8,9,8,,,23,6,2018,18,58,9,550.30,13.43,954.48,499.14
002,16,8,13,8,,,23,6,2018,19,3,9,554.60,13.66,954.55,498.55
002,10,8,12,8,,,23,6,2018,19,8,9,553.00,13.02,954.43,499.55
002,9,7,9,8,,,23,6,2018,19,13,9,555.90,12.42,954.41,499.71
002,8,7,9,8,,,23,6,2018,19,18,9,557.20,12.24,954.34,500.37
002,61,48,48,30,,,23,6,2018,19,23,9,555.80,12.19,954.33,500.43
002,137,135,129,100,,,23,6,2018,19,28,9,551.70,13.41,954.46,499.33
002,9,8,9,8,,,23,6,2018,19,33,9,560.60,12.60,954.24,501.20
002,9,7,9,9,,,23,6,2018,19,38,9,559.40,12.08,954.20,501.60
002,19,11,18,9,,,23,6,2018,19,43,9,559.80,12.42,954.18,501.76
002,9,7,9,8,,,23,6,2018,19,48,9,555.20,12.35,954.18,501.79
002,8,7,9,8,,,23,6,2018,19,53,9,557.10,12.04,954.01,503.21
002,9,7,9,8,,,23,6,2018,19,58,9,558.60,11.95,954.07,502.71
002,8,8,9,8,,,23,6,2018,20,3,9,560.60,12.07,953.93,503.93
002,9,7,9,8,,,23,6,2018,20,8,9,559.30,12.21,953.93,503.99
002,57,33,57,29,,,23,6,2018,20,13,9,555.30,12.78,953.99,503.40
002,9,7,9,8,,,23,6,2018,20,18,9,555.10,12.64,954.02,503.17
002,137,118,116,128,,,23,6,2018,20,23,9,549.20,13.56,954.04,502.96
002,145,135,125,116,,,23,6,2018,20,28,9,560.30,14.19,953.96,503.70
002,101,94,93,53,,,23,6,2018,20,33,9,556.90,14.35,953.99,503.43
002,85,71,81,64,,,23,6,2018,20,38,9,557.70,14.47,954.09,502.59
002,9,8,9,8,,,23,6,2018,20,43,9,558.50,14.37,954.04,503.01
002,9,7,9,9,,,23,6,2018,20,48,9,553.00,14.19,954.08,502.59
002,9,8,10,8,,,23,6,2018,20,53,9,557.90,13.91,954.15,502.06
002,8,7,8,8,,,24,6,2018,12,48,9,554.80,8.56,954.54,498.65
002,8,7,8,7,,,24,6,2018,12,53,9,552.50,8.46,954.65,497.65
002,8,7,108,7,,,24,6,2018,12,58,9,554.30,8.46,954.61,497.99
002,8,7,8,7,,,24,6,2018,13,3,9,552.80,8.51,954.62,497.91
002,12,7,8,7,,,24,6,2018,13,18,9,557.50,8.45,954.80,496.36
002,7,7,8,8,,,24,6,2018,13,23,9,554.30,8.26,954.89,495.53
002,7,7,8,8,,,24,6,2018,13,28,9,560.10,8.11,954.89,495.58
002,7,7,8,7,,,24,6,2018,13,33,9,562.40,8.16,954.97,494.85
002,7,7,9,8,,,24,6,2018,13,38,9,558.10,8.29,954.91,495.40
002,7,7,8,7,,,24,6,2018,13,43,9,559.80,8.28,955.05,494.14
002,7,7,9,7,,,24,6,2018,13,48,9,562.00,8.31,955.17,493.13
002,8,7,9,7,,,24,6,2018,13,53,9,556.80,8.42,955.27,492.20
002,7,7,8,7,,,24,6,2018,13,58,9,556.50,8.51,955.28,492.15
002,7,7,8,7,,,24,6,2018,14,3,9,552.50,8.62,955.32,491.81
002,7,7,9,7,,,24,6,2018,14,8,9,558.50,9.00,955.41,491.02
002,7,7,9,7,,,24,6,2018,14,13,9,553.30,9.12,955.51,490.17
002,8,7,8,8,,,24,6,2018,14,18,9,554.20,9.15,955.61,489.26
002,8,7,9,8,,,24,6,2018,14,23,9,555.50,9.12,955.61,489.29
002,7,7,8,8,,,24,6,2018,14,28,9,559.20,9.15,955.57,489.62
002,8,7,9,7,,,24,6,2018,14,33,9,560.10,9.36,955.75,488.08
002,7,7,9,8,,,24,6,2018,14,38,9,549.20,9.66,955.76,487.96
002,7,7,8,8,,,24,6,2018,14,43,9,550.00,9.77,955.80,487.58
002,8,8,9,8,,,24,6,2018,14,48,9,550.20,10.30,955.82,487.47
002,8,7,8,8,,,24,6,2018,14,53,9,565.60,10.46,955.90,486.71
002,8,593,8,427,,,24,6,2018,14,58,9,558.80,12.38,955.95,486.26
002,10,553,9,301,,,24,6,2018,15,3,9,554.00,14.89,956.17,484.39
002,194,307,8,232,,,24,6,2018,15,8,9,559.20,14.69,956.26,483.55
002,185,319,235,289,,,24,6,2018,15,13,9,556.20,14.63,956.37,482.64
002,110,181,150,117,,,24,6,2018,15,18,9,555.20,14.89,956.38,482.58
002,8,7,19,8,,,24,6,2018,15,23,9,556.70,13.18,956.40,482.38
002,8,7,7,8,,,24,6,2018,15,28,9,557.00,12.38,956.50,481.48
002,8,7,7,8,,,24,6,2018,15,33,9,557.20,11.91,956.33,483.01
002,8,7,8,8,,,24,6,2018,15,38,9,554.10,12.05,956.43,482.14
002,8,7,7,8,,,24,6,2018,15,43,9,553.60,12.15,956.36,482.74
002,8,7,7,8,,,24,6,2018,15,48,9,555.40,12.09,956.54,481.13
002,8,7,7,8,,,24,6,2018,15,53,9,553.20,11.78,956.61,480.57
002,8,7,7,8,,,24,6,2018,15,58,9,561.10,12.08,956.62,480.46
002,8,7,7,8,,,24,6,2018,16,3,9,550.70,12.60,956.64,480.32
002,8,7,7,8,,,24,6,2018,16,8,9,557.80,13.16,956.59,480.69
002,8,8,8,8,,,24,6,2018,16,13,9,556.20,14.26,956.56,480.99
002,228,325,443,229,,,24,6,2018,16,18,9,554.50,15.49,956.59,480.69
002,272,456,646,393,,,24,6,2018,16,23,9,554.50,16.65,956.41,482.25
002,572,705,887,565,,,24,6,2018,16,28,9,559.60,17.06,956.50,481.50
002,606,743,1380,601,,,24,6,2018,16,33,9,553.20,18.82,956.46,481.86
002,9,9,8,8,,,24,6,2018,16,38,9,555.10,18.05,956.38,482.54
002,77,109,87,79,,,24,6,2018,16,43,9,553.50,17.34,956.34,482.93
002,9,8,8,8,,,24,6,2018,16,48,9,550.40,17.09,956.20,484.14
002,8,8,8,8,,,24,6,2018,16,53,9,556.40,19.30,956.33,483.01
002,8,7,7,8,,,24,6,2018,16,58,9,559.90,19.67,956.24,483.79
002,787,792,1478,640,,,24,6,2018,17,3,9,558.80,18.24,956.06,485.35
002,732,804,1723,658,,,24,6,2018,17,8,9,557.00,18.11,956.03,485.60
002,222,289,507,317,,,24,6,2018,17,13,9,557.60,18.16,956.03,485.60
002,324,529,583,354,,,24,6,2018,17,18,9,555.00,18.63,956.01,485.81
002,8,7,7,8,,,24,6,2018,17,23,9,558.10,19.61,956.05,485.39
002,1169,905,1561,713,,,24,6,2018,17,28,9,560.50,20.16,956.10,485.00
002,1167,927,1654,749,,,24,6,2018,17,33,9,559.40,20.55,956.06,485.35
002,835,704,1400,599,,,24,6,2018,17,38,9,551.70,21.94,956.06,485.38
002,10,8,8,8,,,24,6,2018,17,43,9,559.40,23.00,956.05,485.46
002,452,616,925,366,,,24,6,2018,17,48,9,562.20,23.09,955.99,485.92
002,8,7,7,8,,,24,6,2018,17,53,9,558.80,21.42,955.97,486.16
002,8,7,7,8,,,24,6,2018,17,58,9,553.60,19.21,955.89,486.81
002,8,7,7,8,,,24,6,2018,18,3,9,551.20,18.65,956.03,485.59
002,715,601,909,482,,,24,6,2018,18,8,9,556.50,21.91,956.08,485.18
002,9,8,8,8,,,24,6,2018,18,13,9,555.30,23.65,955.95,486.31
002,713,501,1309,383,,,24,6,2018,18,18,9,552.80,23.20,955.98,486.00
002,8,8,8,8,,,24,6,2018,18,23,9,552.00,23.16,955.90,486.78
002,838,578,1283,458,,,24,6,2018,18,28,9,546.00,22.85,955.86,487.05
002,8,8,8,8,,,24,6,2018,18,33,9,555.00,22.99,955.93,486.46
002,8,8,8,8,,,24,6,2018,18,38,9,557.30,23.19,955.92,486.54
002,721,438,979,328,,,24,6,2018,18,43,9,559.80,22.71,955.81,487.56
002,9,8,8,8,,,24,6,2018,18,48,9,555.10,21.73,955.73,488.25
002,9,7,8,8,,,24,6,2018,18,53,9,557.40,21.47,955.72,488.30
002,430,449,738,314,,,24,6,2018,18,58,9,553.80,20.58,955.70,488.45
002,313,420,568,326,,,24,6,2018,19,3,9,551.00,20.39,955.74,488.14
002,17,7,8,8,,,24,6,2018,19,8,9,553.40,20.89,955.84,487.24
002,8,7,8,8,,,24,6,2018,19,13,9,550.20,21.04,955.87,487.02
002,337,401,663,305,,,24,6,2018,19,18,9,553.50,20.84,955.77,487.90
002,8,8,8,8,,,24,6,2018,19,23,9,553.30,20.97,955.75,488.05
002,9,8,8,8,,,24,6,2018,19,28,9,558.60,20.23,955.73,488.24
002,198,313,550,241,,,24,6,2018,19,33,9,559.30,18.92,955.82,487.41
002,123,281,216,197,,,24,6,2018,19,38,9,548.20,19.20,955.89,486.81
002,126,240,276,173,,,24,6,2018,19,43,9,553.20,18.45,955.93,486.49
002,130,240,271,156,,,24,6,2018,19,48,9,558.80,18.24,955.88,486.90
002,78,193,91,128,,,24,6,2018,19,53,9,555.60,17.62,955.92,486.56
002,97,195,85,150,,,24,6,2018,19,58,9,552.30,17.28,955.99,485.97
002,605,164,114,128,,,24,6,2018,20,3,9,559.00, NAN, NAN, NAN
002,8,8,7,8,,,24,6,2018,20,8,9,558.20,,,
002,1099,245,270,168,,,24,6,2018,20,13,9,555.80,,,
002,844,208,197,128,,,24,6,2018,20,18,9,553.20,,,
002,197,192,104,116,,,24,6,2018,20,23,9,560.20,,,
002,87,65,49,32,,,24,6,2018,20,28,9,551.30,,,
002,176,176,84,116,,,24,6,2018,20,33,9,560.70,,,
002,153,144,76,108,,,24,6,2018,20,38,9,558.10,,,
002,107,89,42,104,,,24,6,2018,20,43,9,554.80,,,
002,95,86,35,40,,,24,6,2018,20,48,9,555.90,,,
002,9,8,8,8,,,24,6,2018,20,53,9,557.50, NAN, NAN, NAN
002,10,7,7,8,,,25,6,2018,12,43,8,555.50,5.78,958.36,465.31
002,9,7,8,8,,,25,6,2018,12,48,8,548.30,6.33,958.52,463.92
002,9,7,7,7,,,25,6,2018,12,53,8,543.00,6.66,958.55,463.63
002,9,7,8,8,,,25,6,2018,12,58,8,554.00,6.79,958.46,464.40
002,8,7,7,8,,,25,6,2018,13,3,8,557.80,7.27,958.51,464.02
002,10,7,7,8,,,25,6,2018,13,8,8,557.30,7.61,958.55,463.62
002,8,7,7,8,,,25,6,2018,13,13,8,557.90,8.03,958.55,463.67
002,10,7,7,8,,,25,6,2018,13,18,8,557.60,8.33,958.56,463.58
002,9,7,7,8,,,25,6,2018,13,23,8,557.40,8.32,958.50,464.09
002,9,7,7,8,,,25,6,2018,13,28,8,559.10,7.90,958.40,464.96
002,9,7,7,8,,,25,6,2018,13,33,8,560.20,7.96,958.22,466.50
002,9,7,7,7,,,25,6,2018,13,38,8,557.00,8.46,958.40,464.93
002,9,8,7,8,,,25,6,2018,13,43,8,559.40,8.67,958.45,464.54
002,9,7,7,8,,,25,6,2018,13,48,8,556.00,8.72,958.42,464.81
002,9,7,7,7,,,25,6,2018,13,53,8,556.70,8.84,958.45,464.46
002,9,8,8,8,,,25,6,2018,13,58,8,560.10,8.92,958.41,464.84
002,9,7,7,8,,,25,6,2018,14,3,8,556.70,8.79,958.45,464.53
002,10,8,8,8,,,25,6,2018,14,8,8,558.70,8.77,958.46,464.37
002,10,7,7,8,,,25,6,2018,14,13,8,556.00,8.94,958.56,463.58
002,11,8,8,8,,,25,6,2018,14,18,8,556.50,9.21,958.58,463.34
002,11,7,7,8,,,25,6,2018,14,23,8,559.80,9.53,958.53,463.82
002,9,7,7,8,,,25,6,2018,14,28,8,557.30,10.20,958.46,464.44
002,9,7,7,8,,,25,6,2018,14,33,8,556.60,10.86,958.38,465.11
002,9,7,7,8,,,25,6,2018,14,38,8,557.20,11.60,958.38,465.10
002,9,7,7,8,,,25,6,2018,14,43,8,552.30,11.59,958.37,465.20
002,9,7,7,8,,,25,6,2018,14,48,8,556.20,11.72,958.46,464.46
002,9,8,8,9,,,25,6,2018,14,53,8,562.50,11.67,958.52,463.90
002,9,7,7,8,,,25,6,2018,14,58,8,561.20,11.57,958.50,464.06
002,8,8,7,8,,,25,6,2018,15,3,8,558.90,11.57,958.60,463.19
002,9,8,8,8,,,25,6,2018,15,8,8,558.50,11.43,958.52,463.87
002,8,7,7,8,,,25,6,2018,15,13,8,555.20,11.59,958.59,463.31
002,9,8,7,8,,,25,6,2018,15,18,8,558.10,11.77,958.61,463.13
002,9,7,7,8,,,25,6,2018,15,23,8,557.00,11.59,958.54,463.74
002,8,7,7,8,,,25,6,2018,15,28,8,552.80,11.94,958.39,464.99
002,9,8,7,8,,,25,6,2018,15,33,8,555.00,12.32,958.18,466.84
002,9,7,7,8,,,25,6,2018,15,38,8,551.40,12.71,957.91,469.24
002,9,8,7,8,,,25,6,2018,15,43,8,552.80,11.82,957.54,472.42
002,9,8,8,9,,,25,6,2018,15,48,8,554.50,11.49,957.43,473.41
002,9,7,7,8,,,25,6,2018,15,53,8,559.40,12.53,957.58,472.07
002,9,8,7,8,,,25,6,2018,15,58,8,554.60,13.56,957.63,471.65
002,422,465,166,264,,,25,6,2018,16,3,8,554.30, NAN, NAN, NAN
002,8,8,7,8,,,25,6,2018,16,8,8,557.90,15.01,957.55,472.34
002,8,7,7,8,,,25,6,2018,16,13,8,556.80,16.14,957.48,472.93
002,8,8,7,8,,,25,6,2018,16,18,8,539.30,18.07,957.56,472.29
002,760,729,967,519,,,25,6,2018,16,23,8,551.50,17.98,957.53,472.48
002,10,8,8,9,,,25,6,2018,16,28,8,553.70,17.79,957.45,473.26
002,793,684,1377,547,,,25,6,2018,16,33,8,551.10,17.81,957.46,473.10
002,9,8,8,9,,,25,6,2018,16,38,8,556.30,18.01,957.53,472.54
002,8,7,7,8,,,25,6,2018,16,43,8,554.00,17.20,957.46,473.14
002,9,8,7,8,,,25,6,2018,16,48,8,558.60,17.64,957.32,474.39
002,8,8,8,8,,,25,6,2018,16,53,8,558.50,18.04,957.20,475.41
002,9,8,8,9,,,25,6,2018,16,58,8,556.50,18.40,957.16,475.72
002,9,8,8,9,,,25,6,2018,17,3,8,552.20,18.93,957.07,476.56
002,9,8,8,8,,,25,6,2018,17,8,8,554.30,18.99,956.99,477.23
002,9,8,7,8,,,25,6,2018,17,13,8,553.80,18.20,956.89,478.08
002,9,8,8,9,,,25,6,2018,17,18,8,553.40,18.89,956.93,477.79
002,9,7,7,8,,,25,6,2018,17,23,8,549.00,18.72,957.08,476.47
002,8,8,8,8,,,25,6,2018,17,28,8,553.00,20.42,957.17,475.66
002,8,8,8,8,,,25,6,2018,17,33,8,550.60,20.52,957.13,476.01
002,8,8,8,8,,,25,6,2018,17,38,8,552.50,20.92,957.00,477.12
002,9,7,9,8,,,25,6,2018,17,43,8,562.40,21.33,956.98,477.34
002,9,8,8,8,,,25,6,2018,17,48,8,553.20,21.69,957.11,476.19
002,10,9,9,9,,,25,6,2018,17,53,8,554.20,21.41,957.04,476.77
002,9,8,8,9,,,25,6,2018,17,58,8,555.00,21.01,956.99,477.25
002,9,9,8,9,,,25,6,2018,18,3,8,557.00,20.90,956.98,477.30
002,388,308,381,236,,,25,6,2018,18,8,8,557.00,20.45,956.92,477.87
002,9,8,8,8,,,25,6,2018,18,13,8,554.10,21.45,956.88,478.17
002,9,9,9,9,,,25,6,2018,18,18,8,555.70,22.44,956.88,478.22
002,9,8,9,8,,,25,6,2018,18,23,8,549.00,20.52,956.78,479.05
002,9,8,8,9,,,25,6,2018,18,28,8,557.70,19.56,956.82,478.75
002,10,8,9,9,,,25,6,2018,18,33,8,555.90,19.45,956.77,479.12
002,9,8,9,9,,,25,6,2018,18,38,8,556.40,18.55,956.59,480.69
002,9,8,9,8,,,25,6,2018,18,43,8,549.80,17.94,956.69,479.83
002,9,9,9,9,,,25,6,2018,18,48,8,548.80,17.11,956.68,479.97
002,9,8,9,9,,,25,6,2018,18,53,8,548.20,16.90,956.63,480.33
002,9,8,8,8,,,25,6,2018,18,59,22,549.90,16.35,956.64,480.32
002,8,8,9,8,,,25,6,2018,19,5,5,551.20,15.91,956.51,481.40
002,9,7,9,8,,,25,6,2018,19,10,25,553.40,15.62,956.38,482.54
