002,4095,4095,4095,4095,,,10,5,2019,18,23,58,564.80,20.25,953.83,504.84
002,4095,2731,4095,190,,,10,5,2019,18,32,31,564.80,21.28,953.85,504.64
002,798,644,780,381,,,10,5,2019,18,38,9,553.00,22.77,953.80,505.04
002,804,638,774,401,,,10,5,2019,18,43,9,551.90,22.83,953.73,505.66
002,840,650,798,401,,,10,5,2019,18,48,9,551.10,22.70,953.72,505.82
002,828,654,782,401,,,10,5,2019,18,53,9,549.80,22.77,953.71,505.87
002,865,697,804,420,,,10,5,2019,18,58,9,552.50,23.70,953.73,505.72
002,784,616,761,387,,,10,5,2019,19,3,9,550.40,23.95,953.74,505.61
002,769,589,737,355,,,10,5,2019,19,8,9,556.00,23.72,953.73,505.71
002,748,594,725,357,,,10,5,2019,19,13,9,551.10,24.05,953.76,505.39
002,699,575,677,341,,,10,5,2019,19,18,9,556.20,23.53,953.71,505.91
002,694,556,668,327,,,10,5,2019,19,23,9,552.50,23.12,953.78,505.28
002,660,525,652,325,,,10,5,2019,19,28,9,557.40,23.05,953.77,505.37
002,668,520,627,321,,,10,5,2019,19,33,9,552.90,22.72,953.78,505.23
002,639,480,604,290,,,10,5,2019,19,38,9,555.00,22.12,953.76,505.39
002,604,484,572,280,,,10,5,2019,19,43,9,551.30,21.77,953.75,505.50
002,595,473,556,279,,,10,5,2019,19,48,9,548.90,21.56,953.75,505.50
002,557,452,538,257,,,10,5,2019,19,53,9,555.90,21.61,953.82,504.87
002,536,445,524,260,,,10,5,2019,19,58,9,554.90,21.35,953.98,503.55
002,500,392,485,247,,,10,5,2019,20,3,9,551.50,21.23,953.99,503.38
002,475,397,469,226,,,10,5,2019,20,8,9,553.10,20.78,954.01,503.25
002,465,372,412,223,,,10,5,2019,20,13,9,552.80,20.54,954.03,503.05
002,421,341,403,211,,,10,5,2019,20,18,9,552.90,20.47,954.09,502.56
002,376,312,356,183,,,10,5,2019,20,23,9,556.30,20.51,954.15,502.01
002,351,287,329,159,,,10,5,2019,20,28,9,555.40,20.56,954.19,501.70
002,299,263,300,143,,,10,5,2019,20,33,9,557.20,20.05,954.25,501.17
002,278,224,266,141,,,10,5,2019,20,38,9,557.70,19.95,954.27,500.99
002,263,220,275,142,,,10,5,2019,20,43,9,555.40,20.10,954.24,501.26
002,232,197,225,120,,,10,5,2019,20,48,9,551.90,20.17,954.33,500.41
002,213,198,217,134,,,10,5,2019,20,53,9,551.10,19.67,954.27,501.01
002,157,145,156,99,,,10,5,2019,20,58,9,553.90,19.47,954.31,500.59
002,10,10,11,915,,,10,5,2019,21,3,9,551.20,19.02,954.19,501.65
002,124,159,115,58,,,10,5,2019,21,8,9,546.70,18.63,954.11,502.40
002,11,11,12,11,,,10,5,2019,21,13,9,544.90,18.60,954.18,501.79
002,11,9,12,10,,,11,5,2019,12,8,9,556.30,8.77,956.58,480.83
002,10,9,11,10,,,11,5,2019,12,13,9,554.50,9.57,956.65,480.21
002,143,172,113,33,,,11,5,2019,12,18,9,556.10,9.95,956.67,479.99
002,124,114,113,40,,,11,5,2019,12,23,9,556.70,10.09,956.62,480.44
002,156,152,144,95,,,11,5,2019,12,28,9,552.90,10.39,956.67,480.03
002,187,164,169,126,,,11,5,2019,12,33,9,552.20,11.00,956.69,479.82
002,224,187,207,128,,,11,5,2019,12,38,9,557.10,11.56,956.77,479.15
002,240,209,229,138,,,11,5,2019,12,43,9,553.60,11.78,956.78,479.07
002,283,228,270,140,,,11,5,2019,12,48,9,562.20,12.38,956.84,478.53
002,301,273,298,152,,,11,5,2019,12,53,9,546.70,12.23,956.83,478.61
002,370,295,357,180,,,11,5,2019,12,58,9,554.90,12.42,956.86,478.34
002,403,328,377,191,,,11,5,2019,13,3,9,554.50,12.64,956.94,477.66
002,433,346,416,201,,,11,5,2019,13,8,9,562.00,12.68,956.93,477.79
002,427,360,417,209,,,11,5,2019,13,13,9,565.90,13.78,957.05,476.71
002,452,362,424,222,,,11,5,2019,13,18,9,553.60,14.00,957.05,476.69
002,473,385,439,225,,,11,5,2019,13,23,9,561.90,14.11,957.06,476.59
002,499,400,476,246,,,11,5,2019,13,28,9,552.40,14.48,957.12,476.12
002,523,416,496,260,,,11,5,2019,13,33,9,553.80,15.65,957.09,476.34
002,533,413,513,265,,,11,5,2019,13,38,9,547.00,16.06,957.12,476.06
002,546,449,533,270,,,11,5,2019,13,43,9,558.40,16.38,957.15,475.81
002,571,467,551,277,,,11,5,2019,13,48,9,559.10,16.60,957.18,475.61
002,605,467,593,289,,,11,5,2019,13,53,9,562.40,17.87,957.24,475.08
002,609,484,576,287,,,11,5,2019,13,58,9,557.50,17.53,957.14,475.92
002,650,515,623,313,,,11,5,2019,14,3,9,558.80,17.36,957.15,475.84
002,689,537,640,324,,,11,5,2019,14,8,9,559.10,17.79,957.04,476.79
002,708,572,730,337,,,11,5,2019,14,13,9,558.70,18.25,957.10,476.28
002,745,569,692,356,,,11,5,2019,14,18,9,558.40,19.04,957.14,475.92
002,721,580,701,350,,,11,5,2019,14,23,9,556.60,18.96,957.08,476.47
002,757,592,725,368,,,11,5,2019,14,28,9,560.40,19.18,957.09,476.39
002,787,611,752,374,,,11,5,2019,14,33,9,553.90,20.50,957.06,476.66
002,783,625,759,384,,,11,5,2019,14,38,9,552.40,21.73,956.90,478.00
002,813,649,777,391,,,11,5,2019,14,43,9,553.50,21.90,956.85,478.45
002,831,653,804,395,,,11,5,2019,14,48,9,555.20,22.21,956.90,478.00
002,808,643,791,385,,,11,5,2019,14,53,9,557.30,22.81,956.95,477.56
002,801,630,777,399,,,11,5,2019,14,58,9,551.30,23.34,956.83,478.59
002,780,605,777,369,,,11,5,2019,15,3,9,552.50,23.17,956.87,478.31
002,804,629,753,384,,,11,5,2019,15,8,9,555.60,23.42,956.82,478.70
002,790,610,753,391,,,11,5,2019,15,13,9,556.20,21.63,956.75,479.32
002,821,652,772,388,,,11,5,2019,15,18,9,553.40,22.29,956.76,479.20
002,852,685,793,404,,,11,5,2019,15,23,9,555.00,23.02,956.73,479.49
002,841,632,807,389,,,11,5,2019,15,28,9,553.90,23.19,956.70,479.73
002,844,656,792,383,,,11,5,2019,15,33,9,552.90,23.51,956.73,479.50
002,829,651,810,399,,,11,5,2019,15,38,9,551.60,24.38,956.65,480.17
002,825,660,800,392,,,11,5,2019,15,43,9,556.70,23.78,956.67,479.98
002,812,636,772,398,,,11,5,2019,15,48,9,553.10,23.31,956.77,479.12
002,790,649,788,385,,,11,5,2019,15,53,9,551.70,21.89,956.67,480.01
002,825,644,772,389,,,11,5,2019,15,58,9,557.80,22.66,956.61,480.51
002,830,636,819,400,,,11,5,2019,16,3,9,559.10,22.53,956.63,480.35
002,846,680,825,395,,,11,5,2019,16,8,9,555.00,22.28,956.71,479.64
002,902,678,856,437,,,11,5,2019,16,13,9,557.50,21.93,956.73,479.50
002,849,661,812,409,,,11,5,2019,16,18,9,558.50,21.40,956.61,480.55
002,912,683,873,440,,,11,5,2019,16,23,9,559.00,22.66,956.61,480.57
002,897,681,857,433,,,11,5,2019,16,28,9,561.30,23.69,956.55,481.06
002,884,692,844,429,,,11,5,2019,16,33,9,555.60,23.21,956.54,481.13
002,942,752,924,461,,,11,5,2019,16,38,9,552.70,23.59,956.45,481.94
002,972,749,916,460,,,11,5,2019,16,43,9,554.00,25.10,956.44,482.04
002,951,774,899,463,,,11,5,2019,16,48,9,557.00,25.68,956.35,482.82
002,909,710,869,422,,,11,5,2019,16,53,9,557.10,25.58,956.32,483.04
002,910,718,881,433,,,11,5,2019,16,58,9,564.10,26.16,956.39,482.51
002,897,712,858,441,,,11,5,2019,17,3,9,555.30,26.06,956.40,482.37
002,856,677,825,413,,,11,5,2019,17,8,9,552.30,24.86,956.37,482.61
002,900,713,849,432,,,11,5,2019,17,13,9,548.00,24.16,956.49,481.58
002,884,680,856,415,,,11,5,2019,17,18,9,555.50,23.15,956.44,482.04
002,869,671,840,413,,,11,5,2019,17,23,9,553.50,24.41,956.46,481.86
002,896,692,812,393,,,11,5,2019,17,28,9,563.30,23.75,956.29,483.32
002,889,720,861,423,,,11,5,2019,17,33,9,555.80,24.97,956.29,483.32
002,870,652,817,400,,,11,5,2019,17,38,9,562.40,26.78,956.28,483.45
002,861,660,829,405,,,11,5,2019,17,43,9,555.70,26.51,956.28,483.46
002,825,656,803,399,,,11,5,2019,17,48,9,550.10,26.19,956.26,483.55
002,828,649,769,390,,,11,5,2019,17,53,9,550.20,24.60,956.17,484.37
002,822,641,773,388,,,11,5,2019,17,58,9,557.50,24.93,956.11,484.88
002,821,657,781,388,,,11,5,2019,18,3,9,560.00,24.63,956.13,484.77
002,841,664,819,391,,,11,5,2019,18,8,9,557.10,24.73,956.00,485.84
002,856,664,812,408,,,11,5,2019,18,13,9,552.20,25.17,955.92,486.54
002,863,680,835,432,,,11,5,2019,18,18,9,556.10,25.28,955.91,486.64
002,853,683,824,421,,,11,5,2019,18,23,9,557.00,25.67,955.86,487.06
002,843,639,786,416,,,11,5,2019,18,28,9,550.10,25.38,956.01,485.77
002,783,616,740,380,,,11,5,2019,18,33,9,546.00,26.34,955.88,486.89
002,821,644,789,394,,,11,5,2019,18,38,9,549.90,24.92,955.81,487.55
002,804,645,780,393,,,11,5,2019,18,43,9,548.00,24.60,955.79,487.71
002,827,640,816,396,,,11,5,2019,18,48,9,550.80,23.88,955.83,487.36
002,793,624,752,381,,,11,5,2019,18,53,9,551.90,23.33,955.76,487.93
002,809,624,775,382,,,11,5,2019,18,58,9,555.70,23.07,955.70,488.51
002,797,600,748,380,,,11,5,2019,19,3,9,557.30,23.74,955.60,489.38
002,799,625,768,380,,,11,5,2019,19,8,9,556.80,24.61,955.69,488.59
002,748,581,722,342,,,11,5,2019,19,13,9,556.80,25.27,955.61,489.29
002,728,588,705,361,,,11,5,2019,19,18,9,555.00,25.92,955.60,489.36
002,717,577,692,357,,,11,5,2019,19,23,9,557.10,25.50,955.60,489.36
002,700,561,652,321,,,11,5,2019,19,28,9,551.50,25.45,955.59,489.44
002,644,513,628,310,,,11,5,2019,19,33,9,554.20,24.58,955.50,490.24
002,584,485,581,280,,,11,5,2019,19,38,9,554.50,23.96,955.47,490.52
002,585,460,556,273,,,11,5,2019,19,43,9,553.60,24.03,955.41,491.04
002,581,461,548,271,,,11,5,2019,19,48,9,554.50,23.94,955.45,490.64
002,540,432,527,269,,,11,5,2019,19,53,9,555.20,23.75,955.49,490.30
002,506,396,496,260,,,11,5,2019,19,58,9,553.60,23.41,955.59,489.43
002,517,412,516,249,,,11,5,2019,20,3,9,555.50,22.94,955.56,489.70
002,452,367,460,224,,,11,5,2019,20,8,9,555.50,22.80,955.49,490.32
002,456,369,447,225,,,11,5,2019,20,13,9,554.70,22.27,955.45,490.66
002,430,365,412,213,,,11,5,2019,20,18,9,553.10,22.08,955.27,492.24
002,421,329,389,200,,,11,5,2019,20,23,9,551.30,22.03,955.35,491.51
002,353,304,357,184,,,11,5,2019,20,28,9,559.40,21.58,955.42,490.92
002,294,263,314,156,,,11,5,2019,20,33,9,557.00,21.45,955.46,490.55
002,289,243,279,135,,,11,5,2019,20,38,9,553.70,20.93,955.55,489.78
002,244,216,237,117,,,11,5,2019,20,43,9,553.10,20.40,955.72,488.31
002,10,11,11,313,,,11,5,2019,20,48,9,552.90,20.12,955.76,487.93
002,54,29,46,991,,,11,5,2019,20,53,9,555.60,19.94,955.70,488.45
002,9,9,9,1208,,,11,5,2019,20,58,9,551.40,19.51,955.74,488.14
002,125,98,122,552,,,11,5,2019,21,3,9,549.30,19.20,955.86,487.09
002,10,9,10,708,,,11,5,2019,21,8,9,549.00,19.03,955.83,487.37
002,10,9,9,978,,,11,5,2019,21,13,9,551.00,18.74,955.97,486.14
002,11,9,13,10,,,12,5,2019,12,13,9,545.70,9.65,955.34,491.62
002,10,10,13,10,,,12,5,2019,12,18,9,549.40,10.50,955.40,491.09
002,150,123,136,77,,,12,5,2019,12,23,9,556.20,11.06,955.42,490.94
002,11,9,10,10,,,12,5,2019,12,28,9,552.80,11.25,955.51,490.11
002,9,8,9,9,,,12,5,2019,12,33,9,558.90,11.80,955.56,489.74
002,214,204,216,143,,,12,5,2019,12,38,9,556.30,11.73,955.65,488.94
002,268,208,244,129,,,12,5,2019,12,43,9,554.70,11.78,955.58,489.49
002,282,250,271,147,,,12,5,2019,12,48,9,546.40,12.34,955.69,488.53
002,330,276,332,291,,,12,5,2019,12,53,9,553.10,13.51,955.79,487.69
002,384,323,364,1288,,,12,5,2019,12,58,9,556.30,13.39,955.69,488.59
002,409,333,401,197,,,12,5,2019,13,3,9,563.40,13.56,955.72,488.31
002,439,369,427,1881,,,12,5,2019,13,8,9,559.40,14.02,955.77,487.86
002,483,382,447,327,,,12,5,2019,13,13,9,561.20,14.07,955.76,488.00
002,524,411,496,531,,,12,5,2019,13,18,9,559.30,14.69,955.70,488.44
002,537,451,537,273,,,12,5,2019,13,23,9,564.50,15.16,955.69,488.55
002,572,459,543,2790,,,12,5,2019,13,28,9,561.50,15.67,955.81,487.56
002,601,489,579,300,,,12,5,2019,13,33,9,557.20,15.37,955.75,488.00
002,641,513,609,309,,,12,5,2019,13,38,9,560.10,16.20,955.78,487.80
002,688,540,664,1553,,,12,5,2019,13,43,9,558.20,16.27,955.82,487.44
002,689,542,653,1768,,,12,5,2019,13,48,9,560.00,15.57,955.87,487.04
002,721,573,683,349,,,12,5,2019,13,53,9,557.00,16.04,955.90,486.76
002,736,601,721,2304,,,12,5,2019,13,58,9,554.10,16.31,955.89,486.79
002,777,616,740,2222,,,12,5,2019,14,3,9,562.30,16.60,955.93,486.43
002,796,628,748,1425,,,12,5,2019,14,8,9,561.20,16.98,955.96,486.25
002,814,634,776,1506,,,12,5,2019,14,13,9,554.70,16.90,956.04,485.52
002,829,657,814,1609,,,12,5,2019,14,18,9,556.60,17.81,956.06,485.34
002,857,656,809,2578,,,12,5,2019,14,23,9,557.30,18.75,956.10,485.01
002,880,701,849,1614,,,12,5,2019,14,28,9,559.60,19.10,956.10,485.01
002,883,707,856,1432,,,12,5,2019,14,33,9,556.10,19.70,956.12,484.79
002,897,725,857,768,,,12,5,2019,14,38,9,551.60,20.77,956.23,483.84
002,929,717,875,1547,,,12,5,2019,14,43,9,553.90,21.82,956.22,483.92
002,937,725,905,1465,,,12,5,2019,14,48,9,552.30,21.65,956.18,484.27
002,961,764,904,1703,,,12,5,2019,14,53,9,553.10,21.18,956.25,483.70
002,969,761,921,1481,,,12,5,2019,14,58,9,554.70,22.48,956.19,484.22
002,969,740,937,1577,,,12,5,2019,15,3,9,556.00,23.07,956.12,484.79
002,977,773,954,1548,,,12,5,2019,15,8,9,555.20,24.16,956.20,484.13
002,986,772,942,1486,,,12,5,2019,15,13,9,559.70,23.73,956.13,484.73
002,1013,785,958,1743,,,12,5,2019,15,18,9,559.40,24.16,956.13,484.69
002,1011,789,989,1517,,,12,5,2019,15,23,9,557.00,25.38,956.05,485.39
002,1039,804,989,1559,,,12,5,2019,15,28,9,554.20,26.02,956.06,485.36
002,1037,828,1001,1920,,,12,5,2019,15,33,9,558.20,26.88,956.03,485.57
002,1043,807,1001,1688,,,12,5,2019,15,38,9,556.50,26.64,955.96,486.24
002,1046,823,1014,1970,,,12,5,2019,15,43,9,552.00,26.00,955.91,486.66
002,1048,817,1005,1872,,,12,5,2019,15,48,9,556.20,25.24,955.93,486.46
002,1037,792,998,1945,,,12,5,2019,15,53,9,560.00,26.10,955.87,487.04
002,1045,829,1017,1969,,,12,5,2019,15,58,9,557.10,25.14,955.86,487.11
002,1060,830,1025,2140,,,12,5,2019,16,3,9,559.90,24.90,955.82,487.42
002,1069,845,1023,2002,,,12,5,2019,16,8,9,568.50,26.63,955.86,487.11
002,1036,805,994,2099,,,12,5,2019,16,13,9,560.50,27.44,955.75,488.05
002,1052,816,1078,2054,,,12,5,2019,16,18,9,561.80,27.67,955.77,487.90
002,1049,820,1036,1828,,,12,5,2019,16,23,9,557.10,27.12,955.64,488.97
002,1036,799,996,1811,,,12,5,2019,16,28,9,560.40,27.57,955.62,489.17
002,1038,812,1012,1971,,,12,5,2019,16,33,9,559.00,27.74,955.61,489.31
002,1076,836,1021,1619,,,12,5,2019,16,38,9,555.30,26.72,955.52,490.02
002,1036,812,998,2265,,,12,5,2019,16,43,9,555.20,26.45,955.43,490.83
002,1045,817,1011,2286,,,12,5,2019,16,48,9,560.00,27.07,955.30,492.00
002,1033,829,1009,1760,,,12,5,2019,16,53,9,559.30,27.25,955.28,492.13
002,1052,825,998,516,,,12,5,2019,16,58,9,555.30,26.96,955.25,492.40
002,1046,825,997,2156,,,12,5,2019,17,3,9,553.90,28.16,955.16,493.18
002,1068,837,1021,2911,,,12,5,2019,17,8,9,555.30,27.17,955.07,494.02
002,1095,854,1052,2662,,,12,5,2019,17,13,9,559.70,27.80,955.04,494.28
002,1092,840,1039,1568,,,12,5,2019,17,18,9,561.40,29.15,954.98,494.78
002,1076,837,1023,1723,,,12,5,2019,17,23,9,555.90,29.60,954.90,495.51
002,1051,835,1028,905,,,12,5,2019,17,28,9,555.40,28.08,954.90,495.46
002,1055,846,1022,513,,,12,5,2019,17,33,9,552.30,28.02,954.85,495.86
002,1080,833,1052,520,,,12,5,2019,17,38,9,555.70,28.24,954.87,495.71
002,1073,829,1031,521,,,12,5,2019,17,43,9,552.80,27.64,954.85,495.92
002,1075,832,1035,3422,,,12,5,2019,17,48,9,556.50,28.44,954.85,495.89
002,1028,820,1012,2350,,,12,5,2019,17,53,9,561.60,28.18,954.85,495.94
002,1048,816,1004,2390,,,12,5,2019,17,58,9,557.20,28.70,954.82,496.18
002,1060,804,988,2439,,,12,5,2019,18,3,9,562.30,29.93,954.81,496.28
002,998,796,957,2397,,,12,5,2019,18,8,9,561.50,30.40,954.82,496.17
002,988,768,936,468,,,12,5,2019,18,13,9,554.80,29.76,954.85,495.88
002,953,742,916,2873,,,12,5,2019,18,18,9,555.10,29.17,954.76,496.67
002,928,748,901,2572,,,12,5,2019,18,23,9,559.00,30.46,954.76,496.65
002,946,741,927,1436,,,12,5,2019,18,28,9,550.70,30.70,954.87,495.72
002,901,699,880,2276,,,12,5,2019,18,33,9,552.70,29.51,954.76,496.70
002,894,702,845,429,,,12,5,2019,18,38,9,552.60,29.51,954.73,496.92
002,895,709,884,3406,,,12,5,2019,18,43,9,549.60,30.14,954.71,497.14
002,928,704,879,2877,,,12,5,2019,18,48,9,550.70,30.08,954.69,497.28
002,852,689,873,412,,,12,5,2019,18,53,9,548.50,30.66,954.66,497.54
002,844,665,789,396,,,12,5,2019,18,58,9,552.50,29.47,954.67,497.45
002,872,716,860,2150,,,12,5,2019,19,3,9,555.20,28.40,954.68,497.42
002,793,617,776,2872,,,12,5,2019,19,8,9,548.10,28.43,954.68,497.41
002,812,640,780,416,,,12,5,2019,19,13,9,551.10,28.83,954.59,498.21
002,824,676,831,2563,,,12,5,2019,19,18,9,550.60,29.14,954.62,497.91
002,772,593,735,1762,,,12,5,2019,19,23,9,552.70,27.96,954.61,498.00
002,803,620,785,3351,,,12,5,2019,19,28,9,550.30,27.26,954.66,497.56
002,790,625,764,391,,,12,5,2019,19,33,9,550.00,27.62,954.67,497.52
002,756,589,740,2014,,,12,5,2019,19,38,9,555.50,27.69,954.68,497.35
002,757,604,729,364,,,12,5,2019,19,43,9,552.50,27.14,954.71,497.15
002,712,545,695,2224,,,12,5,2019,19,48,9,556.00,26.55,954.68,497.37
002,703,557,701,1182,,,12,5,2019,19,53,9,554.00,26.93,954.75,496.80
002,697,590,677,1339,,,12,5,2019,19,58,9,553.60,26.23,954.78,496.53
002,624,503,593,1467,,,12,5,2019,20,3,9,552.80,25.89,954.78,496.56
002,568,445,532,1343,,,12,5,2019,20,8,9,556.20,26.35,954.83,496.08
002,552,445,564,1248,,,12,5,2019,20,13,9,556.00,25.89,954.81,496.24
002,493,408,476,1027,,,12,5,2019,20,18,9,552.60,25.61,954.78,496.55
002,492,393,473,1004,,,12,5,2019,20,23,9,551.00,26.00,954.84,496.03
002,10,9,10,556,,,12,5,2019,20,28,9,551.80,25.52,954.83,496.09
002,437,378,438,2486,,,12,5,2019,20,33,9,549.30,25.20,954.84,495.97
002,394,333,372,1912,,,12,5,2019,20,38,9,548.90,24.22,954.80,496.31
002,365,281,368,1391,,,12,5,2019,20,43,9,549.40,23.91,954.78,496.52
002,323,270,314,2196,,,12,5,2019,20,48,9,548.80,23.71,954.85,495.93
002,289,245,264,1940,,,12,5,2019,20,53,9,547.00,23.46,954.81,496.24
002,230,189,230,1827,,,12,5,2019,20,58,9,548.40,23.31,954.85,495.87
002,36,9,14,679,,,12,5,2019,21,3,9,547.50,23.00,954.81,496.25
002,155,143,137,1159,,,12,5,2019,21,8,9,543.10,22.29,954.90,495.50
002,10,9,10,509,,,12,5,2019,21,13,9,548.80,22.17,954.87,495.71
002,134,160,133,61,,,13,5,2019,12,13,8,539.80,11.36,955.09,493.85
002,164,158,164,142,,,13,5,2019,12,18,8,549.90,11.90,955.08,493.93
002,200,208,198,127,,,13,5,2019,12,23,8,554.70,13.05,955.25,492.45
002,249,213,259,125,,,13,5,2019,12,28,8,555.70,13.52,955.27,492.27
002,260,231,243,134,,,13,5,2019,12,33,8,554.40,13.90,955.30,491.99
002,323,264,305,165,,,13,5,2019,12,38,8,555.80,14.46,955.27,492.28
002,375,312,372,173,,,13,5,2019,12,43,8,558.80,14.37,955.26,492.34
002,417,351,395,203,,,13,5,2019,12,48,8,553.00,14.24,955.22,492.70
002,447,362,432,219,,,13,5,2019,12,53,8,550.70,15.26,955.30,491.98
002,519,401,459,234,,,13,5,2019,12,58,8,555.40,16.03,955.32,491.79
002,537,436,497,248,,,13,5,2019,13,3,8,562.30,16.84,955.36,491.47
002,571,469,541,274,,,13,5,2019,13,8,8,557.90,17.16,955.35,491.52
002,601,485,573,297,,,13,5,2019,13,13,8,555.80,16.99,955.37,491.35
002,649,512,617,317,,,13,5,2019,13,18,8,552.60,17.25,955.38,491.28
002,667,564,634,323,,,13,5,2019,13,23,8,550.10,16.87,955.40,491.08
002,693,560,676,340,,,13,5,2019,13,28,8,555.30,17.53,955.47,490.46
002,745,585,703,357,,,13,5,2019,13,33,8,560.10,18.61,955.51,490.11
002,749,580,713,355,,,13,5,2019,13,38,8,560.20,19.59,955.54,489.91
002,768,611,731,366,,,13,5,2019,13,43,8,564.10,20.36,955.51,490.13
002,792,633,776,376,,,13,5,2019,13,48,8,563.10,21.35,955.63,489.10
002,836,668,806,408,,,13,5,2019,13,53,8,559.90,21.58,955.47,490.47
002,862,708,841,409,,,13,5,2019,13,58,8,561.80,21.50,955.46,490.62
002,912,707,862,433,,,13,5,2019,14,3,8,553.10,21.80,955.43,490.81
002,937,745,881,445,,,13,5,2019,14,8,8,555.50,22.39,955.44,490.72
002,945,743,907,452,,,13,5,2019,14,13,8,562.50,22.44,955.44,490.78
002,929,740,897,450,,,13,5,2019,14,18,8,562.50,22.85,955.46,490.56
002,953,745,917,454,,,13,5,2019,14,23,8,556.50,23.78,955.42,490.95
002,1000,785,926,480,,,13,5,2019,14,28,8,554.90,24.36,955.45,490.68
002,973,781,932,477,,,13,5,2019,14,33,8,554.10,24.57,955.45,490.66
002,997,773,956,464,,,13,5,2019,14,38,9,555.40,24.73,955.33,491.71
002,993,771,965,485,,,13,5,2019,14,43,8,556.70,25.13,955.33,491.75
002,985,776,959,473,,,13,5,2019,14,48,8,544.30,25.73,955.36,491.49
002,1012,809,969,486,,,13,5,2019,14,53,8,551.00,25.96,955.30,492.02
002,1020,790,964,485,,,13,5,2019,14,58,9,558.10,26.04,955.31,491.93
002,1041,820,1008,494,,,13,5,2019,15,3,8,557.30,26.74,955.26,492.35
002,1027,813,996,489,,,13,5,2019,15,8,8,554.30,25.97,955.28,492.13
002,1060,813,998,502,,,13,5,2019,15,13,8,550.00,25.97,955.25,492.39
002,1070,856,1019,521,,,13,5,2019,15,18,9,552.40,27.74,955.16,493.23
002,1081,841,1029,524,,,13,5,2019,15,23,8,555.10,28.20,955.07,493.96
002,1065,825,1006,513,,,13,5,2019,15,28,8,554.80,27.64,955.10,493.72
002,1042,804,1020,493,,,13,5,2019,15,33,8,555.90,28.12,955.07,493.95
002,1072,836,1035,518,,,13,5,2019,15,38,8,555.40,28.66,955.02,494.46
002,1087,852,1038,519,,,13,5,2019,15,43,8,554.50,28.96,955.00,494.59
002,1108,849,1048,519,,,13,5,2019,15,48,8,557.10,29.57,955.03,494.30
002,1113,854,1077,516,,,13,5,2019,15,53,8,556.30,30.01,955.01,494.48
002,1129,868,1060,529,,,13,5,2019,15,58,8,556.20,29.85,954.92,495.26
002,1109,860,1064,538,,,13,5,2019,16,3,8,559.90,30.08,954.82,496.16
002,1101,852,1048,524,,,13,5,2019,16,8,8,561.40,28.69,954.75,496.79
002,1076,856,1037,505,,,13,5,2019,16,13,8,560.90,28.24,954.68,497.39
002,1081,860,1049,536,,,13,5,2019,16,18,8,558.10,29.34,954.73,496.95
002,1105,868,1071,533,,,13,5,2019,16,23,8,555.70,29.79,954.65,497.61
002,1087,878,1060,528,,,13,5,2019,16,28,8,556.00,30.54,954.65,497.68
002,1165,862,1101,548,,,13,5,2019,16,33,8,552.20,30.94,954.60,498.12
002,1117,869,1092,540,,,13,5,2019,16,38,8,555.70,30.25,954.49,499.03
002,1107,866,1085,532,,,13,5,2019,16,43,8,553.70,30.87,954.47,499.21
002,1080,849,1048,543,,,13,5,2019,16,48,8,557.70,30.14,954.44,499.48
002,1085,841,1015,504,,,13,5,2019,16,53,8,560.00,29.56,954.33,500.49
002,1009,786,940,475,,,13,5,2019,16,58,8,553.60,30.40,954.35,500.29
002,1027,807,988,495,,,13,5,2019,17,3,8,553.20,30.32,954.33,500.45
002,1021,804,980,496,,,13,5,2019,17,8,8,548.20,29.72,954.27,500.96
002,1021,788,982,483,,,13,5,2019,17,13,8,554.90,29.72,954.29,500.80
002,1000,776,954,480,,,13,5,2019,17,18,8,547.60,30.31,954.26,501.04
002,969,768,945,480,,,13,5,2019,17,23,8,551.80,31.20,954.21,501.50
002,1022,795,956,484,,,13,5,2019,17,28,8,557.10,30.20,954.17,501.83
002,988,768,953,477,,,13,5,2019,17,33,8,553.50,31.12,954.24,501.24
002,981,784,965,473,,,13,5,2019,17,38,8,556.20,31.43,954.29,500.79
002,980,801,953,477,,,13,5,2019,17,43,8,554.50,31.24,954.17,501.82
002,997,776,957,476,,,13,5,2019,17,48,8,558.60,31.03,954.27,500.97
002,987,792,947,471,,,13,5,2019,17,53,8,563.40,31.34,954.23,501.32
002,1029,781,972,485,,,13,5,2019,17,58,8,563.20,31.10,954.19,501.65
002,1000,788,969,485,,,13,5,2019,18,3,8,568.10,31.19,954.11,502.37
002,1008,805,980,500,,,13,5,2019,18,8,8,557.10,31.12,954.10,502.46
002,1020,797,1012,500,,,13,5,2019,18,13,8,546.30,31.84,954.14,502.12
002,1029,797,975,495,,,13,5,2019,18,18,8,551.60,32.60,954.17,501.87
002,988,786,946,468,,,13,5,2019,18,23,8,554.40,33.31,954.13,502.18
002,1010,760,948,462,,,13,5,2019,18,28,8,549.00,33.48,954.16,501.93
002,966,756,937,468,,,13,5,2019,18,33,8,554.60,32.61,954.10,502.45
002,1012,768,973,488,,,13,5,2019,18,38,8,550.90,32.79,954.05,502.91
002,968,748,941,454,,,13,5,2019,18,43,8,552.10,33.57,954.00,503.34
002,934,732,879,445,,,13,5,2019,18,48,8,553.20,33.21,953.98,503.55
002,978,740,932,464,,,13,5,2019,18,53,8,553.10,33.12,954.05,502.91
002,953,734,928,469,,,13,5,2019,18,58,8,557.20,33.62,954.06,502.80
002,957,735,911,456,,,13,5,2019,19,3,8,551.60,32.69,954.04,502.96
002,909,721,879,428,,,13,5,2019,19,8,8,554.80,31.55,953.99,503.41
002,876,689,845,420,,,13,5,2019,19,13,8,552.50,31.61,954.04,503.00
002,900,712,844,421,,,13,5,2019,19,18,8,554.80,32.03,954.01,503.27
002,876,676,828,405,,,13,5,2019,19,23,8,555.80,32.32,954.00,503.36
002,841,666,828,397,,,13,5,2019,19,28,8,552.40,31.71,953.94,503.85
002,796,652,764,381,,,13,5,2019,19,33,8,553.10,31.35,953.89,504.30
002,765,604,749,370,,,13,5,2019,19,38,8,551.50,32.31,953.98,503.53
002,777,609,744,351,,,13,5,2019,19,43,8,554.50,31.87,953.96,503.70
002,716,566,680,1628,,,13,5,2019,19,51,57,553.50,31.05,953.92,504.07
002,409,337,400,205,,,13,5,2019,20,38,8,549.50,29.51,954.09,502.56
002,384,293,369,182,,,13,5,2019,20,43,8,551.30,29.10,954.14,502.08
002,12,11,12,111,,,13,5,2019,20,48,8,550.40,29.37,954.07,502.74
002,309,253,302,148,,,13,5,2019,20,53,8,551.00,28.87,954.11,502.35
002,252,210,239,2116,,,13,5,2019,20,58,8,549.70,28.37,954.06,502.81
002,12,11,11,374,,,13,5,2019,21,3,8,545.60,27.87,954.17,501.87
002,166,160,159,919,,,13,5,2019,21,8,8,549.60,27.25,954.16,501.90
002,13,11,11,1176,,,13,5,2019,21,13,8,546.40,26.79,954.15,502.06
002,135,113,132,1795,,,14,5,2019,12,13,8,534.80,12.97,953.70,505.98
002,203,183,192,2274,,,14,5,2019,12,18,8,554.40,13.80,953.66,506.33
002,227,189,237,1252,,,14,5,2019,12,23,8,553.60,14.21,953.73,505.65
002,300,228,240,155,,,14,5,2019,12,28,8,557.40,14.51,953.80,505.08
002,263,231,268,2224,,,14,5,2019,12,33,8,554.80,15.23,953.82,504.89
002,347,290,318,2288,,,14,5,2019,12,38,8,550.10,15.73,953.79,505.19
002,384,315,347,2662,,,14,5,2019,12,43,8,553.00,16.19,953.80,505.06
002,406,322,400,2597,,,14,5,2019,12,48,8,551.00,16.86,953.80,505.12
002,13,12,21,729,,,14,5,2019,12,53,8,554.60,16.96,953.84,504.71
002,508,397,456,2446,,,14,5,2019,12,58,8,556.90,17.02,953.85,504.66
002,512,425,501,2169,,,14,5,2019,13,3,8,556.40,17.04,953.76,505.41
002,570,464,533,2751,,,14,5,2019,13,8,8,558.30,18.17,953.85,504.67
002,589,465,564,2595,,,14,5,2019,13,13,8,560.20,18.65,953.86,504.52
002,653,497,600,1507,,,14,5,2019,13,18,8,558.00,19.38,953.90,504.17
002,649,532,614,2503,,,14,5,2019,13,23,8,552.90,19.88,953.92,504.00
002,676,540,640,2520,,,14,5,2019,13,28,8,556.80,20.51,953.96,503.70
002,699,572,677,2532,,,14,5,2019,13,33,8,557.80,21.00,953.99,503.41
002,721,585,714,2470,,,14,5,2019,13,38,8,561.40,21.32,954.05,502.92
002,736,605,703,3033,,,14,5,2019,13,43,8,564.40,21.71,954.06,502.80
002,772,604,731,2765,,,14,5,2019,13,48,8,562.20,22.06,954.05,502.90
002,808,636,768,387,,,14,5,2019,13,53,8,562.00,22.36,954.10,502.46
002,812,668,769,2496,,,14,5,2019,13,58,8,552.10,22.49,954.10,502.43
002,809,645,792,2257,,,14,5,2019,14,3,8,555.20,23.33,954.17,501.87
002,828,653,809,2649,,,14,5,2019,14,8,8,562.60,23.32,954.17,501.83
002,861,697,828,3150,,,14,5,2019,14,13,8,561.90,23.33,954.17,501.84
002,893,697,845,3116,,,14,5,2019,14,18,8,561.70,23.76,954.10,502.48
002,916,709,864,2614,,,14,5,2019,14,23,8,557.60,24.44,954.09,502.53
002,925,748,894,3213,,,14,5,2019,14,28,8,557.60,24.91,954.11,502.40
002,933,721,899,2402,,,14,5,2019,14,33,8,555.60,26.05,953.99,503.42
002,958,713,908,2821,,,14,5,2019,14,38,8,556.80,26.78,954.05,502.87
002,926,712,904,3384,,,14,5,2019,14,43,8,555.20,27.18,953.99,503.43
002,953,744,916,2313,,,14,5,2019,14,48,8,553.30,26.43,953.99,503.42
002,949,720,939,2229,,,14,5,2019,14,53,8,554.20,26.21,954.00,503.35
002,969,780,932,2407,,,14,5,2019,14,58,8,556.00,26.77,953.99,503.41
002,975,756,940,2272,,,14,5,2019,15,3,8,554.80,26.56,953.95,503.79
002,992,768,937,2004,,,14,5,2019,15,8,8,558.80,27.15,953.89,504.28
002,998,781,956,2076,,,14,5,2019,15,13,8,562.30,27.96,953.95,503.73
002,1013,790,969,2071,,,14,5,2019,15,18,8,554.20,27.62,953.87,504.47
002,1030,825,982,2112,,,14,5,2019,15,23,8,553.50,28.08,953.89,504.29
002,1017,788,988,2319,,,14,5,2019,15,28,8,556.50,29.35,953.87,504.50
002,1024,788,974,2454,,,14,5,2019,15,33,8,558.80,29.13,953.82,504.95
002,1041,800,1009,2004,,,14,5,2019,15,38,8,551.90,29.80,953.88,504.38
002,1046,807,1001,2712,,,14,5,2019,15,43,8,559.60,29.68,953.82,504.87
002,1046,818,1008,2355,,,14,5,2019,15,48,8,562.40,29.62,953.84,504.72
002,1068,822,1031,2173,,,14,5,2019,15,53,8,558.70,30.16,953.78,505.28
002,1049,831,1017,2404,,,14,5,2019,15,58,8,559.00,30.96,953.77,505.32
002,1068,844,1017,2294,,,14,5,2019,16,3,8,565.70,31.06,953.73,505.67
002,1045,797,1014,2220,,,14,5,2019,16,8,8,563.60,30.05,953.75,505.51
002,1168,857,1036,2144,,,14,5,2019,16,13,8,562.50,29.96,953.70,505.91
002,1076,818,1040,2060,,,14,5,2019,16,18,8,563.40,30.87,953.68,506.14
002,1074,837,1020,1967,,,14,5,2019,16,23,8,557.40,31.06,953.74,505.59
002,1077,840,1028,2007,,,14,5,2019,16,28,8,559.50,30.83,953.63,506.54
002,1063,821,1020,1756,,,14,5,2019,16,33,8,562.40,30.96,953.60,506.83
002,1111,831,1036,1720,,,14,5,2019,16,38,8,552.30,31.17,953.51,507.60
002,1081,846,1040,1767,,,14,5,2019,16,43,8,559.60,30.81,953.49,507.83
002,1056,832,1032,1785,,,14,5,2019,16,48,8,560.70,31.52,953.39,508.68
002,1078,852,1030,2051,,,14,5,2019,16,53,8,559.70,31.99,953.35,509.02
002,1060,817,1052,2096,,,14,5,2019,16,58,8,561.40,31.52,953.27,509.76
002,1106,829,1036,2199,,,14,5,2019,17,3,8,554.80,32.46,953.23,510.05
002,1092,849,1038,2288,,,14,5,2019,17,8,8,557.30,32.22,953.12,511.01
002,1085,876,1044,2208,,,14,5,2019,17,13,8,554.50,31.89,953.08,511.40
002,1068,840,1030,2086,,,14,5,2019,17,18,8,551.70,31.52,953.03,511.86
002,1046,812,1001,1966,,,14,5,2019,17,23,8,551.60,30.75,952.95,512.50
002,1029,824,985,2019,,,14,5,2019,17,28,8,554.30,31.08,952.93,512.66
002,1013,804,984,1880,,,14,5,2019,17,33,8,553.90,33.36,952.89,513.06
002,972,760,946,2361,,,14,5,2019,17,38,8,557.10,32.34,952.88,513.11
002,947,729,902,2937,,,14,5,2019,17,43,8,562.90,33.18,952.77,514.09
002,976,744,897,3298,,,14,5,2019,17,48,8,557.70,33.18,952.76,514.20
002,950,738,916,1975,,,14,5,2019,17,53,8,554.40,33.72,952.73,514.43
002,975,749,928,2674,,,14,5,2019,17,58,8,557.30,32.35,952.62,515.38
002,989,774,937,3089,,,14,5,2019,18,3,8,547.70,32.60,952.59,515.68
002,1049,816,1006,2984,,,14,5,2019,18,8,8,559.60,33.51,952.56,515.96
002,1007,772,985,2872,,,14,5,2019,18,13,8,557.10,34.79,952.55,516.01
002,920,732,890,3324,,,14,5,2019,18,18,8,552.90,34.80,952.47,516.69
002,956,735,927,1330,,,14,5,2019,18,23,8,553.00,33.74,952.50,516.50
002,911,716,887,3336,,,14,5,2019,18,28,8,555.10,33.50,952.37,517.62
002,937,724,902,1723,,,14,5,2019,18,33,8,552.50,32.53,952.41,517.28
002,879,680,828,1728,,,14,5,2019,18,38,8,554.40,33.31,952.33,517.91
002,12,12,12,2077,,,14,5,2019,18,43,8,555.20,32.62,952.40,517.30
002,12,12,12,1024,,,14,5,2019,18,48,8,563.30,32.80,952.38,517.51
002,867,686,824,2585,,,14,5,2019,18,53,8,559.00,32.45,952.34,517.89
002,889,694,860,447,,,14,5,2019,18,58,8,558.70,32.39,952.37,517.63
002,848,665,825,1718,,,14,5,2019,19,3,8,554.80,33.21,952.35,517.75
002,776,622,798,389,,,14,5,2019,19,8,8,552.80,33.73,952.45,516.90
002,807,640,791,1728,,,14,5,2019,19,13,8,552.70,32.87,952.39,517.42
002,852,677,804,2183,,,14,5,2019,19,18,8,555.70,32.36,952.29,518.30
002,860,676,824,1736,,,14,5,2019,19,23,8,554.60,33.13,952.28,518.37
002,13,13,13,1328,,,14,5,2019,19,28,8,549.20,32.62,952.20,519.10
002,738,598,724,1883,,,14,5,2019,19,33,8,554.30,32.96,952.21,519.04
002,740,596,696,350,,,14,5,2019,19,38,8,553.60,32.82,952.14,519.59
002,702,555,684,1826,,,14,5,2019,19,43,8,553.80,32.56,952.15,519.55
002,657,517,612,1536,,,14,5,2019,19,48,8,553.20,33.23,952.09,520.06
002,679,532,652,1958,,,14,5,2019,19,53,8,548.80,33.60,952.10,519.99
002,676,548,672,2353,,,14,5,2019,19,58,8,554.00,33.20,952.11,519.86
002,636,503,612,2747,,,14,5,2019,20,3,8,554.60,32.76,952.08,520.16
002,592,476,579,1408,,,14,5,2019,20,8,8,551.90,32.53,952.04,520.50
002,591,475,564,1548,,,14,5,2019,20,13,8,556.30,33.02,951.98,521.03
002,572,460,534,307,,,14,5,2019,20,18,8,551.70,32.50,952.06,520.32
002,513,402,537,630,,,14,5,2019,20,23,8,561.60,33.48,952.03,520.59
002,467,372,461,495,,,14,5,2019,20,28,8,555.50,33.20,951.94,521.37
002,12,11,11,2139,,,14,5,2019,20,33,8,550.50,32.94,951.94,521.32
002,365,308,394,456,,,14,5,2019,20,38,8,553.90,32.05,951.91,521.66
002,361,296,331,400,,,14,5,2019,20,43,8,552.60,31.33,951.75,523.01
002,12,11,11,571,,,14,5,2019,20,48,8,551.40,31.28,951.83,522.36
002,245,205,234,1243,,,14,5,2019,20,53,8,548.50,30.58,951.87,521.94
002,220,187,202,2783,,,14,5,2019,20,58,8,551.10,29.82,951.82,522.45
002,179,140,159,2201,,,14,5,2019,21,3,8,549.60,29.24,951.86,522.09
002,134,132,134,852,,,14,5,2019,21,8,8,550.30,28.42,951.82,522.39
002,11,10,11,1062,,,14,5,2019,21,13,8,549.70,28.06,951.81,522.48
002,12,10,11,1124,,,15,5,2019,12,13,8,557.30,12.59,951.55,524.80
002,116,133,118,1267,,,15,5,2019,12,18,8,556.60,13.16,951.51,525.17
002,166,118,172,2178,,,15,5,2019,12,23,8,558.80,13.40,951.60,524.35
002,13,11,13,1454,,,15,5,2019,12,28,8,555.70,13.24,951.59,524.40
002,235,207,211,1190,,,15,5,2019,12,33,8,553.80,13.96,951.75,523.06
002,261,247,237,2652,,,15,5,2019,12,38,8,553.80,14.53,951.77,522.83
002,288,262,289,2359,,,15,5,2019,12,43,8,552.60,15.45,951.72,523.24
002,341,284,317,164,,,15,5,2019,12,48,8,556.00,15.99,951.83,522.35
002,385,306,352,193,,,15,5,2019,12,53,8,559.40,16.23,951.73,523.23
002,412,314,380,194,,,15,5,2019,12,58,8,573.30,16.06,951.86,522.08
002,441,349,424,225,,,15,5,2019,13,3,8,561.10,16.35,951.89,521.76
002,477,377,455,247,,,15,5,2019,13,8,8,555.20,16.56,951.97,521.10
002,11,11,11,10,,,15,5,2019,13,13,8,557.40,17.34,952.05,520.42
002,12,11,11,10,,,15,5,2019,13,18,8,549.60,18.64,952.19,519.17
002,541,464,523,360,,,15,5,2019,13,23,8,556.10,19.66,952.14,519.63
002,582,461,564,2545,,,15,5,2019,13,28,8,555.60,20.71,952.07,520.23
002,624,497,609,827,,,15,5,2019,13,33,8,559.20,21.68,951.96,521.18
002,688,532,625,2905,,,15,5,2019,13,38,8,553.20,22.36,951.95,521.29
002,681,551,653,1017,,,15,5,2019,13,43,8,556.50,23.22,951.90,521.68
002,701,570,681,3225,,,15,5,2019,13,48,8,559.80,23.04,951.95,521.30
002,707,573,708,3064,,,15,5,2019,13,53,8,561.20,22.70,952.02,520.65
002,11,10,10,2995,,,15,5,2019,13,58,8,559.80,22.89,952.02,520.64
002,753,593,705,2782,,,15,5,2019,14,3,8,561.50,23.49,952.10,519.99
002,761,613,720,456,,,15,5,2019,14,8,8,561.00,23.67,952.12,519.77
002,800,622,748,2877,,,15,5,2019,14,13,8,565.10,24.05,952.06,520.31
002,12,11,12,2719,,,15,5,2019,14,18,8,556.90,24.02,952.02,520.65
002,790,632,768,3367,,,15,5,2019,14,23,8,555.20,24.06,951.93,521.44
002,847,653,804,3679,,,15,5,2019,14,28,8,547.40,23.86,951.94,521.38
002,823,665,812,2352,,,15,5,2019,14,33,8,553.10,24.18,951.94,521.32
002,870,684,828,3485,,,15,5,2019,14,38,8,559.60,24.35,951.92,521.55
002,868,692,835,2761,,,15,5,2019,14,43,8,558.40,25.16,951.97,521.12
002,924,707,850,2112,,,15,5,2019,14,48,8,556.50,25.57,951.93,521.47
002,14,12,14,3088,,,15,5,2019,14,53,8,555.60,25.01,951.96,521.18
002,948,717,912,3056,,,15,5,2019,14,58,8,553.80,25.43,951.97,521.13
002,958,745,944,3279,,,15,5,2019,15,3,8,556.70,25.40,951.98,521.03
002,979,772,925,2877,,,15,5,2019,15,8,8,555.30,25.07,951.93,521.49
002,1014,768,918,1575,,,15,5,2019,15,13,8,554.70,26.51,951.92,521.52
002,964,801,917,2980,,,15,5,2019,15,18,8,551.90,26.82,951.89,521.82
002,964,760,948,3602,,,15,5,2019,15,23,8,553.40,27.75,951.92,521.49
002,974,752,952,3136,,,15,5,2019,15,28,8,559.60,28.05,951.87,521.93
002,1003,778,956,3823,,,15,5,2019,15,33,8,559.30,29.05,951.95,521.31
002,1009,796,965,3231,,,15,5,2019,15,38,8,559.80,28.89,951.97,521.09
002,1138,848,1052,3235,,,15,5,2019,15,43,8,562.50,28.44,952.03,520.60
002,1100,819,1021,2742,,,15,5,2019,15,48,8,560.10,29.07,951.95,521.27
002,1059,814,989,2386,,,15,5,2019,15,53,8,560.10,29.54,951.82,522.43
002,1051,829,1036,1168,,,15,5,2019,15,58,8,563.00,29.50,951.82,522.41
002,1081,852,1055,2432,,,15,5,2019,16,3,8,565.10,30.37,951.82,522.39
002,1124,914,1108,2167,,,15,5,2019,16,8,8,561.50,30.87,951.93,521.47
002,1039,825,996,2803,,,15,5,2019,16,13,8,569.10,32.07,952.07,520.24
002,1128,892,1024,3086,,,15,5,2019,16,18,8,564.40,31.34,951.89,521.76
002,1036,789,980,3276,,,15,5,2019,16,23,8,561.10,30.37,951.73,523.21
002,1052,825,1030,2477,,,15,5,2019,16,28,8,563.00,30.03,951.60,524.32
002,1206,898,1140,3229,,,15,5,2019,16,33,8,559.30,31.31,951.57,524.63
002,1028,784,969,2809,,,15,5,2019,16,38,8,559.10,30.79,951.51,525.09
002,934,723,896,2743,,,15,5,2019,16,43,8,551.40,30.61,951.51,525.11
002,912,715,870,2760,,,15,5,2019,16,48,8,550.20,30.94,951.37,526.31
002,777,615,750,2473,,,15,5,2019,16,53,8,554.00,30.20,951.34,526.64
002,768,580,735,2918,,,15,5,2019,16,58,8,554.70,29.62,951.17,528.09
002,905,694,861,2798,,,15,5,2019,17,3,8,558.50,30.40,951.17,528.09
002,812,653,768,2435,,,15,5,2019,17,8,8,554.30,29.33,951.05,529.17
002,886,704,838,2139,,,15,5,2019,17,13,8,553.70,28.55,951.03,529.34
002,12,10,11,1955,,,15,5,2019,17,18,8,557.60,28.41,950.99,529.71
002,11,10,11,2368,,,15,5,2019,17,23,8,555.60,28.88,951.07,529.02
002,1036,852,1012,2840,,,15,5,2019,17,28,8,551.60,28.51,951.02,529.40
002,14,11,11,2774,,,15,5,2019,17,33,8,562.50,27.40,950.98,529.75
002,16,12,17,3253,,,15,5,2019,17,38,8,558.00,26.77,950.95,530.01
002,779,614,750,3726,,,15,5,2019,17,43,8,557.10,26.65,950.85,530.95
002,924,701,860,3901,,,15,5,2019,17,48,8,559.60,26.89,950.83,531.09
002,388,307,353,2553,,,15,5,2019,17,53,8,563.60,27.74,950.87,530.77
002,961,742,956,2111,,,15,5,2019,17,58,8,562.30,27.43,950.90,530.44
002,999,792,988,3971,,,15,5,2019,18,3,8,559.80,27.15,950.83,531.07
002,1052,824,1011,2340,,,15,5,2019,18,8,8,547.20,26.21,950.76,531.70
002,12,10,11,1855,,,15,5,2019,18,13,8,555.30,27.41,950.67,532.50
002,1049,786,988,3391,,,15,5,2019,18,18,8,558.30,27.29,950.70,532.19
002,1052,812,977,4093,,,15,5,2019,18,23,8,554.90,26.61,950.65,532.66
002,1073,824,1009,3214,,,15,5,2019,18,28,8,555.10,26.51,950.67,532.53
002,1067,840,1008,3347,,,15,5,2019,18,33,8,554.80,26.17,950.58,533.26
002,1068,820,1041,3147,,,15,5,2019,18,38,8,556.30,26.37,950.58,533.29
002,1052,817,1006,2047,,,15,5,2019,18,43,8,560.00,26.32,950.60,533.11
002,1004,789,947,2528,,,15,5,2019,18,48,8,559.40,27.71,950.69,532.28
002,11,11,17,2208,,,15,5,2019,18,53,8,556.70,26.67,950.66,532.55
002,11,10,11,1846,,,15,5,2019,18,58,8,559.20,26.63,950.59,533.17
002,996,772,940,846,,,15,5,2019,19,3,8,554.40,26.55,950.59,533.21
002,12,11,12,1824,,,15,5,2019,19,8,8,553.70,25.87,950.58,533.29
002,906,696,844,1713,,,15,5,2019,19,13,8,554.00,25.99,950.58,533.25
002,852,640,844,2573,,,15,5,2019,19,18,8,554.70,26.36,950.60,533.10
002,865,686,831,3271,,,15,5,2019,19,23,8,552.10,25.87,950.62,532.96
002,11,10,11,1984,,,15,5,2019,19,28,8,554.60,26.35,950.55,533.51
002,825,659,812,1281,,,15,5,2019,19,33,8,555.70,26.96,950.45,534.44
002,822,639,802,2099,,,15,5,2019,19,38,8,557.50,27.64,950.35,535.31
002,769,624,740,3396,,,15,5,2019,19,43,8,554.90,26.45,950.52,533.81
002,11,10,11,2362,,,15,5,2019,19,48,8,556.30,25.76,950.44,534.46
002,697,564,689,920,,,15,5,2019,19,53,8,556.00,24.71,950.40,534.90
002,675,529,644,2148,,,15,5,2019,19,58,8,557.00,24.59,950.48,534.19
002,603,487,610,2926,,,15,5,2019,20,3,8,555.30,24.40,950.51,533.92
002,583,487,565,401,,,15,5,2019,20,8,8,554.50,23.93,950.48,534.15
002,11,10,12,2807,,,15,5,2019,20,13,8,554.20,23.56,950.55,533.51
002,534,416,503,665,,,15,5,2019,20,18,8,555.70,23.04,950.61,532.97
002,246,101,223,2992,,,15,5,2019,20,23,8,554.80,23.40,950.63,532.84
002,404,345,400,3067,,,15,5,2019,20,28,8,552.90,22.20,950.80,531.38
002,11,10,11,3097,,,15,5,2019,20,33,8,549.20,22.06,950.92,530.29
002,11,10,11,1612,,,15,5,2019,20,38,8,552.50,21.21,950.98,529.74
002,281,226,257,1683,,,15,5,2019,20,43,8,552.00,20.95,951.03,529.32
002,12,10,11,1732,,,15,5,2019,20,48,8,551.40,20.63,951.06,529.10
002,263,209,225,1536,,,15,5,2019,20,53,8,549.70,20.45,951.09,528.79
002,197,168,184,2048,,,15,5,2019,20,58,8,550.90,20.06,951.10,528.76
002,142,140,132,306,,,15,5,2019,21,3,8,554.80,19.94,951.14,528.33
002,11,11,11,851,,,15,5,2019,21,8,8,552.50,19.52,951.24,527.46
002,26,13,32,450,,,15,5,2019,21,13,8,551.00,18.94,951.21,527.71
002,15,12,21,101,,,16,5,2019,12,13,8,548.20,8.30,953.59,506.89
002,17,11,22,108,,,16,5,2019,12,18,8,542.60,8.39,953.67,506.20
002,13,11,25,152,,,16,5,2019,12,23,8,554.20,8.52,953.63,506.57
002,11,9,19,110,,,16,5,2019,12,28,8,541.10,8.71,953.71,505.88
002,11,9,16,152,,,16,5,2019,12,33,8,551.90,8.50,953.81,504.96
002,11,9,16,115,,,16,5,2019,12,38,8,551.50,8.49,953.70,505.94
002,11,9,15,121,,,16,5,2019,12,43,8,555.70,8.36,953.66,506.34
002,10,9,15,122,,,16,5,2019,12,48,8,553.80,8.36,953.68,506.12
002,12,9,18,111,,,16,5,2019,12,53,8,553.10,8.65,953.63,506.57
002,10,9,13,108,,,16,5,2019,12,58,8,557.00,8.62,953.66,506.28
002,10,9,17,120,,,16,5,2019,13,3,8,562.00,8.33,953.59,506.94
002,12,10,17,164,,,16,5,2019,13,8,8,554.40,7.69,953.63,506.57
002,12,10,18,122,,,16,5,2019,13,13,8,556.10,7.61,953.58,507.02
002,10,9,17,104,,,16,5,2019,13,18,8,550.80,8.08,953.60,506.80
002,9,8,16,84,,,16,5,2019,13,23,8,559.70,8.41,953.61,506.79
002,12,9,20,64,,,16,5,2019,13,28,8,562.90,8.94,953.61,506.75
002,10,8,16,90,,,16,5,2019,13,33,8,564.90,9.53,953.71,505.90
002,9,8,11,81,,,16,5,2019,13,38,8,567.70,10.02,953.68,506.10
002,9,8,15,102,,,16,5,2019,13,43,8,562.70,10.18,953.66,506.28
002,9,8,11,174,,,16,5,2019,13,48,8,563.10,10.08,953.58,507.04
002,9,8,11,149,,,16,5,2019,13,53,8,554.20,10.20,953.58,506.97
002,10,8,15,92,,,16,5,2019,13,58,8,557.40,10.47,953.73,505.66
002,9,8,15,139,,,16,5,2019,14,3,8,560.70,10.37,953.58,507.05
002,9,8,9,169,,,16,5,2019,14,8,8,558.70,10.64,953.62,506.63
002,9,8,9,196,,,16,5,2019,14,13,8,561.00,10.89,953.57,507.12
002,9,8,9,197,,,16,5,2019,14,18,8,556.80,10.86,953.63,506.61
002,841,579,877,409,,,22,5,2019,14,42,16,556.10,17.57,957.45,473.24
002,937,713,897,447,,,22,5,2019,14,46,14,554.00,18.35,957.45,473.22
002,960,747,905,457,,,22,5,2019,14,50,7,557.70,19.14,957.43,473.41
002,936,721,902,452,,,22,5,2019,14,55,1,557.30,19.12,957.39,473.72
002,985,761,933,484,,,22,5,2019,15,0,1,558.30,19.05,957.35,474.08
002,972,745,921,453,,,22,5,2019,15,5,1,555.00,18.74,957.36,473.97
002,1005,786,945,474,,,22,5,2019,15,10,1,554.20,18.45,957.38,473.82
002,961,761,897,472,,,22,5,2019,15,15,1,558.70,18.57,957.30,474.53
002,995,797,923,479,,,22,5,2019,15,20,1,563.30,17.88,957.30,474.54
002,964,733,918,465,,,22,5,2019,15,25,1,559.40,17.08,957.24,475.07
002,997,769,923,474,,,22,5,2019,15,30,1,554.60,17.17,957.21,475.29
002,1012,779,975,481,,,22,5,2019,15,35,1,559.80,17.43,957.15,475.85
002,977,780,955,473,,,22,5,2019,15,40,1,560.10,17.72,957.13,475.98
002,987,768,950,481,,,22,5,2019,15,45,1,562.70,17.86,957.16,475.77
002,1049,803,980,495,,,22,5,2019,15,50,1,559.70,17.91,957.18,475.58
002,1083,836,1005,510,,,22,5,2019,15,55,1,557.90,18.64,957.11,476.21
002,1073,836,1016,513,,,22,5,2019,16,0,1,559.60,19.58,956.99,477.20
002,1077,831,1020,517,,,22,5,2019,16,5,1,556.60,19.88,957.12,476.05
002,1051,821,985,504,,,22,5,2019,16,10,1,552.60,19.57,956.93,477.71
002,1105,849,1060,507,,,22,5,2019,16,15,1,552.30,20.00,956.92,477.82
002,1116,860,1057,528,,,22,5,2019,16,20,1,551.50,20.46,956.81,478.82
002,1092,864,1037,1127,,,22,5,2019,16,25,1,552.10,20.38,956.76,479.26
002,1116,849,1049,1648,,,22,5,2019,16,30,1,555.90,20.30,956.69,479.81
002,1073,841,1022,504,,,22,5,2019,16,35,1,556.60,19.99,956.66,480.13
002,940,758,968,467,,,22,5,2019,16,37,55,556.30,20.41,956.65,480.19
002,1077,850,1036,492,,,22,5,2019,16,42,5,550.90,19.95,956.58,480.77
002,1025,802,972,489,,,22,5,2019,16,53,8,550.80,19.61,956.43,482.10
002,1013,780,937,470,,,22,5,2019,16,58,8,554.50,19.79,956.34,482.92
002,993,772,923,468,,,22,5,2019,17,3,8,553.90,20.60,956.26,483.64
002,973,744,936,476,,,22,5,2019,17,8,8,550.90,19.88,956.33,482.99
002,940,733,880,436,,,22,5,2019,17,13,8,559.60,20.10,956.32,483.03
002,924,729,905,1987,,,22,5,2019,17,18,8,562.70,21.15,956.28,483.39
002,950,729,932,461,,,22,5,2019,17,23,8,558.60,20.86,956.15,484.52
002,914,733,876,483,,,22,5,2019,17,28,8,557.80,20.75,956.02,485.67
002,932,732,889,600,,,22,5,2019,17,33,8,554.60,20.93,956.02,485.71
002,930,735,882,452,,,22,5,2019,17,38,8,551.90,21.70,955.96,486.22
002,966,756,893,433,,,22,5,2019,17,43,8,552.00,22.25,955.98,486.08
002,11,10,10,319,,,22,5,2019,17,48,8,558.60,21.69,955.84,487.30
002,927,732,881,479,,,22,5,2019,17,53,8,554.10,20.97,955.83,487.32
002,883,692,841,422,,,22,5,2019,17,58,8,548.40,21.11,955.79,487.68
002,869,698,836,822,,,22,5,2019,18,3,8,557.10,21.53,955.77,487.84
002,449,201,500,366,,,22,5,2019,18,8,8,557.60,20.65,955.76,487.93
002,822,633,784,795,,,22,5,2019,18,13,8,555.40,21.12,955.73,488.24
002,900,721,857,816,,,22,5,2019,18,18,8,555.30,22.57,955.72,488.28
002,888,717,839,428,,,22,5,2019,18,23,8,554.60,22.60,955.63,489.09
002,850,668,808,591,,,22,5,2019,18,28,8,551.20,23.00,955.65,488.94
002,827,672,795,1031,,,22,5,2019,18,33,8,555.80,23.56,955.62,489.15
002,834,647,804,444,,,22,5,2019,18,38,8,552.90,22.76,955.68,488.70
002,12,11,12,2016,,,22,5,2019,18,43,8,552.70,22.15,955.64,489.03
002,12,11,11,1719,,,22,5,2019,18,48,8,555.30,21.75,955.61,489.30
002,857,671,824,418,,,22,5,2019,18,53,8,555.60,20.96,955.48,490.40
002,808,644,766,856,,,22,5,2019,18,58,8,553.90,21.18,955.61,489.30
002,813,660,781,603,,,22,5,2019,19,3,8,553.10,21.69,955.53,489.94
002,825,652,796,1740,,,22,5,2019,19,8,8,553.30,21.87,955.61,489.29
002,783,607,725,675,,,22,5,2019,19,13,8,552.30,21.80,955.58,489.56
002,748,595,715,2930,,,22,5,2019,19,18,8,555.20,22.27,955.65,488.90
002,740,565,692,524,,,22,5,2019,19,23,8,554.50,21.82,955.59,489.45
002,708,566,678,632,,,22,5,2019,19,28,8,554.50,21.00,955.68,488.62
002,682,549,656,1170,,,22,5,2019,19,33,8,555.40,20.52,955.71,488.36
002,681,550,665,1352,,,22,5,2019,19,38,8,555.40,20.58,955.76,487.97
002,601,479,583,291,,,22,5,2019,19,43,8,554.00,21.14,955.82,487.43
002,579,457,549,3202,,,22,5,2019,19,48,8,556.70,20.90,955.91,486.67
002,575,457,557,575,,,22,5,2019,19,53,8,553.90,20.68,955.83,487.38
002,533,422,517,655,,,22,5,2019,19,58,8,555.70,20.77,955.94,486.36
002,557,450,527,275,,,22,5,2019,20,3,8,554.30,21.47,955.86,487.06
002,543,428,524,390,,,22,5,2019,20,8,8,553.10,21.83,955.81,487.49
002,497,420,479,239,,,22,5,2019,20,13,8,552.30,21.63,955.85,487.14
002,464,364,433,1824,,,22,5,2019,20,18,8,553.50,21.70,955.88,486.89
002,424,346,385,1679,,,22,5,2019,20,23,8,554.70,21.92,955.80,487.64
002,372,315,341,169,,,22,5,2019,20,28,8,549.30,21.25,955.88,486.91
002,323,261,307,152,,,22,5,2019,20,33,8,538.70,20.52,955.85,487.14
002,300,254,277,141,,,22,5,2019,20,38,8,551.20,20.60,955.86,487.10
002,263,223,244,579,,,22,5,2019,20,43,8,549.80,21.18,955.90,486.76
002,230,227,213,132,,,22,5,2019,20,48,8,549.00,20.95,955.90,486.74
002,198,169,181,135,,,22,5,2019,20,53,8,553.50,20.88,955.99,485.96
002,178,157,170,126,,,22,5,2019,20,58,8,557.40,20.68,955.93,486.49
002,138,114,119,64,,,22,5,2019,21,3,8,558.20,20.01,955.98,486.01
002,93,96,118,29,,,22,5,2019,21,8,8,556.20,19.30,956.11,484.90
002,160,1424,166,90,,,23,5,2019,12,18,8,550.50,7.34,956.29,483.35
002,198,1264,183,139,,,23,5,2019,12,23,8,566.40,7.96,956.38,482.54
002,236,1363,222,124,,,23,5,2019,12,28,8,571.70,8.72,956.48,481.69
002,279,1462,258,447,,,23,5,2019,12,33,8,557.90,9.59,956.58,480.81
002,331,1425,300,832,,,23,5,2019,12,38,8,554.20,10.04,956.64,480.28
002,329,1548,314,155,,,23,5,2019,12,43,8,555.00,10.49,956.66,480.10
002,368,1504,343,972,,,23,5,2019,12,48,8,554.70,10.70,956.77,479.15
002,393,1236,378,580,,,23,5,2019,12,53,8,558.70,10.78,956.78,479.10
002,437,1036,409,937,,,23,5,2019,12,58,8,561.80,10.38,956.90,477.98
002,441,1266,441,573,,,23,5,2019,13,3,8,560.30,10.36,956.84,478.56
002,511,1316,480,246,,,23,5,2019,13,8,8,551.40,10.56,956.84,478.55
002,554,1401,519,3035,,,23,5,2019,13,13,8,553.40,11.30,956.83,478.60
002,596,461,560,969,,,23,5,2019,13,18,8,553.20,12.08,956.92,477.82
002,636,564,589,546,,,23,5,2019,13,23,8,558.40,12.78,956.97,477.38
002,649,930,621,329,,,23,5,2019,13,28,8,555.00,13.61,956.96,477.51
002,689,527,645,401,,,23,5,2019,13,33,8,562.10,14.59,957.04,476.82
002,703,571,681,340,,,23,5,2019,13,38,8,560.30,15.41,956.95,477.61
002,745,571,712,1814,,,23,5,2019,13,43,8,553.90,15.84,957.04,476.76
002,773,603,723,383,,,23,5,2019,13,48,8,555.00,16.33,957.12,476.06
002,796,611,761,2598,,,23,5,2019,13,53,8,549.40,16.87,957.19,475.52
002,826,639,782,2673,,,23,5,2019,13,58,8,553.00,16.93,957.06,476.60
002,857,656,823,424,,,23,5,2019,14,3,8,552.70,17.26,957.02,476.96
002,857,677,825,4071,,,23,5,2019,14,8,8,554.80,18.02,957.08,476.45
002,902,722,887,452,,,23,5,2019,14,13,8,556.10,18.30,957.06,476.60
002,913,740,878,3673,,,23,5,2019,14,18,8,553.00,19.04,957.05,476.74
002,856,658,836,3506,,,23,5,2019,14,23,8,553.80,19.95,957.08,476.40
002,845,668,828,4093,,,23,5,2019,14,28,8,554.10,19.43,957.10,476.30
002,857,677,833,2499,,,23,5,2019,14,33,8,555.20,19.16,957.03,476.86
002,880,680,852,2567,,,23,5,2019,14,38,8,555.00,18.92,957.06,476.66
002,883,681,822,1385,,,23,5,2019,14,43,8,555.50,19.28,956.97,477.37
002,919,700,877,3250,,,23,5,2019,14,48,8,557.20,18.63,957.02,476.96
002,900,699,848,415,,,23,5,2019,14,53,8,554.80,19.28,957.00,477.18
002,890,672,849,2888,,,23,5,2019,14,58,8,555.40,19.12,956.90,478.02
002,935,713,916,3617,,,23,5,2019,15,3,8,556.00,18.93,956.84,478.55
002,945,715,872,3556,,,23,5,2019,15,8,8,556.40,19.35,956.81,478.81
002,956,753,904,2777,,,23,5,2019,15,13,8,558.10,20.41,956.80,478.89
002,953,744,903,3309,,,23,5,2019,15,18,8,558.40,20.35,956.73,479.49
002,969,761,932,2583,,,23,5,2019,15,23,8,549.80,20.65,956.65,480.18
002,985,771,897,3840,,,23,5,2019,15,28,8,557.10,20.49,956.56,481.00
002,953,761,903,1453,,,23,5,2019,15,33,8,555.80,20.26,956.52,481.34
002,979,775,934,4073,,,23,5,2019,15,38,8,563.20,20.62,956.48,481.72
002,997,782,948,3316,,,23,5,2019,15,43,8,565.20,20.66,956.44,481.99
002,992,780,957,3096,,,23,5,2019,15,48,8,559.50,20.60,956.36,482.75
002,993,773,956,924,,,23,5,2019,15,53,8,556.20,20.44,956.21,484.04
002,1021,814,977,491,,,23,5,2019,15,58,8,552.80,21.84,956.25,483.71
002,1022,804,1005,2732,,,23,5,2019,16,3,8,550.50,22.85,956.16,484.47
002,1048,808,976,3539,,,23,5,2019,16,8,8,562.30,23.29,956.22,483.96
002,1037,799,975,4094,,,23,5,2019,16,13,8,553.40,23.82,956.19,484.23
002,1051,793,964,3456,,,23,5,2019,16,18,8,546.90,24.62,956.20,484.12
002,1076,830,1021,3558,,,23,5,2019,16,23,8,549.60,24.48,956.10,485.03
002,1060,841,1005,4095,,,23,5,2019,16,28,8,549.60,24.43,956.11,484.93
002,996,773,964,3847,,,23,5,2019,16,33,8,553.00,23.82,956.07,485.28
002,1037,820,973,2605,,,23,5,2019,16,38,8,553.00,23.51,956.03,485.56
002,1045,808,1004,4091,,,23,5,2019,16,43,8,549.70,24.28,955.98,486.08
002,1100,861,1048,526,,,23,5,2019,16,48,8,549.20,24.32,955.85,487.18
002,1049,816,1011,3773,,,23,5,2019,16,53,8,551.30,24.48,955.82,487.43
002,1073,856,1055,3746,,,23,5,2019,16,58,8,549.90,25.56,955.77,487.87
002,1104,854,1060,4095,,,23,5,2019,17,3,8,557.30,26.02,955.72,488.34
002,1113,856,1041,4088,,,23,5,2019,17,8,8,554.10,26.56,955.52,490.07
002,1092,864,1036,3618,,,23,5,2019,17,13,8,560.50,27.19,955.47,490.48
002,1113,844,1068,4082,,,23,5,2019,17,18,8,557.80,26.13,955.35,491.56
002,1116,872,1058,4095,,,23,5,2019,17,23,8,562.90,25.97,955.25,492.43
002,1089,850,1014,4095,,,23,5,2019,17,28,8,549.60,26.48,955.18,493.05
002,1104,852,1049,695,,,23,5,2019,17,33,8,550.30,26.75,955.10,493.73
002,1073,826,1038,3755,,,23,5,2019,17,38,8,554.80,27.77,955.08,493.88
002,1065,846,1014,4082,,,23,5,2019,17,43,8,552.00,28.03,955.11,493.65
002,1054,845,1060,530,,,23,5,2019,17,48,8,552.30,27.59,955.04,494.22
002,1036,817,990,638,,,23,5,2019,17,53,8,550.00,26.53,954.96,494.96
002,1042,825,1017,3483,,,23,5,2019,17,58,8,546.40,26.99,954.88,495.65
002,1017,782,957,563,,,23,5,2019,18,3,8,554.00,27.28,954.83,496.12
002,960,764,942,930,,,23,5,2019,18,8,8,551.10,26.95,954.76,496.72
002,1053,822,1017,583,,,23,5,2019,18,13,8,552.00,26.72,954.67,497.45
002,934,737,912,595,,,23,5,2019,18,18,8,552.10,26.16,954.68,497.35
002,982,768,940,1024,,,23,5,2019,18,23,8,548.60,25.92,954.68,497.39
002,973,782,925,769,,,23,5,2019,18,28,8,550.80,25.85,954.57,498.39
002,957,745,926,2455,,,23,5,2019,18,33,8,554.40,25.58,954.57,498.39
002,985,768,937,3066,,,23,5,2019,18,38,8,550.70,26.06,954.54,498.63
002,949,743,928,2135,,,23,5,2019,18,43,8,550.40,26.75,954.48,499.11
002,984,747,934,468,,,23,5,2019,18,48,8,556.90,26.30,954.44,499.49
002,1020,790,940,484,,,23,5,2019,18,53,8,556.90,25.74,954.42,499.68
002,924,717,876,560,,,23,5,2019,18,58,8,554.20,26.80,954.43,499.55
002,879,689,849,663,,,23,5,2019,19,3,8,553.70,26.33,954.45,499.39
002,880,701,845,416,,,23,5,2019,19,8,8,551.50,26.74,954.42,499.63
002,843,663,830,397,,,23,5,2019,19,13,8,556.20,26.41,954.41,499.79
002,950,686,833,707,,,23,5,2019,19,18,8,556.80,25.83,954.36,500.15
002,812,641,777,675,,,23,5,2019,19,23,8,555.40,26.17,954.39,499.89
002,822,654,760,2604,,,23,5,2019,19,28,8,552.70,26.60,954.37,500.12
002,802,594,721,2992,,,23,5,2019,19,33,8,552.90,25.79,954.31,500.65
002,718,565,701,712,,,23,5,2019,19,38,8,551.20,25.76,954.46,499.33
002,710,555,684,767,,,23,5,2019,19,43,8,552.70,25.57,954.47,499.27
002,697,549,657,1768,,,23,5,2019,19,48,8,550.80,25.35,954.47,499.27
002,693,566,678,1247,,,23,5,2019,19,53,8,550.80,24.92,954.49,499.04
002,699,542,700,686,,,23,5,2019,19,58,8,549.30,25.02,954.56,498.46
002,641,489,604,4095,,,23,5,2019,20,3,8,548.80,25.27,954.58,498.28
002,593,469,585,1449,,,23,5,2019,20,8,8,552.80,24.89,954.65,497.61
002,556,458,546,2108,,,23,5,2019,20,13,8,551.50,25.21,954.51,498.90
002,500,398,480,1836,,,23,5,2019,20,18,8,552.20,24.69,954.51,498.89
002,465,367,439,725,,,23,5,2019,20,23,8,549.00,24.36,954.45,499.39
002,432,372,400,895,,,23,5,2019,20,28,8,546.90,24.48,954.51,498.91
002,378,286,367,768,,,23,5,2019,20,33,8,550.50,23.68,954.49,499.06
002,324,259,321,665,,,23,5,2019,20,38,8,551.40,23.24,954.48,499.10
002,296,237,268,639,,,23,5,2019,20,43,8,555.90,22.82,954.48,499.16
002,271,210,228,491,,,23,5,2019,20,48,8,560.20,22.76,954.53,498.66
002,206,174,198,632,,,23,5,2019,20,53,8,561.70,22.53,954.55,498.54
002,175,141,157,497,,,23,5,2019,20,58,8,555.00,21.97,954.60,498.12
002,149,134,135,437,,,23,5,2019,21,3,8,551.30,21.60,954.58,498.23
002,212,181,193,968,,,24,5,2019,12,23,7,559.80,12.30,951.63,524.03
002,205,180,165,1128,,,24,5,2019,12,28,8,550.80,12.25,951.65,523.92
002,84,68,58,2077,,,24,5,2019,12,33,8,553.60,12.05,951.66,523.78
002,12,11,12,637,,,24,5,2019,12,38,8,555.30,11.64,951.56,524.67
002,12,11,11,1875,,,24,5,2019,12,43,8,556.20,11.17,951.59,524.41
002,12,11,12,1756,,,24,5,2019,12,48,8,558.70,10.94,951.58,524.53
002,13,11,10,2016,,,24,5,2019,12,53,8,559.10,11.02,951.62,524.16
002,12,11,11,1715,,,24,5,2019,12,58,8,553.60,10.88,951.83,522.34
002,12,11,13,312,,,24,5,2019,13,3,8,555.70,10.55,951.76,522.96
002,11,11,11,675,,,24,5,2019,13,8,8,561.70,10.43,951.54,524.82
002,13,11,12,25,,,24,5,2019,13,13,8,553.40,10.68,951.72,523.29
002,15,12,12,1353,,,24,5,2019,13,18,8,555.50,10.83,951.79,522.70
002,13,12,12,12,,,24,5,2019,13,23,8,554.50,11.08,951.90,521.70
002,13,13,13,12,,,24,5,2019,13,28,8,557.10,11.36,951.88,521.89
002,13,12,13,2784,,,24,5,2019,13,33,8,555.10,11.73,952.08,520.09
002,13,12,12,3128,,,24,5,2019,13,38,8,555.90,12.05,952.10,519.93
002,13,12,13,2776,,,24,5,2019,13,43,8,555.80,12.06,952.25,518.67
002,13,12,12,2745,,,24,5,2019,13,48,8,549.70,12.23,952.14,519.57
002,12,11,11,2687,,,24,5,2019,13,53,8,550.70,12.67,952.04,520.50
002,12,11,12,2969,,,24,5,2019,13,58,8,553.80,12.74,951.88,521.86
002,13,11,12,3195,,,24,5,2019,14,3,8,553.80,12.78,951.93,521.46
002,13,12,12,3122,,,24,5,2019,14,8,8,552.00,12.93,952.03,520.55
002,12,11,11,2175,,,24,5,2019,14,13,8,556.10,13.26,952.04,520.46
002,13,11,12,3072,,,24,5,2019,14,18,8,556.50,13.53,951.98,521.02
002,13,12,13,3328,,,24,5,2019,14,23,8,556.00,14.42,952.12,519.82
002,14,13,14,3507,,,24,5,2019,14,28,8,556.80,14.90,952.12,519.82
002,15,13,14,3373,,,24,5,2019,14,33,8,553.10,14.51,952.15,519.55
002,14,13,14,3565,,,24,5,2019,14,38,7,551.40,14.33,952.08,520.16
002,14,13,13,3385,,,24,5,2019,14,43,7,559.20,14.45,952.07,520.26
002,13,12,13,3328,,,24,5,2019,14,48,8,557.80,14.75,951.98,521.01
002,13,12,12,2873,,,24,5,2019,14,53,8,557.40,15.09,951.89,521.81
002,14,13,13,1053,,,24,5,2019,14,58,7,552.00,15.38,951.81,522.47
002,14,13,13,2284,,,24,5,2019,15,3,7,552.10,15.55,951.64,523.99
002,13,12,12,2950,,,24,5,2019,15,8,8,557.10,16.13,951.54,524.89
002,15,14,14,3121,,,24,5,2019,15,13,8,554.80,16.50,951.56,524.66
002,15,13,14,3236,,,24,5,2019,15,18,8,553.60,17.19,951.52,525.07
002,15,14,14,3373,,,24,5,2019,15,23,8,552.30,17.76,951.48,525.41
002,15,14,15,3366,,,24,5,2019,15,28,8,557.60,18.42,951.34,526.59
002,16,14,19,2697,,,24,5,2019,15,33,8,560.60,19.43,951.32,526.81
002,14,13,13,3584,,,24,5,2019,15,38,8,559.00,19.87,951.32,526.77
002,13,12,12,3641,,,24,5,2019,15,43,8,559.10,20.17,951.10,528.69
002,14,12,13,3699,,,24,5,2019,15,48,8,560.20,19.80,951.00,529.63
002,15,14,14,3421,,,24,5,2019,15,53,8,559.90,19.51,950.90,530.44
002,15,13,14,3699,,,24,5,2019,15,58,8,561.50,19.03,950.90,530.51
002,15,14,14,3469,,,24,5,2019,16,3,7,555.50,18.72,950.78,531.53
002,15,13,13,4095,,,24,5,2019,16,8,8,548.90,18.66,950.64,532.79
