005,23,7,21,6,,,28,8,2018,17,27,42,,25.03,952.70,514.69
005,6,7,8,6,,,3,9,2018,16,22,52,544.70,217.82,2290.23,-7444.19
005,947,4095,1319,8,,,3,9,2018,16,33,9,548.00,31.30,952.65,515.11
005,955,4095,1335,8,,,3,9,2018,16,38,9,549.70,32.10,952.51,516.35
005,951,1560,1351,8,,,3,9,2018,16,43,9,549.10,32.98,952.51,516.34
005,947,1571,1329,8,,,3,9,2018,16,48,9,550.90,33.22,952.47,516.76
005,945,1591,1331,8,,,3,9,2018,16,53,9,551.80,34.57,952.46,516.78
005,947,1559,1351,8,,,3,9,2018,16,58,9,549.60,34.21,952.27,518.50
005,923,1555,1303,8,,,3,9,2018,17,3,9,552.70,34.00,952.19,519.21
005,928,1543,1282,8,,,3,9,2018,17,8,9,550.10,33.58,952.13,519.73
005,913,1548,1331,8,,,3,9,2018,17,13,9,552.70,33.69,951.97,521.10
005,905,1495,1257,8,,,3,9,2018,17,18,9,557.50,34.27,952.01,520.79
005,932,1553,1294,8,,,3,9,2018,17,23,9,556.30,35.10,951.92,521.51
005,935,1543,1287,8,,,3,9,2018,17,28,9,555.60,34.89,951.86,522.06
005,919,1519,1279,8,,,3,9,2018,17,33,9,552.90,34.57,951.74,523.15
005,880,1467,1231,8,,,3,9,2018,17,38,9,556.90,34.81,951.73,523.19
005,875,1491,1257,8,,,3,9,2018,17,43,9,555.10,34.20,951.68,523.65
005,814,1451,1068,8,,,3,9,2018,17,48,9,556.40,33.93,951.53,524.99
005,887,1475,1198,8,,,3,9,2018,17,53,9,557.50,34.03,951.47,525.45
005,865,1418,1204,8,,,3,9,2018,17,58,9,556.60,33.73,951.42,525.96
005,884,1427,1216,8,,,3,9,2018,18,3,9,553.20,34.54,951.26,527.32
005,867,1399,1218,8,,,3,9,2018,18,8,9,556.00,34.25,951.14,528.33
005,843,1407,1163,8,,,3,9,2018,18,13,9,556.20,34.49,951.14,528.35
005,855,1395,1160,8,,,3,9,2018,18,18,9,553.50,34.13,951.03,529.33
005,855,1383,1169,8,,,3,9,2018,18,23,9,553.50,34.88,950.97,529.84
005,841,1355,1163,8,,,3,9,2018,18,28,9,555.30,35.58,950.88,530.67
005,867,1434,1207,8,,,3,9,2018,18,33,9,558.00,35.34,950.78,531.53
005,815,1364,1134,8,,,3,9,2018,18,38,9,553.00,35.66,950.64,532.73
005,850,1361,1122,8,,,3,9,2018,18,43,9,554.10,35.72,950.63,532.83
005,810,1369,1161,8,,,3,9,2018,18,48,9,549.10,35.60,950.51,533.90
005,791,1291,1101,8,,,3,9,2018,18,53,9,546.20,35.71,950.52,533.83
005,832,1345,1154,8,,,3,9,2018,18,58,9,555.80,36.18,950.38,535.03
005,776,1305,1084,9,,,3,9,2018,19,3,9,550.30,35.60,950.27,536.01
005,793,1315,1020,8,,,3,9,2018,19,8,9,557.30,34.78,950.22,536.47
005,779,1296,1089,8,,,3,9,2018,19,13,9,555.60,34.84,950.24,536.29
005,788,1279,1054,8,,,3,9,2018,19,18,9,547.10,34.90,950.09,537.54
005,286,390,532,8,,,3,9,2018,19,23,9,554.20,34.22,950.13,537.25
005,734,1216,1023,8,,,3,9,2018,19,28,9,561.70,31.85,950.02,538.16
005,720,1255,999,8,,,3,9,2018,19,33,9,563.70,31.36,950.04,538.01
005,710,1168,980,8,,,3,9,2018,19,38,9,555.60,31.84,949.99,538.46
005,807,1199,994,8,,,3,9,2018,19,43,9,555.50,33.15,949.98,538.54
005,689,1163,992,8,,,3,9,2018,19,48,9,551.60,34.08,949.93,538.97
005,706,1155,987,8,,,3,9,2018,19,53,9,552.20,34.63,949.88,539.46
005,679,1099,918,8,,,3,9,2018,19,58,9,551.80,35.10,949.83,539.82
005,634,1041,866,9,,,3,9,2018,20,3,9,551.10,34.85,949.83,539.82
005,619,1006,839,8,,,3,9,2018,20,8,9,554.00,34.10,949.82,539.90
005,541,940,771,8,,,3,9,2018,20,13,9,547.40,34.00,949.74,540.61
005,488,916,638,8,,,3,9,2018,20,18,9,552.30,33.66,949.73,540.76
005,415,697,686,8,,,3,9,2018,20,23,9,555.60,33.72,949.67,541.23
005,493,785,655,8,,,3,9,2018,20,28,9,553.70,33.41,949.63,541.65
005,439,688,623,8,,,3,9,2018,20,33,9,552.30,32.80,949.62,541.71
005,449,721,613,8,,,3,9,2018,20,38,9,555.10,32.42,949.67,541.28
005,410,673,559,8,,,3,9,2018,20,43,9,551.80,31.88,949.69,541.12
005,403,646,546,8,,,3,9,2018,20,48,9,554.70,31.15,949.64,541.55
005,338,583,379,8,,,3,9,2018,20,53,9,550.40,31.05,949.64,541.50
005,254,519,403,8,,,3,9,2018,20,58,9,554.00,31.06,949.61,541.76
005,327,544,448,8,,,3,9,2018,21,3,9,553.10,30.95,949.65,541.43
005,323,514,423,8,,,3,9,2018,21,8,9,552.60,30.01,949.65,541.45
005,35,8,37,8,,,3,9,2018,21,13,9,549.70,28.11,949.68,541.15
005,36,8,43,8,,,3,9,2018,21,18,9,549.50,27.11,949.73,540.77
005,30,8,38,8,,,3,9,2018,21,23,9,552.60,27.06,949.71,540.93
005,45,8,41,8,,,3,9,2018,21,28,9,549.40,27.59,949.65,541.46
005,152,4095,174,8,,,3,9,2018,21,33,9,551.00,28.41,949.66,541.32
005,174,4095,208,7,,,3,9,2018,21,38,9,550.80,28.11,949.70,540.97
005,130,1589,167,8,,,3,9,2018,21,43,9,551.10,27.81,949.76,540.50
005,44,1905,46,8,,,3,9,2018,21,48,9,555.40,27.35,949.72,540.81
005,50,4095,53,8,,,4,9,2018,11,38,9,550.80,12.89,948.52,551.32
005,44,4095,75,12,,,4,9,2018,11,43,9,554.50,13.65,948.44,552.04
005,36,4095,64,7,,,4,9,2018,11,48,9,554.50,14.65,948.50,551.55
005,210,4095,263,6,,,4,9,2018,11,53,9,552.70,15.47,948.49,551.60
005,261,4095,320,7,,,4,9,2018,11,58,9,549.80,16.40,948.39,552.48
005,295,4093,372,25,,,4,9,2018,12,3,9,550.40,16.58,948.44,552.08
005,246,4095,302,7,,,4,9,2018,12,8,9,551.00,17.02,948.40,552.40
005,347,4095,451,6,,,4,9,2018,12,13,9,550.50,17.87,948.45,551.93
005,398,4095,507,7,,,4,9,2018,12,18,9,552.00,18.72,948.48,551.73
005,434,4095,574,7,,,4,9,2018,12,23,9,552.40,19.00,948.43,552.16
005,434,4095,592,7,,,4,9,2018,12,28,9,552.50,19.75,948.47,551.79
005,487,4095,651,7,,,4,9,2018,12,33,9,552.30,20.35,948.44,552.03
005,514,4095,687,7,,,4,9,2018,12,38,9,552.00,20.97,948.48,551.74
005,512,4095,711,7,,,4,9,2018,12,43,9,550.20,21.64,948.48,551.72
005,544,4095,751,7,,,4,9,2018,12,48,9,551.00,22.12,948.45,551.94
005,574,3036,800,7,,,4,9,2018,12,53,9,553.50,22.60,948.49,551.58
005,610,4095,803,7,,,4,9,2018,12,58,9,551.60,22.92,948.51,551.41
005,620,4095,846,7,,,4,9,2018,13,3,9,551.40,23.67,948.49,551.64
005,623,4095,871,7,,,4,9,2018,13,8,9,552.90,24.17,948.38,552.56
005,639,4095,864,7,,,4,9,2018,13,13,9,552.80,24.16,948.40,552.45
005,683,4095,898,7,,,4,9,2018,13,18,9,552.70,24.91,948.36,552.77
005,687,4095,915,7,,,4,9,2018,13,23,9,552.40,24.97,948.30,553.32
005,699,4095,971,7,,,4,9,2018,13,28,9,551.30,24.99,948.29,553.38
005,727,4095,988,7,,,4,9,2018,13,33,9,549.80,25.27,948.35,552.82
005,747,4095,980,7,,,4,9,2018,13,38,9,551.50,25.36,948.29,553.39
005,701,4095,983,7,,,4,9,2018,13,43,9,551.10,25.51,948.28,553.43
005,731,4095,1014,8,,,4,9,2018,13,48,9,549.70,25.71,948.25,553.69
005,743,4095,1047,7,,,4,9,2018,13,53,9,548.30,26.25,948.17,554.47
005,739,4095,1022,7,,,4,9,2018,13,58,9,551.70,27.09,948.24,553.83
005,763,4095,1062,8,,,4,9,2018,14,3,9,547.10,27.34,948.17,554.44
005,813,4095,1143,7,,,4,9,2018,14,8,9,546.30,27.90,948.11,554.93
005,859,4095,1182,7,,,4,9,2018,14,18,9,545.30,28.63,948.10,555.03
005,871,4095,1169,8,,,4,9,2018,14,23,9,548.50,29.10,948.03,555.63
005,839,4095,1184,8,,,4,9,2018,14,28,9,547.90,29.53,948.01,555.80
005,841,4095,1187,8,,,4,9,2018,14,33,9,546.50,29.29,948.01,555.87
005,839,1415,1182,7,,,4,9,2018,14,38,9,548.10,29.67,948.05,555.52
005,878,1427,1179,8,,,4,9,2018,14,43,9,547.00,30.36,948.07,555.28
005,877,1433,1207,8,,,4,9,2018,14,48,9,549.00,30.36,948.07,555.33
005,889,1463,1211,8,,,4,9,2018,14,53,9,554.10,30.32,948.03,555.63
005,867,1448,1214,7,,,4,9,2018,14,58,9,549.20,30.88,948.03,555.69
005,839,1425,1189,7,,,4,9,2018,15,3,9,546.60,31.27,948.10,555.08
005,928,1459,1225,7,,,4,9,2018,15,8,9,551.60,31.44,948.06,555.41
005,903,1459,1225,7,,,4,9,2018,15,13,9,551.20,31.45,948.00,555.92
005,889,1487,1246,7,,,4,9,2018,15,18,9,551.70,31.99,947.95,556.40
005,914,1491,1271,8,,,4,9,2018,15,23,9,548.90,32.15,947.89,556.86
005,777,1219,1136,8,,,4,9,2018,15,28,9,549.60,31.96,947.87,557.03
005,943,1571,1312,8,,,4,9,2018,15,33,9,548.50,32.97,947.80,557.69
005,967,1607,1332,8,,,4,9,2018,15,38,9,546.60,33.42,947.76,558.01
005,791,1430,1207,8,,,4,9,2018,15,43,9,550.80,33.99,947.72,558.38
005,955,1565,1299,8,,,4,9,2018,15,48,9,541.80,34.82,947.73,558.30
005,939,1555,1308,8,,,4,9,2018,15,53,9,550.80,34.92,947.69,558.66
005,963,1577,1328,8,,,4,9,2018,15,58,9,552.10,35.27,947.61,559.38
005,970,1574,1319,8,,,4,9,2018,16,3,9,550.70,35.70,947.58,559.63
005,923,1555,1303,8,,,4,9,2018,16,8,9,544.10,35.61,947.52,560.15
005,963,1568,1347,8,,,4,9,2018,16,13,9,550.80,35.49,947.49,560.37
005,959,1623,1335,8,,,4,9,2018,16,23,9,550.90,35.45,947.34,561.72
005,998,1650,1393,8,,,4,9,2018,16,28,9,548.50,36.40,947.38,561.34
005,967,1641,1395,8,,,4,9,2018,16,33,9,551.50,37.26,947.28,562.22
005,972,1635,1369,8,,,4,9,2018,16,38,9,550.90,37.65,947.19,563.04
005,995,1656,1404,8,,,4,9,2018,16,43,9,554.10,37.42,947.15,563.38
005,1047,1735,1457,8,,,4,9,2018,16,48,9,553.20,37.27,947.04,564.40
005,1061,1739,1505,8,,,4,9,2018,16,53,9,551.30,38.35,946.92,565.43
005,1054,1747,1474,9,,,4,9,2018,16,58,9,551.90,38.49,946.91,565.50
005,969,1689,1427,8,,,4,9,2018,17,3,9,554.40,38.54,946.81,566.37
005,1002,1700,1424,8,,,4,9,2018,17,8,9,552.20,37.89,946.69,567.42
005,950,1671,1368,9,,,4,9,2018,17,13,9,558.30,38.46,946.65,567.79
005,977,1651,1391,8,,,4,9,2018,17,18,9,553.80,38.41,946.55,568.66
005,961,1625,1376,8,,,4,9,2018,17,23,9,555.00,38.99,946.60,568.23
005,928,1609,1359,8,,,4,9,2018,17,28,9,554.90,38.23,946.57,568.49
005,960,1632,1353,8,,,4,9,2018,17,33,9,556.00,38.60,946.51,569.01
005,955,1659,1387,8,,,4,9,2018,17,38,9,561.60,38.41,946.46,569.48
005,953,1647,1415,8,,,4,9,2018,17,43,9,559.80,38.81,946.39,570.06
005,979,1625,1353,8,,,4,9,2018,17,48,9,561.60,39.57,946.33,570.58
005,971,1660,1417,8,,,4,9,2018,17,53,9,559.30,39.69,946.34,570.56
005,939,1623,1376,9,,,4,9,2018,17,58,9,555.30,38.99,946.30,570.90
005,881,1510,1279,9,,,4,9,2018,18,3,9,558.10,38.73,946.32,570.72
005,771,1381,1144,8,,,4,9,2018,18,8,9,555.90,38.57,946.32,570.69
005,834,1427,1174,8,,,4,9,2018,18,13,9,556.50,36.75,946.28,571.05
005,807,1345,1121,8,,,4,9,2018,18,18,9,556.70,36.79,946.24,571.36
005,852,1459,1200,8,,,4,9,2018,18,23,9,556.40,36.68,946.15,572.14
005,865,1459,1220,8,,,4,9,2018,18,28,9,553.70,35.68,946.18,571.94
005,854,1425,1198,8,,,4,9,2018,18,33,9,553.20,35.23,946.20,571.79
005,883,1499,1279,8,,,4,9,2018,18,38,9,553.90,33.92,946.17,572.05
005,936,2308,1267,8,,,4,9,2018,18,43,9,555.10,33.47,946.30,570.90
005,893,1505,1264,8,,,4,9,2018,18,48,9,553.00,32.73,946.27,571.10
005,905,1534,1284,8,,,4,9,2018,18,53,9,553.80,32.78,946.33,570.57
005,880,1537,1270,8,,,4,9,2018,18,58,9,549.70,32.89,946.36,570.30
005,892,1547,1314,8,,,4,9,2018,19,3,9,553.30,31.48,946.40,570.00
005,747,1431,1185,8,,,4,9,2018,19,8,9,549.00,31.25,946.56,568.58
005,870,1526,1063,8,,,4,9,2018,19,13,9,552.10,31.26,946.51,569.06
005,897,1489,1252,8,,,4,9,2018,19,18,9,557.50,31.34,946.58,568.43
005,452,631,737,8,,,4,9,2018,19,23,9,558.30,30.60,946.64,567.85
005,834,1397,1190,7,,,4,9,2018,19,28,9,557.90,30.29,946.69,567.45
005,802,1347,1128,7,,,4,9,2018,19,33,9,556.10,30.84,946.71,567.30
005,777,1311,1120,8,,,4,9,2018,19,38,9,552.50,30.44,946.73,567.05
005,670,1248,1016,7,,,4,9,2018,19,43,9,552.60,30.08,946.81,566.38
005,777,1267,1081,8,,,4,9,2018,19,48,9,553.00,29.93,946.90,565.63
005,742,1213,1009,8,,,4,9,2018,19,53,9,553.20,30.50,946.85,566.01
005,748,1239,1058,8,,,4,9,2018,19,58,9,554.60,30.31,946.88,565.77
005,739,1217,1006,8,,,4,9,2018,20,3,9,552.10,30.15,946.81,566.40
005,711,2355,958,8,,,4,9,2018,20,8,9,553.60,28.84,946.72,567.20
005,678,1629,943,7,,,4,9,2018,20,13,9,553.00,28.21,946.89,565.65
005,635,4095,883,7,,,4,9,2018,20,18,9,548.00,28.10,946.93,565.36
005,614,4095,907,7,,,4,9,2018,20,23,9,553.40,27.59,946.96,565.06
005,650,4095,892,7,,,4,9,2018,20,28,9,553.60,27.39,946.97,564.96
005,595,4095,867,8,,,4,9,2018,20,33,9,555.00,27.44,947.13,563.60
005,598,4095,800,7,,,4,9,2018,20,38,9,550.20,27.34,947.07,564.11
005,524,4095,775,7,,,4,9,2018,20,43,9,552.20,27.07,947.27,562.32
005,529,4095,724,7,,,4,9,2018,20,48,9,553.10,27.12,947.32,561.86
005,370,4095,599,7,,,4,9,2018,20,53,9,552.30,26.82,947.37,561.47
005,451,4095,604,7,,,4,9,2018,20,58,9,553.60,26.90,947.37,561.46
005,429,4095,583,7,,,4,9,2018,21,3,9,547.60,25.32,947.63,559.20
005,391,4095,519,8,,,4,9,2018,21,8,9,548.10,24.06,947.56,559.79
005,34,4095,39,7,,,4,9,2018,21,13,9,548.70,23.33,947.74,558.16
005,36,4095,44,24,,,4,9,2018,21,18,9,553.50,22.88,947.97,556.19
