005,304,692,3780,7,,,10,5,2019,19,24,40,564.30,21.11,952.53,516.17
005,432,711,2590,7,,,10,5,2019,19,38,11,556.60,20.77,952.51,516.33
005,411,695,583,7,,,10,5,2019,19,43,11,552.40,20.44,952.52,516.27
005,393,706,2691,7,,,10,5,2019,19,48,11,553.00,20.45,952.52,516.31
005,19,8,1876,7,,,10,5,2019,19,53,11,553.60,20.56,952.65,515.15
005,9,7,505,7,,,10,5,2019,19,58,11,554.90,20.17,952.73,514.43
005,51,8,881,7,,,10,5,2019,20,3,11,555.00,20.53,952.85,513.44
005,340,545,2929,7,,,10,5,2019,20,8,11,558.70,20.25,952.78,513.98
005,318,504,3213,6,,,10,5,2019,20,13,11,554.30,20.05,952.88,513.12
005,10,7,442,6,,,10,5,2019,20,18,11,554.20,20.09,952.91,512.91
005,11,7,180,7,,,10,5,2019,20,23,11,557.20,20.35,952.93,512.69
005,9,8,123,7,,,10,5,2019,20,28,11,552.80,20.56,953.00,512.09
005,10,7,484,7,,,10,5,2019,20,33,11,556.90,20.15,953.04,511.73
005,9,7,1543,7,,,10,5,2019,20,38,11,556.20,19.63,953.10,511.17
005,10,8,1821,7,,,10,5,2019,20,43,11,556.20,19.97,953.15,510.78
005,11,8,2160,8,,,10,5,2019,20,48,11,554.30,20.00,953.10,511.22
005,17,8,1912,7,,,10,5,2019,20,53,11,548.60,19.39,953.13,510.91
005,8,7,1664,7,,,10,5,2019,20,58,11,553.40,19.16,953.05,511.61
005,8,7,1579,7,,,10,5,2019,21,3,11,552.00,18.82,953.01,512.01
005,10,7,2051,7,,,10,5,2019,21,8,11,552.50,18.63,953.04,511.73
005,9,7,1049,7,,,10,5,2019,21,13,11,550.00,18.23,952.96,512.43
005,8,7,1715,7,,,11,5,2019,12,8,11,555.00,8.32,955.93,486.45
005,8,7,2040,6,,,11,5,2019,12,13,11,558.00,8.89,955.89,486.82
005,7,6,2323,6,,,11,5,2019,12,18,11,556.80,9.38,955.89,486.80
005,7,6,2442,6,,,11,5,2019,12,23,11,560.30,9.86,955.82,487.48
005,7,6,2529,6,,,11,5,2019,12,28,11,561.20,10.69,955.86,487.11
005,7,7,2627,6,,,11,5,2019,12,33,11,559.10,11.56,955.83,487.33
005,7,6,2374,6,,,11,5,2019,12,38,11,563.60,11.78,955.86,487.06
005,7,7,2817,7,,,11,5,2019,12,43,11,558.00,12.19,955.83,487.34
005,7,7,2595,6,,,11,5,2019,12,48,11,550.20,13.08,955.88,486.93
005,7,6,2361,6,,,11,5,2019,12,53,11,554.10,13.38,955.87,487.04
005,7,7,2619,6,,,11,5,2019,13,3,11,558.40,13.87,955.92,486.59
005,7,6,2438,6,,,11,5,2019,13,8,11,559.50,13.79,956.02,485.70
005,7,7,2210,7,,,11,5,2019,13,13,11,554.80,15.21,955.97,486.10
005,7,7,2882,6,,,11,5,2019,13,18,11,554.80,15.28,956.02,485.68
005,7,7,1880,6,,,11,5,2019,13,23,11,553.10,15.58,956.06,485.34
005,7,6,2627,6,,,11,5,2019,13,28,11,556.60,16.29,956.07,485.27
005,7,7,2627,6,,,11,5,2019,13,33,11,558.00,17.38,955.98,486.00
005,7,7,1510,7,,,11,5,2019,13,38,11,554.90,17.32,955.98,486.07
005,7,7,930,6,,,11,5,2019,13,43,11,557.00,17.87,956.03,485.58
005,7,7,1064,7,,,11,5,2019,13,48,11,557.30,18.36,956.06,485.33
005,8,7,1666,6,,,11,5,2019,13,53,11,557.50,19.66,956.03,485.64
005,7,7,1432,6,,,11,5,2019,13,58,11,558.30,18.69,955.99,485.96
005,7,7,1245,7,,,11,5,2019,14,3,11,555.50,18.75,956.04,485.54
005,7,7,97,6,,,11,5,2019,14,8,11,555.70,19.24,955.96,486.24
005,7,7,667,7,,,11,5,2019,14,13,11,553.30,19.45,955.94,486.36
005,511,878,4085,6,,,11,5,2019,14,18,11,557.60,19.37,955.98,486.08
005,491,838,3124,6,,,11,5,2019,14,23,11,551.60,18.61,955.96,486.23
005,530,878,2246,6,,,11,5,2019,14,28,11,551.60,18.75,955.93,486.44
005,544,936,2614,7,,,11,5,2019,14,33,11,554.40,19.67,955.78,487.77
005,566,942,4095,6,,,11,5,2019,14,38,11,553.10,20.41,955.68,488.63
005,526,963,4095,7,,,11,5,2019,14,43,11,553.20,20.79,955.67,488.74
005,566,979,3967,6,,,11,5,2019,14,48,11,557.10,20.95,955.64,489.02
005,546,951,3443,6,,,11,5,2019,14,53,11,552.60,21.77,955.68,488.65
005,540,947,3080,7,,,11,5,2019,15,3,11,555.00,22.28,955.58,489.56
005,534,921,668,7,,,11,5,2019,15,8,11,553.10,22.39,955.60,489.33
005,534,915,4094,7,,,11,5,2019,15,13,11,554.70,20.90,955.55,489.76
005,540,952,4032,6,,,11,5,2019,15,18,11,557.10,21.84,955.53,489.98
005,591,948,4095,7,,,11,5,2019,15,23,11,553.50,22.25,955.48,490.39
005,541,963,4093,7,,,11,5,2019,15,28,11,553.60,22.63,955.44,490.75
005,560,967,4095,7,,,11,5,2019,15,33,11,554.00,22.81,955.44,490.76
005,560,982,3633,7,,,11,5,2019,15,38,11,555.80,23.69,955.38,491.30
005,550,966,4095,7,,,11,5,2019,15,43,11,552.20,22.94,955.39,491.16
005,560,882,4094,7,,,11,5,2019,15,48,11,555.60,22.52,955.40,491.14
005,572,918,4095,7,,,11,5,2019,15,53,11,556.40,21.48,955.46,490.59
005,551,964,4095,7,,,11,5,2019,15,58,11,553.40,22.28,955.39,491.21
005,555,979,4095,7,,,11,5,2019,16,3,11,554.40,21.48,955.38,491.25
005,594,995,4095,7,,,11,5,2019,16,8,11,560.30,21.48,955.40,491.06
005,574,1014,4095,7,,,11,5,2019,16,13,11,557.30,20.88,955.52,490.07
005,556,1002,4095,6,,,11,5,2019,16,18,11,559.10,21.28,955.44,490.77
005,571,1057,4095,7,,,11,5,2019,16,23,11,552.80,22.44,955.40,491.14
005,566,1041,4095,7,,,11,5,2019,16,28,11,559.50,22.53,955.29,492.09
005,591,1033,2146,7,,,11,5,2019,16,33,11,556.30,22.05,955.29,492.08
005,647,1095,4095,7,,,11,5,2019,16,38,11,555.30,22.96,955.20,492.88
005,647,1080,4093,7,,,11,5,2019,16,43,11,557.50,24.43,955.10,493.72
005,587,1072,3761,7,,,11,5,2019,16,53,11,558.40,24.90,955.05,494.20
005,604,1000,4095,7,,,11,5,2019,16,58,11,566.00,25.36,955.08,493.91
005,578,1054,4095,7,,,11,5,2019,17,3,11,556.40,25.12,955.05,494.17
005,576,1043,4095,6,,,11,5,2019,17,8,11,552.90,24.17,955.01,494.47
005,615,1031,4095,6,,,11,5,2019,17,13,11,553.10,23.05,955.15,493.25
005,593,1045,4095,7,,,11,5,2019,17,18,11,554.70,22.88,955.18,493.03
005,591,1011,1649,7,,,11,5,2019,17,23,11,553.70,23.27,955.11,493.66
005,578,968,4095,6,,,11,5,2019,17,28,11,558.00,23.20,955.02,494.38
005,578,919,3467,6,,,11,5,2019,17,33,11,559.00,24.24,955.03,494.30
005,593,1014,4095,6,,,11,5,2019,17,38,11,560.20,25.80,954.86,495.83
005,566,1004,4095,7,,,11,5,2019,17,43,11,554.90,24.68,954.88,495.63
005,563,956,4095,7,,,11,5,2019,17,48,11,565.40,24.62,954.93,495.19
005,558,961,4095,7,,,11,5,2019,17,53,11,563.60,23.76,954.83,496.07
005,512,918,4095,7,,,11,5,2019,17,58,11,565.20,24.22,954.80,496.31
005,456,966,4095,6,,,11,5,2019,18,3,11,558.60,24.24,954.74,496.91
005,577,960,4095,7,,,11,5,2019,18,8,11,558.20,24.02,954.70,497.26
005,579,978,4095,7,,,11,5,2019,18,13,11,558.40,24.53,954.58,498.28
005,569,1030,4095,6,,,11,5,2019,18,18,11,547.90,24.49,954.56,498.47
005,583,1023,4095,6,,,11,5,2019,18,23,11,558.60,24.44,954.61,498.03
005,582,962,4079,7,,,11,5,2019,18,28,11,555.00,24.73,954.61,498.02
005,542,939,4095,7,,,11,5,2019,18,33,11,551.90,25.77,954.50,498.94
005,581,950,4095,7,,,11,5,2019,18,38,11,552.40,24.35,954.45,499.43
005,552,949,3840,7,,,11,5,2019,18,43,11,550.80,24.06,954.54,498.64
005,563,994,4095,7,,,11,5,2019,18,48,11,549.70,23.54,954.51,498.91
005,550,918,3437,7,,,11,5,2019,18,53,11,554.70,23.07,954.52,498.83
005,535,900,4095,7,,,11,5,2019,18,58,11,553.00,22.21,954.44,499.48
005,529,888,663,7,,,11,5,2019,19,3,11,554.50,23.08,954.35,500.27
005,536,942,649,7,,,11,5,2019,19,8,11,552.00,24.00,954.35,500.31
005,516,839,4095,7,,,11,5,2019,19,13,11,551.80,24.52,954.33,500.44
005,499,856,4095,7,,,11,5,2019,19,18,11,553.50,25.00,954.25,501.17
005,476,839,4078,7,,,11,5,2019,19,23,11,555.40,23.86,954.27,501.00
005,483,782,4095,8,,,11,5,2019,19,28,11,558.80,24.63,954.19,501.71
005,429,701,3820,6,,,11,5,2019,19,33,11,554.70,24.08,954.12,502.31
005,368,662,3604,7,,,11,5,2019,19,38,11,557.50,23.62,954.17,501.85
005,387,668,4095,7,,,11,5,2019,19,43,11,554.20,22.86,954.04,502.97
005,374,653,4095,7,,,11,5,2019,19,48,11,549.30,22.89,954.13,502.20
005,362,588,411,7,,,11,5,2019,19,53,11,551.70,23.01,954.20,501.62
005,355,589,1124,7,,,11,5,2019,19,58,11,555.00,22.56,954.25,501.12
005,345,607,4092,7,,,11,5,2019,20,3,11,558.80,21.84,954.24,501.23
005,7,7,1425,7,,,11,5,2019,20,8,11,556.20,22.44,954.19,501.71
005,7,7,1380,7,,,11,5,2019,20,13,11,556.60,22.28,954.09,502.56
005,8,7,1051,7,,,11,5,2019,20,18,11,555.90,22.36,954.03,503.07
005,7,7,529,6,,,11,5,2019,20,23,11,555.20,22.17,954.03,503.08
005,8,7,49,7,,,11,5,2019,20,28,11,555.40,20.84,954.08,502.63
005,7,7,94,7,,,11,5,2019,20,33,11,556.90,21.22,954.16,501.92
005,8,7,93,7,,,11,5,2019,20,38,11,556.50,20.84,954.33,500.49
005,7,8,206,7,,,11,5,2019,20,43,11,554.60,20.19,954.37,500.11
005,8,7,174,6,,,11,5,2019,20,48,11,549.70,19.92,954.48,499.18
005,7,7,354,7,,,11,5,2019,20,53,11,550.60,19.86,954.48,499.11
005,7,8,140,7,,,11,5,2019,20,58,11,550.00,19.37,954.64,497.77
005,8,7,195,7,,,11,5,2019,21,3,11,551.20,19.01,954.66,497.60
005,7,7,1126,7,,,11,5,2019,21,8,11,548.30,18.88,954.70,497.18
005,8,7,960,7,,,11,5,2019,21,13,11,550.30,18.58,954.78,496.53
005,8,7,1867,6,,,12,5,2019,12,13,11,561.50,9.19,954.47,499.27
005,7,7,2029,6,,,12,5,2019,12,18,11,553.00,9.77,954.56,498.41
005,7,6,1679,6,,,12,5,2019,12,23,11,549.50,10.36,954.53,498.73
005,7,6,1986,6,,,12,5,2019,12,28,11,552.80,11.19,954.62,497.95
005,7,6,1998,6,,,12,5,2019,12,33,11,549.60,11.71,954.65,497.69
005,7,7,2355,7,,,12,5,2019,12,38,11,540.80,11.64,954.73,496.97
005,7,7,2498,6,,,12,5,2019,12,43,11,553.80,12.06,954.68,497.36
005,7,7,2657,6,,,12,5,2019,12,48,11,552.50,13.00,954.70,497.18
005,7,7,2656,7,,,12,5,2019,12,53,11,553.50,13.99,954.77,496.62
005,8,7,2546,7,,,12,5,2019,12,58,11,545.20,13.79,954.79,496.44
005,7,7,2719,7,,,12,5,2019,13,3,11,557.90,14.42,954.79,496.44
005,8,7,1954,6,,,12,5,2019,13,8,11,553.40,14.91,954.74,496.87
005,7,7,2055,6,,,12,5,2019,13,13,11,553.60,15.34,954.69,497.31
005,7,7,2454,6,,,12,5,2019,13,18,11,557.40,16.18,954.69,497.28
005,7,6,2112,6,,,12,5,2019,13,23,11,554.90,16.47,954.72,497.06
005,7,7,2719,6,,,12,5,2019,13,28,11,555.20,16.98,954.65,497.64
005,7,7,2737,6,,,12,5,2019,13,33,11,555.40,16.93,954.71,497.11
005,7,7,2798,7,,,12,5,2019,13,38,11,554.70,17.56,954.66,497.57
005,7,7,2919,6,,,12,5,2019,13,43,11,556.10,16.58,954.70,497.19
005,7,7,2824,7,,,12,5,2019,13,48,11,544.60,16.81,954.79,496.42
005,7,7,2567,7,,,12,5,2019,13,53,11,547.70,17.33,954.79,496.41
005,7,7,2918,7,,,12,5,2019,13,58,11,554.70,17.51,954.81,496.22
005,7,7,2873,6,,,12,5,2019,14,8,11,558.50,18.02,954.83,496.08
005,7,7,2877,7,,,12,5,2019,14,18,11,553.80,19.06,954.87,495.75
005,598,1030,4095,7,,,12,5,2019,14,23,11,557.60,18.42,954.90,495.44
005,602,864,4095,6,,,12,5,2019,14,28,11,553.70,18.48,954.97,494.89
005,615,1056,4095,7,,,12,5,2019,14,33,11,557.60,19.09,955.00,494.56
005,604,1104,4095,7,,,12,5,2019,14,38,11,553.90,20.04,954.96,494.96
005,630,1095,4095,7,,,12,5,2019,14,43,11,553.90,21.02,955.02,494.39
005,647,1122,2950,7,,,12,5,2019,14,48,11,551.90,20.90,954.94,495.13
005,627,1131,1158,7,,,12,5,2019,14,53,11,555.00,20.46,954.97,494.89
005,666,1089,4095,6,,,12,5,2019,15,3,11,554.50,22.36,954.85,495.93
005,654,1163,4095,7,,,12,5,2019,15,8,11,555.70,23.30,954.82,496.19
005,672,1171,4095,7,,,12,5,2019,15,13,11,557.50,22.91,954.83,496.12
005,707,1194,4095,7,,,12,5,2019,15,23,11,553.50,24.35,954.72,497.08
005,706,1211,4095,7,,,12,5,2019,15,28,11,549.30,25.05,954.69,497.27
005,711,1246,4095,7,,,12,5,2019,15,33,11,550.00,25.68,954.59,498.20
005,739,1255,4094,7,,,12,5,2019,15,38,11,554.60,25.59,954.56,498.48
005,738,1198,4095,7,,,12,5,2019,15,43,11,556.00,24.97,954.60,498.11
005,808,1251,4095,7,,,12,5,2019,15,48,11,557.40,24.30,954.55,498.51
005,707,1220,3919,7,,,12,5,2019,15,53,11,555.60,24.76,954.52,498.76
005,715,1255,4095,7,,,12,5,2019,16,3,11,556.90,24.13,954.35,500.25
005,731,1266,4095,7,,,12,5,2019,16,8,11,558.00,25.77,954.45,499.38
005,712,1206,2550,7,,,12,5,2019,16,13,11,560.70,26.60,954.33,500.45
005,754,1223,3084,7,,,12,5,2019,16,18,11,563.20,26.81,954.31,500.60
005,775,1235,2183,7,,,12,5,2019,16,23,11,560.50,26.00,954.25,501.11
005,703,1235,880,7,,,12,5,2019,16,33,11,556.60,26.77,954.23,501.30
005,718,1235,2979,7,,,12,5,2019,16,38,11,556.20,25.89,954.11,502.34
005,835,1231,3822,7,,,12,5,2019,16,43,11,568.10,25.80,954.01,503.24
005,775,1228,2432,7,,,12,5,2019,16,48,11,555.20,26.22,953.92,504.04
005,745,1234,2914,7,,,12,5,2019,16,53,11,553.60,26.55,953.85,504.63
005,680,1214,1517,7,,,12,5,2019,16,58,11,555.50,26.34,953.85,504.64
005,739,1240,1864,6,,,12,5,2019,17,3,11,558.60,27.59,953.70,505.95
005,735,1260,1747,7,,,12,5,2019,17,8,11,560.10,26.91,953.67,506.22
005,782,1288,1890,7,,,12,5,2019,17,13,11,560.60,27.24,953.59,506.94
005,794,1283,2718,7,,,12,5,2019,17,18,11,557.90,28.53,953.50,507.67
005,799,1251,4095,7,,,12,5,2019,17,23,11,561.10,28.58,953.45,508.17
005,872,1251,2873,7,,,12,5,2019,17,28,11,559.90,27.15,953.51,507.63
005,1063,1268,3486,7,,,12,5,2019,17,33,11,563.30,26.85,953.42,508.37
005,896,1291,2411,7,,,12,5,2019,17,38,11,565.40,27.30,953.40,508.56
005,882,1206,2599,7,,,12,5,2019,17,43,11,558.30,26.87,953.37,508.88
005,771,1223,2524,6,,,12,5,2019,17,48,11,561.30,27.50,953.40,508.56
005,749,1155,2361,7,,,12,5,2019,17,53,11,558.40,27.07,953.36,508.97
005,702,960,2807,7,,,12,5,2019,17,58,11,559.50,27.79,953.40,508.57
005,739,1199,4095,7,,,12,5,2019,18,3,11,557.80,28.92,953.37,508.85
005,835,1171,4095,6,,,12,5,2019,18,8,11,560.30,28.28,953.39,508.64
005,789,1143,3353,7,,,12,5,2019,18,13,11,550.00,28.45,953.36,508.97
005,630,1086,4095,7,,,12,5,2019,18,18,11,556.70,28.25,953.30,509.46
005,973,1115,3276,7,,,12,5,2019,18,23,11,542.50,29.00,953.29,509.51
005,654,1137,4093,7,,,12,5,2019,18,28,11,544.60,29.30,953.31,509.40
005,614,1059,701,7,,,12,5,2019,18,33,11,549.50,28.38,953.31,509.39
005,595,1051,2169,7,,,12,5,2019,18,38,11,556.30,28.59,953.23,510.07
005,618,1073,2092,7,,,12,5,2019,18,43,11,548.50,28.89,953.21,510.27
005,611,1071,1735,7,,,12,5,2019,18,48,11,555.10,29.17,953.16,510.65
005,594,974,1922,7,,,12,5,2019,18,53,11,552.00,29.53,953.25,509.91
005,562,967,2950,7,,,12,5,2019,18,58,11,552.50,27.72,953.27,509.73
005,747,1041,3473,7,,,12,5,2019,19,3,11,552.90,27.03,953.24,509.94
005,558,927,1720,7,,,12,5,2019,19,8,11,549.30,27.24,953.25,509.90
005,840,937,1750,6,,,12,5,2019,19,13,11,553.50,27.62,953.15,510.75
005,791,908,2500,7,,,12,5,2019,19,18,11,556.50,27.93,953.16,510.70
005,771,869,2806,7,,,12,5,2019,19,23,11,553.70,25.92,953.16,510.64
005,545,886,4092,7,,,12,5,2019,19,28,11,555.40,25.90,953.20,510.29
005,531,929,3249,7,,,12,5,2019,19,33,11,550.70,26.53,953.18,510.55
005,501,855,2787,7,,,12,5,2019,19,38,11,551.70,26.67,953.29,509.58
005,490,918,3549,7,,,12,5,2019,19,43,11,551.30,26.14,953.28,509.61
005,388,671,2529,7,,,12,5,2019,19,48,11,555.50,25.59,953.29,509.57
005,495,865,3548,7,,,12,5,2019,19,53,11,557.90,25.94,953.31,509.34
005,497,854,3081,8,,,12,5,2019,19,58,11,559.30,24.71,953.33,509.22
005,7,8,439,7,,,12,5,2019,20,3,11,561.20,25.20,953.37,508.81
005,362,659,4014,7,,,12,5,2019,20,8,11,555.90,25.62,953.40,508.60
005,381,650,3804,7,,,12,5,2019,20,13,11,552.20,25.04,953.43,508.31
005,341,583,4095,7,,,12,5,2019,20,18,11,550.20,24.80,953.41,508.52
005,8,8,257,7,,,12,5,2019,20,23,11,549.70,25.41,953.44,508.20
005,308,527,3984,7,,,12,5,2019,20,28,11,550.90,24.56,953.44,508.27
005,8,8,318,7,,,12,5,2019,20,33,11,555.30,24.79,953.45,508.19
005,7,8,176,7,,,12,5,2019,20,38,11,559.10,24.22,953.38,508.77
005,8,8,183,7,,,12,5,2019,20,43,11,550.00,23.84,953.44,508.19
005,8,8,135,7,,,12,5,2019,20,48,11,549.60,23.49,953.47,508.01
005,9,8,385,7,,,12,5,2019,20,53,11,554.70,22.92,953.46,508.08
005,8,7,1193,7,,,12,5,2019,20,58,11,547.80,22.86,953.52,507.49
005,8,8,841,7,,,12,5,2019,21,3,11,552.70,22.31,953.50,507.67
005,8,8,298,7,,,12,5,2019,21,8,11,544.60,21.96,953.60,506.84
005,8,8,575,7,,,12,5,2019,21,13,11,546.90,21.69,953.61,506.75
005,8,7,1704,7,,,13,5,2019,12,13,11,551.90,10.73,954.05,502.86
005,7,6,1510,6,,,13,5,2019,12,18,11,539.40,11.18,954.21,501.50
005,7,7,2089,6,,,13,5,2019,12,23,11,556.50,12.31,954.24,501.22
005,8,7,2333,7,,,13,5,2019,12,28,11,554.60,13.26,954.17,501.82
005,7,6,2307,6,,,13,5,2019,12,33,11,561.60,13.90,954.22,501.43
005,7,7,2574,7,,,13,5,2019,12,38,11,560.60,14.45,954.22,501.40
005,7,7,2346,7,,,13,5,2019,12,43,11,555.70,14.39,954.17,501.88
005,7,7,2457,6,,,13,5,2019,12,48,11,552.60,14.77,954.25,501.15
005,7,7,2028,6,,,13,5,2019,12,53,11,551.30,16.11,954.19,501.65
005,8,7,2418,7,,,13,5,2019,12,58,11,554.90,16.96,954.21,501.46
005,7,7,2160,7,,,13,5,2019,13,3,11,557.40,17.54,954.24,501.20
005,7,7,2633,7,,,13,5,2019,13,8,11,556.50,17.40,954.21,501.50
005,7,7,1569,7,,,13,5,2019,13,13,11,555.30,17.02,954.23,501.30
005,7,7,1355,6,,,13,5,2019,13,18,11,564.60,17.51,954.22,501.41
005,7,7,1895,7,,,13,5,2019,13,23,11,558.20,16.35,954.28,500.87
005,7,7,1984,7,,,13,5,2019,13,28,11,555.40,17.35,954.38,500.03
005,7,7,2381,7,,,13,5,2019,13,33,11,551.60,19.09,954.29,500.79
005,7,7,2676,7,,,13,5,2019,13,38,11,562.60,20.83,954.25,501.14
005,7,7,2636,7,,,13,5,2019,13,43,11,561.10,22.19,954.24,501.23
005,7,7,2557,7,,,13,5,2019,13,48,11,557.00,23.16,954.26,501.10
005,570,999,4095,7,,,13,5,2019,13,53,11,562.50,22.21,954.23,501.31
005,627,1049,4095,7,,,13,5,2019,13,58,11,552.90,21.23,954.22,501.45
005,614,1070,4095,6,,,13,5,2019,14,3,11,556.00,21.24,954.17,501.83
005,636,1110,4095,7,,,13,5,2019,14,8,11,560.60,21.62,954.14,502.10
005,624,1147,4095,7,,,13,5,2019,14,13,11,556.60,21.52,954.14,502.14
005,674,1123,4094,7,,,13,5,2019,14,18,11,555.30,22.07,954.15,502.03
005,661,1126,4095,7,,,13,5,2019,14,23,11,555.80,23.00,954.12,502.31
005,688,1186,4095,7,,,13,5,2019,14,28,11,556.50,23.25,954.03,503.10
005,674,1159,4095,7,,,13,5,2019,14,33,11,556.90,23.75,954.06,502.83
005,650,1190,4092,7,,,13,5,2019,14,38,11,552.20,23.77,953.89,504.28
005,659,1132,3747,7,,,13,5,2019,14,43,11,549.10,24.32,953.92,504.04
005,678,1175,4095,7,,,13,5,2019,14,48,11,536.00,24.81,953.91,504.09
005,686,1188,4095,7,,,13,5,2019,14,53,11,554.50,25.00,953.90,504.19
005,719,1201,4095,7,,,13,5,2019,14,58,11,553.90,25.24,953.92,504.07
005,695,1232,3751,7,,,13,5,2019,15,3,11,556.10,25.71,953.87,504.49
005,699,1234,4095,7,,,13,5,2019,15,8,11,556.60,24.88,953.86,504.55
005,707,1230,3404,7,,,13,5,2019,15,13,11,554.40,25.28,953.84,504.73
005,939,1266,3779,8,,,13,5,2019,15,18,11,554.30,27.12,953.77,505.35
005,748,1235,3939,8,,,13,5,2019,15,23,11,552.10,27.75,953.61,506.74
005,736,1275,1227,7,,,13,5,2019,15,28,11,558.80,27.39,953.63,506.55
005,723,1254,2249,7,,,13,5,2019,15,33,11,556.00,27.57,953.67,506.24
005,823,1226,1218,7,,,13,5,2019,15,43,11,558.20,28.34,953.65,506.42
005,855,1299,4083,7,,,13,5,2019,15,48,11,555.90,28.69,953.57,507.13
005,812,1275,4093,7,,,13,5,2019,15,53,11,555.30,28.55,953.50,507.71
005,782,1198,2928,7,,,13,5,2019,15,58,11,556.80,28.80,953.43,508.35
005,819,1271,4095,7,,,13,5,2019,16,8,11,557.00,27.23,953.32,509.24
005,763,1246,2040,7,,,13,5,2019,16,13,11,556.90,27.56,953.27,509.76
005,815,1230,2638,7,,,13,5,2019,16,18,11,558.00,28.82,953.19,510.41
005,962,1327,4095,7,,,13,5,2019,16,23,11,558.90,28.99,953.18,510.49
005,1009,1280,4095,7,,,13,5,2019,16,28,11,555.90,29.79,953.16,510.65
005,762,1302,4095,8,,,13,5,2019,16,33,11,554.70,29.76,953.12,511.02
005,767,1365,4095,7,,,13,5,2019,16,38,11,553.40,29.46,953.07,511.44
005,960,1279,4095,7,,,13,5,2019,16,43,11,556.90,30.17,953.01,511.97
005,692,1284,3663,8,,,13,5,2019,16,48,11,554.90,29.48,952.94,512.64
005,923,1275,901,7,,,13,5,2019,16,53,11,554.30,29.35,952.91,512.84
005,662,1112,867,7,,,13,5,2019,16,58,11,556.20,30.14,952.84,513.46
005,690,1210,3037,8,,,13,5,2019,17,3,11,555.90,29.79,952.90,512.97
005,733,1202,1148,8,,,13,5,2019,17,8,11,556.80,28.67,952.85,513.41
005,713,1167,4095,7,,,13,5,2019,17,13,11,553.70,28.90,952.87,513.18
005,743,1169,3089,7,,,13,5,2019,17,18,11,560.70,29.69,952.78,514.04
005,747,1126,4095,7,,,13,5,2019,17,23,11,559.40,30.11,952.72,514.52
005,742,1145,3342,8,,,13,5,2019,17,28,11,555.30,29.71,952.74,514.35
005,699,1041,4089,8,,,13,5,2019,17,33,11,568.70,30.45,952.73,514.45
005,807,1173,3159,8,,,13,5,2019,17,38,11,562.70,30.33,952.79,513.90
005,785,1185,4092,7,,,13,5,2019,17,43,11,560.90,30.28,952.76,514.15
005,775,1176,4095,8,,,13,5,2019,17,48,11,563.80,30.47,952.71,514.63
005,679,1141,4095,8,,,13,5,2019,17,53,11,562.00,30.77,952.67,514.96
005,755,1127,4095,8,,,13,5,2019,17,58,11,554.80,30.59,952.68,514.91
005,773,1200,4095,7,,,13,5,2019,18,3,11,561.30,29.81,952.66,515.04
005,779,1191,4095,7,,,13,5,2019,18,8,11,549.20,30.04,952.64,515.21
005,770,1210,4089,8,,,13,5,2019,18,13,11,552.40,30.77,952.62,515.43
005,763,1203,3743,7,,,13,5,2019,18,18,11,554.00,31.54,952.65,515.15
005,899,1171,3692,8,,,13,5,2019,18,23,11,549.00,32.21,952.63,515.31
005,655,1103,2583,8,,,13,5,2019,18,28,11,550.00,32.39,952.66,515.08
005,907,1110,2371,8,,,13,5,2019,18,33,11,553.00,32.10,952.53,516.22
005,944,1144,3504,8,,,13,5,2019,18,38,11,559.00,31.97,952.56,515.93
005,896,1086,3415,7,,,13,5,2019,18,43,11,556.80,32.56,952.50,516.49
005,728,1089,4094,8,,,13,5,2019,18,48,11,557.20,31.48,952.47,516.76
005,655,1082,3407,7,,,13,5,2019,18,53,11,557.20,31.64,952.48,516.63
005,644,1095,1938,8,,,13,5,2019,18,58,11,554.70,32.18,952.51,516.35
005,423,1011,2052,8,,,13,5,2019,19,3,11,557.00,31.17,952.47,516.69
005,793,1069,4094,8,,,13,5,2019,19,8,11,556.50,29.82,952.52,516.32
005,886,930,4095,7,,,13,5,2019,19,13,11,563.30,30.26,952.46,516.85
005,659,1022,3056,7,,,13,5,2019,19,18,11,558.90,30.84,952.48,516.67
005,557,912,4095,8,,,13,5,2019,19,23,11,560.90,30.19,952.52,516.31
005,586,989,4082,8,,,13,5,2019,19,28,11,556.50,29.76,952.47,516.75
005,586,951,1291,7,,,13,5,2019,19,33,11,551.80,30.00,952.44,516.94
005,537,881,2751,8,,,13,5,2019,19,38,11,554.60,31.16,952.44,516.97
005,1070,885,3156,7,,,13,5,2019,19,43,11,554.00,30.82,952.46,516.82
005,926,744,1975,7,,,13,5,2019,19,51,58,557.60,30.01,952.45,516.86
005,8,8,666,7,,,13,5,2019,20,38,11,560.20,29.04,952.56,515.96
005,7,8,374,7,,,13,5,2019,20,43,11,548.80,28.47,952.62,515.39
005,8,8,9,7,,,13,5,2019,20,48,11,546.60,28.16,952.60,515.56
005,8,8,337,8,,,13,5,2019,20,53,11,547.30,27.91,952.66,515.06
005,8,8,60,7,,,13,5,2019,20,58,11,553.50,27.09,952.70,514.72
005,8,8,219,7,,,13,5,2019,21,3,11,550.00,26.64,952.68,514.88
005,7,8,193,8,,,13,5,2019,21,8,11,540.90,26.26,952.69,514.76
005,8,8,646,7,,,13,5,2019,21,13,11,542.70,25.80,952.64,515.21
005,7,7,1588,6,,,14,5,2019,12,13,11,571.60,12.97,952.62,515.40
005,7,7,1979,6,,,14,5,2019,12,18,11,558.70,13.60,952.64,515.22
005,7,7,2396,7,,,14,5,2019,12,23,11,569.50,14.42,952.67,514.95
005,7,7,2291,6,,,14,5,2019,12,33,11,560.50,15.99,952.65,515.19
005,7,7,1619,6,,,14,5,2019,12,38,11,551.60,17.10,952.55,515.98
005,7,7,2205,7,,,14,5,2019,12,43,11,553.90,17.92,952.62,515.39
005,7,7,2500,7,,,14,5,2019,12,48,11,555.60,18.67,952.59,515.65
005,7,7,2201,7,,,14,5,2019,12,53,11,554.40,18.70,952.60,515.54
005,8,7,2520,6,,,14,5,2019,12,58,11,564.00,18.76,952.56,515.91
005,7,7,2425,7,,,14,5,2019,13,3,11,556.50,19.37,952.65,515.12
005,7,7,2590,7,,,14,5,2019,13,8,11,553.90,20.02,952.63,515.34
005,7,7,2022,7,,,14,5,2019,13,13,11,560.70,20.79,952.59,515.64
005,7,7,2557,7,,,14,5,2019,13,18,11,556.80,21.49,952.60,515.62
005,7,7,2480,7,,,14,5,2019,13,23,11,558.10,22.25,952.65,515.17
005,470,807,4095,8,,,14,5,2019,13,28,11,557.40,21.23,952.65,515.12
005,7,7,1817,7,,,14,5,2019,13,33,11,558.80,21.84,952.69,514.83
005,495,878,4095,7,,,14,5,2019,13,38,11,557.10,21.30,952.77,514.12
005,7,8,1943,7,,,14,5,2019,13,43,11,560.10,21.95,952.81,513.71
005,500,899,4095,7,,,14,5,2019,13,48,11,560.00,21.82,952.74,514.31
005,8,8,950,7,,,14,5,2019,13,53,11,557.80,22.63,952.73,514.45
005,8,8,1639,7,,,14,5,2019,13,58,11,558.80,23.72,952.83,513.53
005,8,8,193,7,,,14,5,2019,14,3,11,555.60,24.88,952.81,513.76
005,563,974,4095,7,,,14,5,2019,14,8,11,556.40,23.74,952.78,514.03
005,606,1051,4064,7,,,14,5,2019,14,18,11,559.60,23.03,952.76,514.14
005,622,1046,4095,7,,,14,5,2019,14,23,11,563.10,23.78,952.75,514.23
005,643,1049,3527,7,,,14,5,2019,14,28,11,556.70,24.20,952.71,514.61
005,632,1130,4095,7,,,14,5,2019,14,38,11,561.50,25.96,952.54,516.11
005,636,1127,2664,7,,,14,5,2019,14,43,11,556.30,26.32,952.53,516.22
005,7,7,117,7,,,14,5,2019,14,48,11,557.00,26.37,952.55,516.05
005,659,1143,2560,6,,,14,5,2019,14,53,11,553.10,26.12,952.58,515.72
005,660,1166,2679,7,,,14,5,2019,14,58,11,560.10,26.19,952.51,516.38
005,664,1147,2769,7,,,14,5,2019,15,3,11,557.30,25.91,952.51,516.38
005,636,1155,2161,6,,,14,5,2019,15,8,11,563.00,26.69,952.52,516.26
005,707,1163,1886,7,,,14,5,2019,15,13,11,558.70,27.12,952.47,516.75
005,711,1185,4083,7,,,14,5,2019,15,23,11,558.70,27.70,952.42,517.19
005,750,1203,3043,8,,,14,5,2019,15,28,11,555.80,28.81,952.40,517.35
005,821,1207,2668,7,,,14,5,2019,15,33,11,558.60,28.74,952.34,517.86
005,807,1216,1908,7,,,14,5,2019,15,38,11,559.60,29.43,952.36,517.67
005,776,1251,4095,7,,,14,5,2019,15,43,11,562.60,28.89,952.33,517.98
005,789,1239,4095,7,,,14,5,2019,15,48,11,559.10,28.79,952.31,518.13
005,837,1259,1336,8,,,14,5,2019,15,53,11,560.80,29.39,952.30,518.17
005,923,1216,4095,7,,,14,5,2019,15,58,11,558.80,30.12,952.27,518.46
005,815,1241,4095,7,,,14,5,2019,16,3,11,555.70,29.96,952.27,518.45
005,853,1239,878,7,,,14,5,2019,16,8,11,559.60,28.80,952.26,518.56
005,787,1237,3934,7,,,14,5,2019,16,13,11,560.40,29.37,952.21,519.02
005,865,1264,4095,7,,,14,5,2019,16,18,11,562.80,30.20,952.22,518.93
005,743,1267,3027,8,,,14,5,2019,16,23,11,558.70,30.54,952.18,519.24
005,1011,1265,3527,7,,,14,5,2019,16,28,11,560.30,30.02,952.19,519.18
005,920,1246,2771,7,,,14,5,2019,16,33,11,558.40,30.33,952.14,519.63
005,891,1246,2844,7,,,14,5,2019,16,38,11,556.70,30.43,952.03,520.61
005,652,1120,4093,7,,,14,5,2019,16,43,11,556.70,29.97,952.02,520.70
005,783,1255,4089,7,,,14,5,2019,16,48,11,557.90,30.85,951.90,521.73
005,734,1276,4095,8,,,14,5,2019,16,53,11,562.60,30.50,951.82,522.42
005,723,1271,4095,8,,,14,5,2019,16,58,11,560.30,30.68,951.69,523.51
005,702,1251,4095,8,,,14,5,2019,17,3,11,562.30,30.94,951.67,523.73
005,738,1271,3218,7,,,14,5,2019,17,8,11,558.30,31.30,951.56,524.70
005,723,1250,4087,7,,,14,5,2019,17,13,11,560.30,30.43,951.49,525.31
005,726,1246,879,8,,,14,5,2019,17,18,11,563.70,30.52,951.50,525.23
005,693,1168,1774,7,,,14,5,2019,17,23,11,561.30,30.82,951.44,525.73
005,695,1184,2665,8,,,14,5,2019,17,28,11,567.70,31.20,951.44,525.77
005,710,1163,4095,8,,,14,5,2019,17,33,11,565.60,32.68,951.36,526.43
005,771,1163,2638,8,,,14,5,2019,17,38,11,565.50,32.25,951.29,527.02
005,738,1105,3895,8,,,14,5,2019,17,43,11,564.70,32.55,951.25,527.44
005,731,1083,4094,8,,,14,5,2019,17,48,11,562.30,32.17,951.28,527.11
005,700,1112,782,8,,,14,5,2019,17,53,11,556.30,32.78,951.27,527.21
005,699,1073,3490,8,,,14,5,2019,17,58,11,564.30,32.09,951.12,528.51
005,686,1088,2833,8,,,14,5,2019,18,3,11,554.80,33.00,951.06,529.09
005,771,1217,2707,8,,,14,5,2019,18,8,11,559.40,33.68,951.01,529.52
005,818,1160,2576,8,,,14,5,2019,18,13,11,559.70,33.96,950.98,529.73
005,715,1110,1497,7,,,14,5,2019,18,18,11,556.50,33.68,950.96,529.92
005,879,1099,3079,7,,,14,5,2019,18,23,11,546.60,32.22,950.95,530.01
005,729,1064,2135,8,,,14,5,2019,18,28,11,555.30,31.98,950.84,530.99
005,579,1022,2622,8,,,14,5,2019,18,38,11,555.90,32.62,950.82,531.21
005,553,991,3459,8,,,14,5,2019,18,43,11,555.50,32.38,950.81,531.24
005,797,962,3134,8,,,14,5,2019,18,48,11,556.30,31.62,950.85,530.95
005,572,995,2474,8,,,14,5,2019,18,53,11,554.40,31.83,950.75,531.75
005,607,1006,3601,8,,,14,5,2019,19,3,11,559.40,32.98,950.88,530.66
005,771,956,2012,8,,,14,5,2019,19,8,11,563.00,32.96,950.83,531.08
005,772,950,3632,7,,,14,5,2019,19,13,11,560.90,32.69,950.82,531.19
005,556,975,1470,8,,,14,5,2019,19,18,11,559.60,31.77,950.74,531.83
005,569,989,3816,8,,,14,5,2019,19,23,11,556.20,32.40,950.73,531.94
005,518,942,3760,7,,,14,5,2019,19,28,11,555.90,31.91,950.76,531.71
005,522,891,3583,8,,,14,5,2019,19,33,11,555.00,32.04,950.65,532.70
005,499,846,3531,8,,,14,5,2019,19,38,11,554.70,32.32,950.58,533.30
005,8,9,299,8,,,14,5,2019,19,43,11,557.20,32.64,950.61,533.04
005,437,732,4030,7,,,14,5,2019,19,48,11,556.20,32.56,950.57,533.34
005,487,800,2639,8,,,14,5,2019,19,53,11,554.40,32.28,950.50,533.99
005,492,747,2958,8,,,14,5,2019,19,58,11,556.20,32.03,950.52,533.79
005,391,711,4056,8,,,14,5,2019,20,3,11,553.70,31.67,950.51,533.85
005,412,668,1386,7,,,14,5,2019,20,8,11,557.30,31.49,950.48,534.11
005,563,670,2088,8,,,14,5,2019,20,13,11,550.80,31.84,950.50,533.95
005,8,8,691,8,,,14,5,2019,20,18,11,554.60,31.81,950.46,534.34
005,411,611,2529,7,,,14,5,2019,20,23,11,555.70,31.78,950.52,533.76
005,8,8,8,7,,,14,5,2019,20,28,11,555.80,31.64,950.42,534.67
005,8,8,421,7,,,14,5,2019,20,33,11,554.30,31.90,950.39,534.92
005,8,8,172,8,,,14,5,2019,20,38,11,547.50,31.42,950.29,535.83
005,8,8,96,7,,,14,5,2019,20,43,11,552.50,30.67,950.24,536.25
005,8,8,691,8,,,14,5,2019,20,48,11,544.90,30.07,950.30,535.69
005,8,8,721,8,,,14,5,2019,20,53,11,539.60,29.41,950.36,535.20
005,8,8,288,7,,,14,5,2019,20,58,11,545.80,28.89,950.33,535.50
005,8,8,797,8,,,14,5,2019,21,3,11,544.70,28.61,950.34,535.36
005,8,8,523,8,,,14,5,2019,21,8,11,544.60,27.77,950.33,535.44
005,8,8,659,7,,,14,5,2019,21,13,11,544.10,27.21,950.33,535.45
005,7,6,1501,7,,,15,5,2019,12,13,11,574.30,12.33,950.67,532.49
005,7,7,1639,7,,,15,5,2019,12,18,11,556.80,12.51,950.52,533.81
005,7,7,2039,6,,,15,5,2019,12,23,11,536.70,12.95,950.59,533.15
005,7,7,1709,7,,,15,5,2019,12,28,11,552.80,13.20,950.65,532.66
005,7,7,2312,6,,,15,5,2019,12,33,11,554.10,14.09,950.75,531.78
005,7,7,2428,6,,,15,5,2019,12,38,11,557.10,15.25,950.71,532.15
005,7,7,2413,7,,,15,5,2019,12,43,11,553.00,16.42,950.69,532.33
005,7,7,1662,7,,,15,5,2019,12,48,11,556.30,17.38,950.64,532.72
005,7,7,1924,7,,,15,5,2019,12,53,11,560.70,17.65,950.60,533.09
005,7,7,647,6,,,15,5,2019,12,58,11,556.50,17.40,950.67,532.46
005,7,7,1618,7,,,15,5,2019,13,3,11,555.50,17.90,950.70,532.24
005,7,7,1807,7,,,15,5,2019,13,8,11,558.20,18.38,950.71,532.14
005,8,7,2112,7,,,15,5,2019,13,13,11,556.50,19.39,950.84,530.96
005,379,644,4095,7,,,15,5,2019,13,23,11,554.20,20.88,950.91,530.38
005,395,684,4095,6,,,15,5,2019,13,28,11,561.40,20.92,950.84,530.99
005,427,742,4095,7,,,15,5,2019,13,33,11,558.60,21.29,950.70,532.23
005,414,765,4095,6,,,15,5,2019,13,38,11,564.10,22.01,950.70,532.18
005,466,801,4095,7,,,15,5,2019,13,43,11,556.00,22.58,950.60,533.08
005,430,736,4095,7,,,15,5,2019,13,48,11,562.50,22.83,950.65,532.69
005,496,867,4095,7,,,15,5,2019,13,53,11,559.50,22.77,950.74,531.83
005,7,8,751,7,,,15,5,2019,14,3,11,555.40,24.75,950.71,532.10
005,511,887,4095,7,,,15,5,2019,14,8,11,554.10,23.94,950.78,531.48
005,7,7,153,7,,,15,5,2019,14,18,11,556.40,24.76,950.67,532.53
005,558,923,4095,6,,,15,5,2019,14,23,11,552.10,24.68,950.56,533.43
005,8,8,60,7,,,15,5,2019,14,28,11,548.00,24.96,950.55,533.51
005,564,1007,4095,6,,,15,5,2019,14,38,11,549.90,24.67,950.56,533.42
005,8,8,543,7,,,15,5,2019,14,43,11,536.70,26.03,950.57,533.38
005,619,1087,3726,6,,,15,5,2019,14,48,11,552.70,25.82,950.58,533.31
005,603,1107,2376,7,,,15,5,2019,14,53,11,556.50,25.25,950.60,533.08
005,615,1063,799,7,,,15,5,2019,14,58,11,558.80,25.59,950.62,532.91
005,622,1145,1309,7,,,15,5,2019,15,3,11,558.00,25.44,950.64,532.79
005,607,1143,4094,7,,,15,5,2019,15,8,11,554.90,24.90,950.62,532.96
005,674,1139,3527,7,,,15,5,2019,15,13,11,556.80,26.05,950.53,533.72
005,658,1118,3153,7,,,15,5,2019,15,18,11,556.00,26.77,950.60,533.11
005,646,1113,2683,7,,,15,5,2019,15,23,11,556.10,27.22,950.51,533.93
005,657,1134,2142,7,,,15,5,2019,15,28,11,557.60,27.65,950.42,534.66
005,673,1167,3248,7,,,15,5,2019,15,33,11,558.10,29.07,950.43,534.63
005,678,1100,2270,7,,,15,5,2019,15,38,11,560.60,28.31,950.50,533.98
005,683,1191,2344,8,,,15,5,2019,15,43,11,563.60,27.93,950.53,533.72
005,679,1187,2375,6,,,15,5,2019,15,48,11,562.70,28.58,950.49,534.04
005,680,1230,1968,7,,,15,5,2019,15,53,11,558.60,28.83,950.40,534.87
005,695,1158,1844,7,,,15,5,2019,15,58,11,558.30,29.31,950.40,534.86
005,674,1238,3328,7,,,15,5,2019,16,3,11,560.70,30.00,950.36,535.17
005,720,1249,2556,7,,,15,5,2019,16,8,11,563.40,30.40,950.48,534.18
005,684,1207,4079,7,,,15,5,2019,16,13,11,559.80,31.21,950.54,533.64
005,714,1167,3854,7,,,15,5,2019,16,23,11,559.80,30.19,950.29,535.83
005,699,1175,3938,7,,,15,5,2019,16,28,11,569.40,30.19,950.21,536.54
005,725,1211,4056,7,,,15,5,2019,16,33,11,557.60,30.91,950.08,537.69
005,680,1196,4083,7,,,15,5,2019,16,38,11,554.80,30.30,950.03,538.06
005,641,1063,2203,7,,,15,5,2019,16,43,11,551.70,30.67,950.03,538.12
005,608,1023,2168,8,,,15,5,2019,16,48,11,550.60,30.55,949.92,539.03
005,547,918,1068,8,,,15,5,2019,16,53,11,554.00,30.24,949.87,539.55
005,500,875,4095,8,,,15,5,2019,16,58,11,555.70,29.81,949.79,540.21
005,605,1037,3281,7,,,15,5,2019,17,3,11,556.40,30.63,949.71,540.87
005,530,935,4095,8,,,15,5,2019,17,8,11,552.50,28.89,949.60,541.85
005,611,1072,1183,7,,,15,5,2019,17,13,11,561.00,27.97,949.63,541.65
005,625,1159,2451,7,,,15,5,2019,17,18,11,560.70,28.01,949.61,541.76
005,702,1202,2844,7,,,15,5,2019,17,23,11,562.40,28.83,949.66,541.35
005,687,1175,1431,7,,,15,5,2019,17,28,11,561.60,27.92,949.55,542.29
005,577,1015,2663,7,,,15,5,2019,17,33,11,563.70,26.65,949.60,541.86
005,418,800,2126,7,,,15,5,2019,17,38,11,565.20,26.63,949.51,542.63
005,475,873,2328,7,,,15,5,2019,17,43,11,560.70,26.46,949.46,543.12
005,597,1008,2536,7,,,15,5,2019,17,48,11,566.10,26.77,949.49,542.80
005,641,1162,1552,7,,,15,5,2019,17,53,11,563.30,26.62,949.41,543.50
005,651,1127,1338,7,,,15,5,2019,17,58,11,559.00,26.84,949.47,543.00
005,650,1094,763,7,,,15,5,2019,18,3,11,548.30,26.80,949.42,543.41
005,698,1246,3759,7,,,15,5,2019,18,8,11,556.80,25.47,949.41,543.50
005,709,1255,3460,7,,,15,5,2019,18,13,11,559.90,27.30,949.25,544.93
005,632,1169,2871,7,,,15,5,2019,18,18,11,554.30,26.78,949.31,544.41
005,672,1208,2604,7,,,15,5,2019,18,23,11,557.30,26.63,949.24,545.03
005,710,1203,3123,7,,,15,5,2019,18,28,11,554.30,26.86,949.25,544.98
005,675,1206,2940,7,,,15,5,2019,18,33,11,560.00,26.29,949.20,545.38
005,710,1194,4095,7,,,15,5,2019,18,38,11,556.90,26.73,949.22,545.23
005,689,1200,3731,7,,,15,5,2019,18,43,11,555.30,26.05,949.18,545.56
005,655,1154,3439,7,,,15,5,2019,18,48,11,556.30,26.70,949.24,545.00
005,643,1127,3406,7,,,15,5,2019,18,53,11,553.10,25.85,949.24,545.06
005,666,1159,3248,7,,,15,5,2019,18,58,11,555.00,26.44,949.16,545.71
005,657,1143,3202,7,,,15,5,2019,19,3,11,561.80,26.05,949.20,545.34
005,627,1082,3294,7,,,15,5,2019,19,8,11,556.90,24.77,949.19,545.48
005,545,1017,4095,8,,,15,5,2019,19,13,11,556.70,25.67,949.23,545.15
005,567,992,3635,7,,,15,5,2019,19,18,11,554.70,26.20,949.19,545.46
005,571,1015,3266,7,,,15,5,2019,19,23,11,547.00,25.10,949.16,545.75
005,8,7,553,7,,,15,5,2019,19,28,11,554.20,25.54,949.14,545.91
005,9,8,351,8,,,15,5,2019,19,33,11,554.20,26.23,949.07,546.56
005,558,983,4095,7,,,15,5,2019,19,38,11,557.40,25.98,949.01,547.03
005,474,912,4095,7,,,15,5,2019,19,43,11,557.30,25.43,949.06,546.64
005,519,800,4095,7,,,15,5,2019,19,48,11,558.00,25.03,949.02,546.95
005,412,793,4095,7,,,15,5,2019,19,53,11,558.60,24.29,949.08,546.43
005,408,759,1100,7,,,15,5,2019,19,58,11,555.10,24.35,949.10,546.26
005,8,8,179,7,,,15,5,2019,20,3,11,555.00,24.33,949.12,546.07
005,394,679,4095,7,,,15,5,2019,20,8,11,552.50,23.39,949.28,544.69
005,375,643,4095,7,,,15,5,2019,20,13,11,557.60,22.98,949.20,545.40
005,363,557,4095,7,,,15,5,2019,20,18,11,554.30,22.22,949.26,544.86
005,8,8,1107,7,,,15,5,2019,20,23,11,555.10,23.35,949.29,544.64
005,8,7,223,7,,,15,5,2019,20,28,11,550.70,22.04,949.53,542.52
005,7,8,1075,7,,,15,5,2019,20,33,11,551.90,21.93,949.52,542.54
005,8,7,662,7,,,15,5,2019,20,38,11,550.30,20.96,949.73,540.70
005,8,7,882,7,,,15,5,2019,20,43,11,549.60,20.86,949.77,540.37
005,8,7,1152,7,,,15,5,2019,20,48,11,546.60,20.40,949.83,539.86
005,8,7,851,7,,,15,5,2019,20,53,11,548.80,20.41,949.85,539.68
005,8,7,688,7,,,15,5,2019,20,58,11,550.00,20.19,949.89,539.29
005,8,7,457,6,,,15,5,2019,21,3,11,549.00,20.23,949.96,538.70
005,8,7,526,7,,,15,5,2019,21,8,11,549.00,19.49,950.01,538.24
005,9,7,1403,7,,,15,5,2019,21,13,11,551.40,18.80,950.08,537.67
005,34,7,1461,7,,,16,5,2019,12,13,11,555.20,8.66,952.82,513.62
005,29,7,1749,7,,,16,5,2019,12,18,11,540.40,8.79,952.86,513.31
005,25,7,1713,7,,,16,5,2019,12,23,11,532.40,9.02,952.93,512.67
005,27,6,1815,6,,,16,5,2019,12,28,11,538.20,9.16,952.95,512.51
005,28,6,1858,7,,,16,5,2019,12,33,11,551.60,8.80,952.99,512.16
005,24,7,1863,6,,,16,5,2019,12,38,11,551.80,8.89,952.99,512.16
005,25,6,1415,7,,,16,5,2019,12,43,11,555.60,8.71,952.86,513.28
005,27,6,1075,7,,,16,5,2019,12,48,11,555.00,8.72,952.88,513.12
005,26,7,2192,7,,,16,5,2019,12,53,11,561.20,8.99,952.83,513.60
005,29,6,1868,7,,,16,5,2019,12,58,11,565.50,8.91,952.86,513.33
005,28,7,294,6,,,16,5,2019,13,3,11,562.80,8.37,952.90,512.98
005,26,6,2080,6,,,16,5,2019,13,8,11,564.90,7.74,952.91,512.86
005,25,6,2368,7,,,16,5,2019,13,13,11,558.30,7.78,952.82,513.67
005,27,7,2371,6,,,16,5,2019,13,18,11,559.10,8.19,952.86,513.34
005,37,7,2062,6,,,16,5,2019,13,23,11,560.80,8.47,952.86,513.26
005,24,7,1091,6,,,16,5,2019,13,28,11,561.20,9.14,952.75,514.24
005,26,6,2084,6,,,16,5,2019,13,33,11,561.20,9.76,952.89,513.07
005,24,6,2007,6,,,16,5,2019,13,38,11,561.70,10.24,952.82,513.69
005,33,7,1120,6,,,16,5,2019,13,43,11,560.70,10.26,952.80,513.83
005,24,7,1252,6,,,16,5,2019,13,48,11,558.10,10.38,952.72,514.50
005,25,7,867,6,,,16,5,2019,13,53,11,554.70,10.53,952.77,514.08
005,16,7,1651,7,,,16,5,2019,13,58,11,557.60,10.70,952.90,513.00
005,17,7,27,6,,,16,5,2019,14,3,11,558.70,10.57,952.65,515.16
005,16,7,739,6,,,16,5,2019,14,8,11,553.60,10.81,952.71,514.64
005,16,7,1833,6,,,16,5,2019,14,18,11,554.10,11.09,952.74,514.33
