005,6,6,10,6,,,22,12,2018,17,24,20,,26.43,944.20,589.34
005,23,7,30,7,,,22,12,2018,17,33,9,,25.46,944.20,589.39
005,91,17,98,21,,,22,12,2018,17,38,9,,24.97,944.21,589.29
005,19,7,26,7,,,22,12,2018,17,43,9,,24.65,944.22,589.17
005,23,7,35,7,,,22,12,2018,17,48,9,,24.52,944.14,589.92
005,22,8,28,7,,,22,12,2018,17,53,9,650.60,24.52,944.22,589.18
005,24,8,27,7,,,22,12,2018,17,58,9,,24.51,944.20,589.32
005,26,7,26,7,,,22,12,2018,18,3,9,,24.48,944.20,589.34
005,24,8,26,7,,,22,12,2018,18,8,9,,24.45,944.17,589.65
005,23,7,25,7,,,22,12,2018,18,13,9,,24.46,944.17,589.66
005,25,7,25,7,,,22,12,2018,18,18,9,641.90,24.46,944.17,589.60
005,27,8,26,7,,,22,12,2018,18,23,9,636.20,24.52,944.18,589.54
005,27,8,27,7,,,22,12,2018,18,28,9,637.10,24.57,944.10,590.22
005,26,7,22,7,,,22,12,2018,18,33,9,638.20,24.59,944.24,588.98
005,25,7,23,7,,,22,12,2018,18,38,9,613.10,24.60,944.17,589.60
005,27,7,24,7,,,22,12,2018,18,43,9,610.40,24.61,944.07,590.55
005,30,7,25,7,,,22,12,2018,18,48,9,633.20,24.62,944.19,589.44
005,25,7,26,7,,,22,12,2018,18,53,9,631.00,24.64,944.23,589.12
005,28,7,36,7,,,22,12,2018,18,58,9,621.10,24.67,944.20,589.33
005,25,8,24,7,,,22,12,2018,19,3,9,613.10,24.70,944.15,589.82
005,26,7,27,7,,,22,12,2018,19,8,9,620.40,24.74,944.21,589.25
005,27,8,25,7,,,22,12,2018,19,13,9,618.90,24.78,944.11,590.15
005,32,7,30,7,,,22,12,2018,19,18,9,604.70,24.85,944.08,590.39
005,27,7,25,7,,,22,12,2018,19,23,9,625.60,24.91,944.16,589.75
005,25,7,31,7,,,22,12,2018,19,28,9,642.20,25.06,944.05,590.65
005,25,8,24,7,,,22,12,2018,19,33,9,,25.18,943.99,591.17
005,32,8,23,7,,,22,12,2018,19,38,9,,25.37,944.01,591.03
005,25,7,23,7,,,22,12,2018,19,48,9,,25.67,943.89,592.06
005,25,7,23,7,,,22,12,2018,19,53,9,,25.78,943.99,591.25
005,499,993,751,7,,,22,12,2018,19,58,9,,26.56,943.84,592.51
005,16,7,28,7,,,22,12,2018,20,3,9,,26.81,943.83,592.61
005,566,995,806,7,,,22,12,2018,20,8,9,,26.99,943.76,593.23
005,553,966,751,7,,,22,12,2018,20,13,9,,27.73,943.72,593.57
005,20,7,24,7,,,22,12,2018,20,18,9,,28.01,943.64,594.32
005,19,7,20,9,,,22,12,2018,20,23,9,,27.91,943.66,594.08
005,400,897,512,7,,,22,12,2018,20,28,9,,28.44,943.73,593.55
005,519,895,694,7,,,22,12,2018,20,33,9,,29.90,943.65,594.21
005,531,923,739,7,,,22,12,2018,20,38,9,,32.07,943.64,594.33
005,526,910,719,7,,,22,12,2018,20,43,9,,33.77,943.56,595.00
005,519,889,713,7,,,22,12,2018,20,48,9,,34.47,943.50,595.54
005,504,785,663,7,,,22,12,2018,20,53,9,639.30,34.37,943.46,595.87
005,503,855,681,7,,,22,12,2018,20,58,9,660.50,33.90,943.41,596.37
005,451,828,648,7,,,22,12,2018,21,3,9,,33.92,943.39,596.54
005,19,432,20,7,,,22,12,2018,21,8,9,,33.17,943.29,597.40
005,16,7,20,7,,,22,12,2018,21,13,9,,31.67,943.33,597.07
005,17,7,20,7,,,22,12,2018,21,18,9,,30.67,943.35,596.90
005,17,7,18,7,,,22,12,2018,21,23,9,619.00,30.32,943.35,596.83
005,33,8,33,7,,,22,12,2018,21,28,9,636.20,30.34,943.30,597.30
005,356,631,477,7,,,22,12,2018,21,33,9,641.80,30.85,943.21,598.13
005,371,621,511,7,,,22,12,2018,21,38,9,642.00,31.90,943.24,597.84
005,182,246,213,7,,,22,12,2018,21,43,9,529.80,32.32,943.22,598.03
005,352,598,483,7,,,22,12,2018,21,48,9,,32.50,943.20,598.23
005,339,571,451,7,,,22,12,2018,21,53,9,620.30,33.30,943.15,598.67
005,297,467,406,7,,,22,12,2018,21,58,9,602.10,33.38,943.14,598.73
005,144,197,321,7,,,22,12,2018,22,3,9,,32.44,943.14,598.69
005,17,7,21,7,,,22,12,2018,22,8,9,,30.77,943.18,598.34
005,19,6,14,7,,,26,12,2018,15,4,9,,30.04,949.12,546.11
005,951,1651,1399,7,,,26,12,2018,15,18,9,556.10,29.81,949.19,545.49
005,946,1624,1377,7,,,26,12,2018,15,23,9,554.30,29.07,949.21,545.25
005,939,1617,1383,7,,,26,12,2018,15,28,9,550.40,29.45,949.27,544.77
005,928,1633,1378,26,,,26,12,2018,15,33,9,553.20,29.51,949.19,545.51
005,937,1673,1393,7,,,26,12,2018,15,38,9,553.90,28.08,949.17,545.62
005,945,1679,1417,7,,,26,12,2018,15,43,9,551.20,27.74,949.19,545.47
005,942,1644,1424,7,,,26,12,2018,15,48,9,555.10,28.18,949.11,546.18
005,979,1710,1435,7,,,26,12,2018,15,53,9,555.50,28.04,949.19,545.49
005,963,1705,1417,7,,,26,12,2018,15,58,9,557.70,29.51,949.15,545.81
005,963,1699,1420,7,,,26,12,2018,16,3,9,561.10,29.87,949.12,546.11
005,973,1699,1445,7,,,26,12,2018,16,8,9,558.90,29.41,949.16,545.75
005,986,1734,1456,7,,,26,12,2018,16,13,9,559.60,28.79,949.17,545.63
005,1000,1709,1468,7,,,26,12,2018,16,18,9,558.70,30.21,949.16,545.76
005,994,1731,1481,7,,,26,12,2018,16,23,9,559.10,30.77,949.11,546.15
005,965,1712,1438,7,,,26,12,2018,16,28,9,566.20,30.28,949.10,546.23
005,987,1739,1467,7,,,26,12,2018,16,33,9,553.90,29.19,949.12,546.10
005,983,1719,1433,7,,,26,12,2018,16,38,9,562.60,30.90,948.97,547.42
005,979,1703,1443,7,,,26,12,2018,16,43,9,555.20,30.90,949.00,547.16
005,993,1715,1459,7,,,26,12,2018,16,48,9,559.40,29.82,949.05,546.70
005,1011,1777,1495,7,,,26,12,2018,16,53,9,561.80,30.05,949.05,546.73
005,1015,1777,1496,7,,,26,12,2018,16,58,9,557.50,31.06,948.98,547.32
005,974,1745,1443,7,,,26,12,2018,17,3,9,553.40,32.07,948.96,547.46
005,987,1753,1479,7,,,26,12,2018,17,8,9,555.60,31.79,949.09,546.33
005,995,1747,1488,7,,,26,12,2018,17,13,9,556.00,30.99,949.03,546.87
005,1001,1783,1518,7,,,26,12,2018,17,18,9,554.90,31.17,948.94,547.63
005,987,1739,1454,7,,,26,12,2018,17,23,9,554.90,31.41,948.86,548.40
005,1007,1751,1504,7,,,26,12,2018,17,28,9,555.00,32.31,948.90,548.01
005,998,1777,1491,7,,,26,12,2018,17,33,9,557.20,31.64,948.90,548.05
005,992,1731,1459,7,,,26,12,2018,17,38,9,554.30,32.14,948.79,548.96
005,1003,1743,1474,7,,,26,12,2018,17,43,9,554.00,31.87,948.97,547.44
005,1003,1747,1463,7,,,26,12,2018,17,48,9,553.70,31.38,948.87,548.30
005,1007,1753,1474,7,,,26,12,2018,17,53,9,555.00,31.48,948.84,548.52
005,995,1760,1465,7,,,26,12,2018,17,58,9,559.60,31.06,948.90,548.06
005,1007,1762,1491,7,,,26,12,2018,18,3,9,556.40,30.41,948.79,548.97
005,1000,1763,1489,7,,,26,12,2018,18,8,9,557.40,30.56,948.86,548.39
005,967,1747,1451,7,,,26,12,2018,18,13,9,561.50,29.76,948.88,548.19
005,993,1729,1459,7,,,26,12,2018,18,18,9,559.50,29.48,948.80,548.91
005,987,1721,1459,7,,,26,12,2018,18,23,9,555.90,29.61,948.77,549.18
005,987,1719,1452,7,,,26,12,2018,18,28,9,555.30,29.34,948.58,550.84
005,992,1729,1445,7,,,26,12,2018,18,33,9,554.30,30.12,948.70,549.75
005,983,1704,1441,7,,,26,12,2018,18,38,9,556.30,29.80,948.52,551.34
005,962,1699,1425,7,,,26,12,2018,18,43,9,553.60,29.67,948.76,549.23
005,979,1713,1451,7,,,26,12,2018,18,48,9,554.70,29.32,948.69,549.86
005,966,1699,1422,7,,,26,12,2018,18,53,9,553.30,30.40,948.58,550.83
005,977,1711,1415,7,,,26,12,2018,18,58,9,565.10,29.63,948.63,550.43
005,971,1679,1385,7,,,26,12,2018,19,3,9,556.70,29.00,948.55,551.07
005,951,1675,1416,7,,,26,12,2018,19,8,9,552.40,29.22,948.68,549.96
005,967,1667,1423,7,,,26,12,2018,19,13,9,551.90,29.25,948.65,550.21
005,947,1654,1361,7,,,26,12,2018,19,18,9,549.20,30.05,948.57,550.90
005,947,1623,1363,7,,,26,12,2018,19,23,9,549.60,29.84,948.50,551.50
005,931,1627,1367,7,,,26,12,2018,19,28,9,550.30,30.18,948.51,551.47
005,919,1623,1355,7,,,26,12,2018,19,33,9,560.50,29.55,948.58,550.81
005,927,1624,1362,7,,,26,12,2018,19,38,9,560.00,28.46,948.38,552.57
005,919,1587,1351,6,,,26,12,2018,19,43,9,554.50,28.38,948.32,553.13
005,907,1632,1331,6,,,26,12,2018,19,48,9,564.30,27.98,948.35,552.84
005,899,1559,1299,6,,,26,12,2018,19,53,9,561.00,29.09,948.33,552.99
005,883,1523,1287,7,,,26,12,2018,19,58,9,556.30,29.32,948.42,552.24
005,863,1542,1284,6,,,26,12,2018,20,3,9,553.60,28.58,948.13,554.80
005,863,1522,1267,7,,,26,12,2018,20,8,9,554.20,28.85,948.15,554.62
005,845,1497,1160,7,,,26,12,2018,20,13,9,554.90,28.00,948.33,552.98
005,838,1495,1233,7,,,26,12,2018,20,18,9,556.40,28.37,948.20,554.13
005,811,1447,1208,7,,,26,12,2018,20,23,9,560.40,28.10,948.15,554.59
005,827,1446,1205,7,,,26,12,2018,20,28,9,557.60,28.80,948.20,554.18
005,820,1435,1199,7,,,26,12,2018,20,33,9,555.00,28.66,948.30,553.27
005,783,1399,1169,7,,,26,12,2018,20,38,9,555.00,27.28,948.27,553.52
005,793,1382,1183,7,,,26,12,2018,20,43,9,555.40,27.48,948.28,553.50
005,789,1379,1118,7,,,26,12,2018,20,48,9,550.80,26.69,948.27,553.53
005,761,1334,1098,7,,,26,12,2018,20,53,9,548.50,27.26,948.12,554.84
005,726,1288,1023,7,,,26,12,2018,20,58,9,551.80,27.92,948.29,553.41
005,717,1275,1031,7,,,26,12,2018,21,3,9,551.30,27.54,948.31,553.20
005,707,1250,1047,6,,,26,12,2018,21,8,9,549.80,27.18,948.15,554.63
005,663,1183,979,7,,,26,12,2018,21,13,9,545.90,27.62,948.35,552.83
005,662,1179,967,7,,,26,12,2018,21,18,9,553.80,27.02,948.34,552.94
005,655,1127,915,7,,,26,12,2018,21,23,9,550.80,27.43,948.14,554.65
005,642,1112,930,7,,,26,12,2018,21,28,9,553.60,28.24,948.36,552.75
005,622,1086,900,7,,,26,12,2018,21,33,9,552.80,27.63,948.28,553.42
005,586,1035,849,7,,,26,12,2018,21,38,9,548.10,27.35,948.46,551.91
005,587,1031,851,6,,,26,12,2018,21,43,9,553.50,26.98,948.54,551.19
005,551,967,817,6,,,26,12,2018,21,48,9,550.90,26.42,948.49,551.61
005,533,935,754,6,,,26,12,2018,21,53,9,555.00,26.82,948.57,550.95
005,498,867,715,6,,,26,12,2018,21,58,9,565.30,26.24,948.53,551.26
005,467,828,687,6,,,26,12,2018,22,3,9,557.50,26.21,948.66,550.15
005,461,800,650,6,,,26,12,2018,22,8,9,553.50,25.85,948.68,549.90
005,404,705,608,7,,,26,12,2018,22,13,9,552.60,25.96,948.65,550.21
005,377,663,543,7,,,26,12,2018,22,18,9,550.10,25.37,948.73,549.54
005,351,615,475,6,,,26,12,2018,22,23,9,549.10,25.46,948.76,549.25
005,320,536,455,7,,,26,12,2018,22,28,9,554.30,25.11,948.77,549.11
005,294,511,420,6,,,26,12,2018,22,33,9,559.40,24.80,948.78,549.03
005,273,474,384,7,,,26,12,2018,22,38,9,556.50,24.64,948.87,548.24
005,235,402,337,6,,,26,12,2018,22,43,9,555.90,24.59,948.94,547.66
005,211,352,278,7,,,26,12,2018,22,48,9,555.00,24.25,948.94,547.64
005,182,311,244,7,,,26,12,2018,22,53,9,560.00,24.09,948.87,548.31
005,150,259,209,7,,,26,12,2018,22,58,9,555.40,23.91,949.01,547.02
005,113,209,170,7,,,26,12,2018,23,3,9,560.00,23.70,949.07,546.50
005,116,155,126,6,,,26,12,2018,23,8,9,559.90,23.73,949.06,546.57
005,72,120,118,7,,,26,12,2018,23,13,9,554.70,23.56,949.08,546.42
005,104,150,146,7,,,27,12,2018,10,23,9,562.90,15.70,949.29,544.63
005,118,165,150,6,,,27,12,2018,10,28,9,561.30,16.62,949.30,544.53
005,136,205,154,7,,,27,12,2018,10,33,9,556.40,17.51,949.32,544.35
005,150,221,186,7,,,27,12,2018,10,38,9,555.70,18.42,949.39,543.72
005,174,268,236,7,,,27,12,2018,10,43,9,560.90,19.24,949.36,543.98
005,168,291,236,7,,,27,12,2018,10,48,9,554.30,19.82,949.44,543.23
005,218,354,295,6,,,27,12,2018,10,53,9,552.80,19.82,949.48,542.88
005,236,407,310,6,,,27,12,2018,10,58,9,548.80,19.91,949.55,542.28
005,274,462,363,6,,,27,12,2018,11,3,9,550.90,20.20,949.58,542.07
005,279,476,374,7,,,27,12,2018,11,8,9,558.20,21.15,949.56,542.20
005,327,550,426,7,,,27,12,2018,11,13,9,565.50,21.98,949.51,542.66
005,340,579,455,7,,,27,12,2018,11,18,9,561.00,22.31,949.47,542.98
005,370,627,508,7,,,27,12,2018,11,23,9,563.60,22.87,949.43,543.35
005,363,657,551,7,,,27,12,2018,11,28,9,559.70,23.14,949.45,543.23
005,416,723,544,7,,,27,12,2018,11,33,9,556.50,23.27,949.49,542.86
005,447,743,594,7,,,27,12,2018,11,38,9,558.60,23.90,949.48,542.94
005,447,763,609,7,,,27,12,2018,11,43,9,556.10,23.86,949.46,543.11
005,467,801,647,7,,,27,12,2018,11,48,9,559.10,24.03,949.43,543.33
005,487,835,673,7,,,27,12,2018,11,53,9,561.90,23.59,949.54,542.38
005,494,855,705,6,,,27,12,2018,11,58,9,561.70,23.86,949.45,543.20
005,515,909,722,7,,,27,12,2018,12,3,9,557.30,24.07,949.53,542.49
005,527,935,757,7,,,27,12,2018,12,8,9,558.30,25.04,949.47,543.03
005,563,942,775,7,,,27,12,2018,12,13,9,559.10,25.65,949.45,543.16
005,551,951,772,7,,,27,12,2018,12,18,9,559.70,25.05,949.45,543.18
005,570,995,813,7,,,27,12,2018,12,23,9,556.60,25.69,949.53,542.47
005,574,1022,832,7,,,27,12,2018,12,28,9,560.10,25.91,949.37,543.85
005,621,1061,857,7,,,27,12,2018,12,33,9,557.30,24.94,949.35,544.06
005,639,1092,881,7,,,27,12,2018,12,38,9,553.90,25.89,949.29,544.56
005,641,1105,900,8,,,27,12,2018,12,43,9,552.40,27.02,949.22,545.18
005,614,1115,782,7,,,27,12,2018,12,48,9,556.10,27.34,949.24,545.06
005,689,1184,984,7,,,27,12,2018,12,53,9,552.90,26.39,949.26,544.86
005,695,1203,983,7,,,27,12,2018,12,58,9,558.80,26.01,949.26,544.87
005,695,1219,1006,7,,,27,12,2018,13,3,9,559.10,25.74,949.29,544.63
005,713,1235,1025,7,,,27,12,2018,13,8,9,559.60,24.84,949.27,544.73
005,719,1235,1025,7,,,27,12,2018,13,13,9,558.80,26.74,949.20,545.35
005,736,1283,1076,7,,,27,12,2018,13,18,9,557.80,29.17,949.15,545.83
005,769,1326,1089,7,,,27,12,2018,13,23,9,557.60,29.44,949.13,545.98
005,761,1319,1095,7,,,27,12,2018,13,28,9,554.00,28.60,949.12,546.13
005,779,1351,1127,7,,,27,12,2018,13,33,9,556.80,29.32,949.14,545.90
005,792,1373,1142,7,,,27,12,2018,13,38,9,555.90,29.36,949.02,546.93
005,791,1378,1142,7,,,27,12,2018,13,43,9,557.30,28.56,949.12,546.12
005,803,1395,1160,7,,,27,12,2018,13,48,9,556.80,28.89,949.14,545.92
005,825,1415,1187,7,,,27,12,2018,13,53,9,558.20,30.36,949.02,546.99
005,811,1410,1186,7,,,27,12,2018,13,58,9,554.40,30.31,949.05,546.72
005,831,1443,1208,7,,,27,12,2018,14,3,9,551.50,29.85,948.98,547.30
005,857,1457,1223,7,,,27,12,2018,14,8,9,557.80,30.05,948.92,547.85
005,855,1475,1251,7,,,27,12,2018,14,13,9,551.40,30.40,948.97,547.43
005,859,1483,1256,7,,,27,12,2018,14,18,9,559.90,30.48,948.93,547.75
005,883,1523,1278,7,,,27,12,2018,14,23,9,554.30,31.69,948.83,548.66
005,895,1543,1295,7,,,27,12,2018,14,28,9,553.10,31.89,948.89,548.13
005,883,1555,1304,7,,,27,12,2018,14,33,9,559.10,31.26,948.95,547.53
005,887,1557,1315,7,,,27,12,2018,14,38,9,551.60,32.50,948.80,548.85
005,907,1583,1335,7,,,27,12,2018,14,43,9,550.00,33.99,948.81,548.79
005,915,1600,1348,7,,,27,12,2018,14,48,9,553.70,33.23,948.77,549.14
005,925,1624,1362,7,,,27,12,2018,14,53,9,556.70,32.46,948.81,548.78
005,935,1624,1370,7,,,27,12,2018,14,58,9,559.30,31.24,948.80,548.86
005,930,1624,1380,7,,,27,12,2018,15,3,9,553.70,31.56,948.84,548.56
005,913,1607,1351,7,,,27,12,2018,15,8,9,559.20,29.99,948.74,549.41
005,923,1640,1363,7,,,27,12,2018,15,13,9,561.70,29.63,948.76,549.25
005,935,1649,1360,7,,,27,12,2018,15,18,9,562.10,30.71,948.85,548.44
005,949,1643,1383,7,,,27,12,2018,15,23,9,552.90,32.15,948.80,548.90
005,939,1656,1379,7,,,27,12,2018,15,28,9,552.80,31.24,948.71,549.65
005,951,1659,1408,7,,,27,12,2018,15,33,9,556.10,30.23,948.88,548.17
005,955,1667,1399,7,,,27,12,2018,15,38,9,541.90,30.96,948.78,549.08
005,942,1655,1411,7,,,27,12,2018,15,43,9,560.00,30.07,948.75,549.29
005,972,1707,1459,7,,,27,12,2018,15,48,9,558.50,29.85,948.81,548.80
005,971,1686,1430,7,,,27,12,2018,15,53,9,558.30,30.21,948.84,548.51
005,999,1751,1472,7,,,27,12,2018,15,58,9,556.00,30.15,948.86,548.37
005,1031,1809,1527,7,,,27,12,2018,16,3,9,553.90,29.51,948.82,548.76
005,1017,1787,1504,7,,,27,12,2018,16,8,9,551.00,27.83,948.84,548.56
005,1012,1783,1513,7,,,27,12,2018,16,13,9,557.50,29.52,948.76,549.24
005,1043,1831,1527,7,,,27,12,2018,16,18,9,557.30,30.24,948.76,549.29
005,1056,1859,1559,7,,,27,12,2018,16,23,9,565.30,30.31,948.69,549.85
005,1049,1863,1564,7,,,27,12,2018,16,28,9,550.60,30.73,948.67,550.00
005,1063,1875,1587,7,,,27,12,2018,16,33,9,564.60,30.18,948.61,550.53
005,1062,1820,1569,7,,,27,12,2018,16,38,9,553.70,30.69,948.59,550.75
005,1051,1863,1569,7,,,27,12,2018,16,43,9,559.00,29.90,948.60,550.67
005,1051,1844,1555,7,,,27,12,2018,16,48,9,556.70,30.50,948.61,550.55
005,1077,1858,1575,7,,,27,12,2018,16,53,9,559.30,31.21,948.48,551.74
005,1071,1873,1569,7,,,27,12,2018,16,58,9,550.10,29.65,948.52,551.38
005,1079,1903,1603,7,,,27,12,2018,17,3,9,558.40,28.92,948.47,551.75
005,1108,1918,1616,7,,,27,12,2018,17,8,9,556.20,29.41,948.43,552.16
005,1095,1911,1615,7,,,27,12,2018,17,13,9,559.80,29.24,948.41,552.31
005,1081,1890,1614,7,,,27,12,2018,17,18,9,550.40,30.28,948.23,553.94
005,1091,1923,1632,7,,,27,12,2018,17,23,9,551.50,29.57,948.34,552.95
005,1057,1875,1592,7,,,27,12,2018,17,28,9,556.30,29.70,948.30,553.31
005,1090,1891,1587,7,,,27,12,2018,17,33,9,550.10,29.81,948.22,554.00
005,1079,1873,1604,8,,,27,12,2018,17,38,9,557.60,30.45,948.21,554.07
005,1079,1859,1591,7,,,27,12,2018,17,43,9,559.10,30.29,948.10,555.01
005,1075,1867,1587,7,,,27,12,2018,17,48,9,556.50,31.58,948.11,554.96
005,1074,1849,1553,7,,,27,12,2018,17,53,9,558.70,32.25,948.04,555.58
005,1078,1884,1584,7,,,27,12,2018,17,58,9,550.10,30.09,948.13,554.76
005,1058,1846,1560,7,,,27,12,2018,18,3,9,555.90,30.32,948.10,555.05
005,1050,1857,1569,7,,,27,12,2018,18,8,9,557.90,30.95,948.06,555.42
005,1067,1843,1547,7,,,27,12,2018,18,13,9,559.30,32.04,948.07,555.35
005,1043,1848,1569,7,,,27,12,2018,18,18,9,561.10,30.59,948.03,555.69
005,1034,1907,1545,7,,,27,12,2018,18,23,9,558.40,30.06,947.96,556.26
005,1056,1840,1545,7,,,27,12,2018,18,28,9,554.60,29.74,947.97,556.20
005,1057,1849,1555,7,,,27,12,2018,18,33,9,547.50,30.64,947.67,558.81
005,1033,1807,1531,7,,,27,12,2018,18,38,9,552.70,31.77,947.74,558.19
005,1047,1820,1547,7,,,27,12,2018,18,43,9,553.00,31.82,947.68,558.72
005,1027,1785,1509,7,,,27,12,2018,18,48,9,552.90,31.33,947.75,558.08
005,999,1775,1495,7,,,27,12,2018,18,53,9,554.70,32.44,947.63,559.16
005,981,1752,1443,7,,,27,12,2018,18,58,9,556.40,32.63,947.55,559.91
005,1008,1760,1473,7,,,27,12,2018,19,3,9,552.10,33.03,947.59,559.55
005,1003,1745,1468,7,,,27,12,2018,19,8,9,545.70,32.27,947.49,560.37
005,974,1719,1433,7,,,27,12,2018,19,13,9,551.90,30.75,947.49,560.45
005,963,1683,1411,7,,,27,12,2018,19,18,9,551.80,30.86,947.48,560.48
005,956,1657,1405,7,,,27,12,2018,19,23,9,555.20,31.93,947.26,562.43
005,942,1647,1411,7,,,27,12,2018,19,28,9,556.40,31.69,947.33,561.79
005,961,1668,1427,7,,,27,12,2018,19,33,9,551.60,31.13,947.11,563.71
005,936,1657,1379,7,,,27,12,2018,19,38,9,553.30,30.35,947.10,563.86
005,931,1639,1376,7,,,27,12,2018,19,43,9,560.00,30.17,947.04,564.35
005,942,1652,1403,7,,,27,12,2018,19,48,9,560.90,31.48,947.03,564.48
005,935,1639,1367,7,,,27,12,2018,19,53,9,570.40,31.17,946.98,564.92
005,925,1619,1378,7,,,27,12,2018,19,58,9,557.00,30.47,947.03,564.47
005,902,1601,1335,7,,,27,12,2018,20,3,9,556.60,30.09,946.90,565.61
005,896,1564,1321,7,,,27,12,2018,20,8,9,558.90,30.34,946.94,565.23
005,887,1560,1299,7,,,27,12,2018,20,13,9,559.30,30.84,946.94,565.21
005,824,1505,1263,7,,,27,12,2018,20,18,9,557.40,30.33,946.79,566.52
005,866,1519,1257,7,,,27,12,2018,20,23,9,558.10,30.36,946.86,565.94
005,853,1521,1255,7,,,27,12,2018,20,28,9,554.40,30.88,946.76,566.81
005,839,1473,1230,7,,,27,12,2018,20,33,9,554.70,30.64,946.65,567.81
005,811,1427,1193,7,,,27,12,2018,20,38,9,553.70,29.75,946.74,566.98
005,803,1419,1182,7,,,27,12,2018,20,43,9,551.40,29.77,946.81,566.35
005,804,1385,1155,7,,,27,12,2018,20,48,9,551.60,30.50,946.85,566.04
005,776,1359,1124,7,,,27,12,2018,20,53,9,549.60,30.01,946.78,566.63
005,794,1371,1140,7,,,27,12,2018,20,58,9,552.50,29.36,946.79,566.52
005,763,1347,1120,7,,,27,12,2018,21,3,9,553.70,29.52,946.83,566.17
005,751,1319,1095,7,,,27,12,2018,21,8,9,554.20,29.17,946.63,567.99
005,728,1297,1067,7,,,27,12,2018,21,13,9,550.50,29.02,946.79,566.57
005,715,1235,1015,7,,,27,12,2018,21,18,9,553.60,29.09,946.65,567.83
005,699,1232,1027,7,,,27,12,2018,21,23,9,553.40,28.73,946.63,567.99
005,679,1203,997,7,,,27,12,2018,21,28,9,555.70,28.24,946.67,567.58
005,665,1180,975,8,,,27,12,2018,21,33,9,554.70,28.23,946.65,567.75
005,649,1143,932,6,,,27,12,2018,21,38,9,549.80,28.02,946.71,567.25
005,638,1120,903,7,,,27,12,2018,21,43,9,553.50,27.58,946.71,567.25
005,607,1063,876,7,,,27,12,2018,21,48,9,557.60,28.06,946.80,566.43
005,584,993,829,7,,,27,12,2018,21,53,9,558.20,28.17,946.83,566.24
005,547,971,796,7,,,27,12,2018,21,58,9,550.50,27.55,946.84,566.15
005,531,918,769,7,,,27,12,2018,22,3,9,551.90,27.66,946.84,566.16
005,495,879,715,6,,,27,12,2018,22,8,9,552.80,26.84,946.94,565.25
005,440,734,645,7,,,27,12,2018,22,13,9,556.30,26.87,946.94,565.20
005,440,753,637,7,,,27,12,2018,22,18,9,551.60,26.46,946.96,565.10
005,414,722,567,8,,,27,12,2018,22,23,9,553.50,26.50,946.94,565.23
005,363,636,528,7,,,27,12,2018,22,28,9,551.30,26.77,946.94,565.24
005,342,583,476,7,,,27,12,2018,22,33,9,552.10,25.98,946.98,564.93
005,297,526,436,7,,,27,12,2018,22,38,9,558.40,26.68,947.09,563.89
005,273,475,366,6,,,27,12,2018,22,43,9,550.60,25.82,947.16,563.32
005,235,400,323,6,,,27,12,2018,22,48,9,554.70,25.23,947.21,562.89
005,195,349,271,7,,,27,12,2018,22,53,9,554.80,25.28,947.36,561.53
005,168,307,238,7,,,27,12,2018,22,58,9,559.40,24.94,947.38,561.37
005,135,250,202,6,,,27,12,2018,23,3,9,557.70,24.58,947.36,561.51
005,111,210,165,7,,,27,12,2018,23,8,9,556.70,24.24,947.41,561.13
005,100,158,119,6,,,27,12,2018,23,13,9,548.00,24.23,947.56,559.82
005,154,230,160,7,,,28,12,2018,10,23,9,558.30,16.29,948.95,547.59
005,171,241,193,7,,,28,12,2018,10,28,9,559.00,16.85,949.00,547.17
005,167,273,207,7,,,28,12,2018,10,33,9,560.40,17.54,948.95,547.53
005,213,338,270,7,,,28,12,2018,10,38,9,560.20,17.75,949.06,546.60
005,215,374,306,7,,,28,12,2018,10,43,9,554.90,18.79,949.05,546.72
005,263,430,342,7,,,28,12,2018,10,48,9,556.00,19.81,949.08,546.41
005,287,463,379,7,,,28,12,2018,10,53,9,557.50,20.62,949.07,546.49
005,327,561,446,7,,,28,12,2018,10,58,9,558.20,21.56,948.99,547.23
005,351,615,468,7,,,28,12,2018,11,3,9,552.60,22.30,949.04,546.80
005,397,695,544,7,,,28,12,2018,11,8,9,559.50,23.54,949.10,546.30
005,422,705,568,7,,,28,12,2018,11,13,9,556.30,24.09,949.20,545.39
005,438,759,596,7,,,28,12,2018,11,18,9,560.20,24.49,949.19,545.51
005,448,790,633,7,,,28,12,2018,11,23,9,564.20,24.53,949.26,544.90
005,525,848,689,7,,,28,12,2018,11,28,9,556.80,24.93,949.27,544.74
005,443,642,730,7,,,28,12,2018,11,33,9,559.60,25.21,949.25,544.98
005,534,923,768,7,,,28,12,2018,11,38,9,564.90,25.30,949.18,545.60
005,566,939,818,7,,,28,12,2018,11,43,9,557.40,25.55,949.17,545.68
005,567,983,815,7,,,28,12,2018,11,48,9,553.00,23.86,949.14,545.87
005,600,1021,839,7,,,28,12,2018,11,53,9,557.80,23.44,949.23,545.12
005,599,939,835,7,,,28,12,2018,11,58,9,557.80,23.52,949.20,545.35
005,630,1097,914,7,,,28,12,2018,12,3,9,560.10,24.59,949.21,545.31
005,679,1143,934,7,,,28,12,2018,12,8,9,568.80,24.00,949.28,544.72
005,691,1186,961,7,,,28,12,2018,12,13,9,562.10,23.71,949.25,544.98
005,664,1202,983,7,,,28,12,2018,12,18,9,555.80,22.89,949.26,544.86
005,723,1248,1007,7,,,28,12,2018,12,23,9,557.10,23.36,949.17,545.64
005,719,1265,1031,7,,,28,12,2018,12,28,9,552.70,23.35,949.22,545.21
005,739,1299,1056,7,,,28,12,2018,12,33,9,553.90,24.86,949.19,545.49
005,746,1315,1102,7,,,28,12,2018,12,38,9,557.70,25.34,949.33,544.20
005,780,1363,1110,7,,,28,12,2018,12,43,9,558.10,24.52,949.30,544.49
005,774,1373,1115,7,,,28,12,2018,12,48,9,554.90,25.59,949.31,544.40
005,799,1391,1143,7,,,28,12,2018,12,53,9,558.40,27.32,949.22,545.21
005,802,1408,1143,7,,,28,12,2018,12,58,9,560.00,25.71,949.35,544.10
005,806,1411,1154,7,,,28,12,2018,13,3,9,559.40,26.36,949.25,544.90
005,807,1411,1168,8,,,28,12,2018,13,8,9,556.80,26.04,949.22,545.18
005,804,1448,1190,7,,,28,12,2018,13,13,9,555.20,26.72,949.15,545.81
005,839,1463,1205,7,,,28,12,2018,13,18,9,560.20,26.69,949.23,545.15
005,851,1475,1227,7,,,28,12,2018,13,23,9,562.10,27.51,949.17,545.62
005,866,1507,1231,7,,,28,12,2018,13,28,9,561.60,29.71,949.16,545.77
005,2359,1507,1252,7,,,28,12,2018,13,33,9,557.20,28.81,949.16,545.70
005,871,1527,1267,7,,,28,12,2018,13,38,9,561.50,30.27,949.16,545.77
005,887,1535,1295,7,,,28,12,2018,13,43,9,560.20,32.09,949.00,547.11
005,880,1538,1312,7,,,28,12,2018,13,48,9,565.40,32.50,949.09,546.39
005,887,1555,1315,7,,,28,12,2018,13,53,9,566.70,31.16,949.03,546.87
005,899,1576,1312,7,,,28,12,2018,13,58,9,558.40,31.30,948.99,547.27
005,907,1585,1340,7,,,28,12,2018,14,3,9,552.80,32.88,948.95,547.62
005,943,1617,1376,7,,,28,12,2018,14,8,9,556.20,34.29,948.93,547.77
005,3264,1647,1384,7,,,28,12,2018,14,13,9,560.60,35.00,948.92,547.81
005,2983,1657,1387,7,,,28,12,2018,14,18,9,552.60,32.91,948.83,548.63
005,3256,1667,1395,7,,,28,12,2018,14,23,9,556.20,32.78,948.85,548.44
005,3374,1687,1425,7,,,28,12,2018,14,28,9,555.40,32.88,948.80,548.87
005,3247,1683,1420,7,,,28,12,2018,14,33,9,554.10,34.95,948.70,549.75
005,3244,1688,1422,7,,,28,12,2018,14,38,9,552.50,34.93,948.73,549.48
005,3365,1683,1431,7,,,28,12,2018,14,43,9,554.60,33.71,948.74,549.46
005,2677,1679,1411,7,,,28,12,2018,14,48,9,554.20,34.58,948.60,550.64
005,2620,1670,1404,7,,,28,12,2018,14,53,9,556.20,35.35,948.54,551.19
005,2924,1686,1428,7,,,28,12,2018,14,58,9,555.50,34.79,948.57,550.89
005,2865,1697,1425,7,,,28,12,2018,15,3,9,557.50,34.17,948.55,551.07
005,2908,1715,1446,7,,,28,12,2018,15,8,9,555.90,32.72,948.64,550.27
005,1788,1715,1446,7,,,28,12,2018,15,13,9,558.60,32.69,948.62,550.51
005,2799,1728,1443,7,,,28,12,2018,15,18,9,552.50,31.59,948.61,550.60
005,3049,1728,1443,7,,,28,12,2018,15,23,9,557.00,30.21,948.73,549.51
005,2173,1740,1455,7,,,28,12,2018,15,28,9,555.50,30.88,948.60,550.64
005,1348,328,125,6,,,28,12,2018,15,33,9,550.20,31.78,948.66,550.13
005,2460,1776,1504,7,,,28,12,2018,15,38,9,557.00,30.35,948.55,551.13
005,1982,1767,1493,7,,,28,12,2018,15,43,9,555.80,29.49,948.61,550.55
005,1036,1815,1529,7,,,28,12,2018,15,48,9,560.30,30.57,948.57,550.88
005,1031,1815,1553,7,,,28,12,2018,15,53,9,561.10,30.71,948.57,550.89
005,1058,1841,1571,7,,,28,12,2018,15,58,9,561.10,29.88,948.55,551.12
005,1058,1839,1552,7,,,28,12,2018,16,3,9,556.90,31.56,948.45,552.01
005,1059,1847,1543,7,,,28,12,2018,16,8,9,561.50,31.67,948.43,552.16
005,1058,1859,1575,7,,,28,12,2018,16,13,9,558.90,30.89,948.49,551.59
005,1041,1826,1545,7,,,28,12,2018,16,18,9,562.10,31.16,948.47,551.76
005,1035,1812,1551,7,,,28,12,2018,16,23,9,563.70,31.21,948.38,552.61
005,1079,1872,1598,7,,,28,12,2018,16,28,9,552.80,31.98,948.31,553.15
005,1085,1889,1588,7,,,28,12,2018,16,33,9,557.00,31.87,948.31,553.22
005,1071,1883,1606,7,,,28,12,2018,16,38,9,561.20,32.65,948.21,554.12
005,1082,1897,1579,7,,,28,12,2018,16,43,9,557.10,31.71,948.22,554.02
005,1065,1889,1593,7,,,28,12,2018,16,48,9,557.60,30.41,948.20,554.19
005,1091,1921,1620,7,,,28,12,2018,16,53,9,554.30,30.64,948.03,555.66
005,1103,1899,1600,7,,,28,12,2018,16,58,9,555.00,31.78,948.02,555.78
005,1095,1895,1608,7,,,28,12,2018,17,3,9,552.60,30.59,948.01,555.87
005,1104,1911,1623,7,,,28,12,2018,17,8,9,558.60,30.24,947.95,556.39
005,2348,1942,1633,7,,,28,12,2018,17,13,9,555.90,30.50,948.05,555.45
005,1313,1895,1601,8,,,28,12,2018,17,18,9,553.50,30.81,947.80,557.67
005,1329,1912,1614,7,,,28,12,2018,17,23,9,555.80,30.36,947.89,556.93
005,1187,1873,1591,7,,,28,12,2018,17,28,9,559.20,31.90,947.80,557.64
005,1100,1891,1611,7,,,28,12,2018,17,33,9,556.60,31.14,947.79,557.74
005,1095,1859,1575,7,,,28,12,2018,17,38,9,559.20,31.10,947.77,557.93
005,1073,1850,1577,7,,,28,12,2018,17,43,9,554.80,31.45,947.72,558.38
005,1110,1911,1595,7,,,28,12,2018,17,48,9,555.30,31.20,947.77,557.95
005,1073,1875,1577,7,,,28,12,2018,17,53,9,551.00,31.60,947.62,559.28
005,1073,1873,1582,7,,,28,12,2018,17,58,9,548.10,30.79,947.59,559.49
005,1075,1871,1545,7,,,28,12,2018,18,3,9,549.80,30.79,947.64,559.10
005,1072,1895,1570,7,,,28,12,2018,18,8,9,553.90,31.77,947.52,560.11
005,1068,1873,1585,7,,,28,12,2018,18,13,9,556.40,32.11,947.44,560.85
005,1063,1888,1591,7,,,28,12,2018,18,18,9,556.40,31.66,947.44,560.85
005,1042,1848,1521,7,,,28,12,2018,18,23,9,555.10,31.67,947.47,560.55
005,1067,1863,1582,7,,,28,12,2018,18,28,9,548.90,31.60,947.50,560.32
005,1079,1849,1567,8,,,28,12,2018,18,33,9,548.60,32.48,947.40,561.20
005,1081,1857,1575,7,,,28,12,2018,18,38,9,554.20,30.75,947.37,561.50
005,2103,1839,1572,7,,,28,12,2018,18,43,9,543.70,31.91,947.41,561.09
005,1989,1845,1544,7,,,28,12,2018,18,48,9,560.60,31.58,947.43,560.92
005,1721,1815,1513,7,,,28,12,2018,18,53,9,550.00,33.43,947.41,561.08
005,1404,1791,1511,7,,,28,12,2018,18,58,9,548.10,31.38,947.29,562.16
005,2417,1796,1507,7,,,28,12,2018,19,3,9,554.60,31.45,947.21,562.88
005,2151,1785,1504,8,,,28,12,2018,19,8,9,551.10,31.72,947.27,562.32
005,2079,1760,1493,7,,,28,12,2018,19,13,9,554.20,33.08,947.10,563.83
005,1976,1753,1491,7,,,28,12,2018,19,18,9,552.20,32.82,947.02,564.55
005,1907,1729,1475,7,,,28,12,2018,19,23,9,557.10,31.37,946.95,565.19
005,1568,1702,1409,7,,,28,12,2018,19,28,9,557.70,32.40,947.08,563.98
005,1249,1700,1433,7,,,28,12,2018,19,33,9,556.40,31.76,947.00,564.68
005,1199,1657,1423,7,,,28,12,2018,19,38,9,559.50,31.50,947.02,564.57
005,2195,1663,1377,7,,,28,12,2018,19,43,9,553.60,31.13,946.98,564.85
005,1350,1655,1399,7,,,28,12,2018,19,48,9,553.00,30.91,946.81,566.41
005,963,1617,1390,7,,,28,12,2018,19,53,9,555.60,31.48,946.81,566.36
005,1184,1609,1353,7,,,28,12,2018,19,58,9,555.80,31.15,946.69,567.44
005,904,1535,1328,7,,,28,12,2018,20,3,9,557.10,30.84,946.66,567.67
005,875,1559,1283,7,,,28,12,2018,20,8,9,559.70,30.51,946.50,569.14
005,14,13,24,7,,,28,12,2018,20,13,9,551.60,30.64,946.61,568.16
005,821,1510,1235,7,,,28,12,2018,20,18,9,554.10,30.78,946.46,569.43
005,866,1520,1267,7,,,28,12,2018,20,23,9,556.30,31.20,946.43,569.76
005,1337,1491,1239,7,,,28,12,2018,20,28,9,552.00,30.87,946.45,569.54
005,1719,1491,1249,7,,,28,12,2018,20,33,9,551.60,30.45,946.44,569.67
005,1488,1464,1211,7,,,28,12,2018,20,38,9,551.20,30.33,946.34,570.49
005,1238,1443,1205,7,,,28,12,2018,20,43,9,553.30,30.35,946.33,570.63
005,807,1414,1181,7,,,28,12,2018,20,48,9,550.20,30.36,946.19,571.88
005,1907,1416,1184,7,,,28,12,2018,20,53,9,549.60,29.22,946.31,570.79
005,1486,1391,1148,7,,,28,12,2018,20,58,9,554.30,29.56,946.22,571.56
005,759,1351,1107,7,,,28,12,2018,21,3,9,554.50,28.93,946.10,572.64
005,755,1329,1097,6,,,28,12,2018,21,8,9,554.90,28.60,946.30,570.87
005,12,11,27,7,,,28,12,2018,21,13,9,554.80,29.02,946.14,572.25
005,11,8,25,7,,,28,12,2018,21,18,9,553.00,28.57,946.23,571.46
005,695,1209,983,7,,,28,12,2018,21,23,9,558.00,28.78,946.29,570.93
005,12,10,23,7,,,28,12,2018,21,28,9,557.80,28.50,946.31,570.78
005,10,8,28,7,,,28,12,2018,21,33,9,555.30,28.38,946.38,570.15
005,9,7,26,7,,,28,12,2018,21,38,9,557.30,27.83,946.43,569.68
005,9,7,25,7,,,28,12,2018,21,43,9,560.60,28.18,946.53,568.88
005,9,7,25,7,,,28,12,2018,21,48,9,556.50,27.64,946.57,568.48
005,10,8,24,7,,,28,12,2018,21,53,9,557.10,27.13,946.59,568.32
005,360,7,23,7,,,28,12,2018,21,58,9,554.00,27.43,946.68,567.49
005,404,7,24,7,,,28,12,2018,22,3,9,558.80,27.85,946.80,566.51
005,298,7,26,7,,,28,12,2018,22,8,9,553.60,28.36,946.80,566.50
005,270,7,24,7,,,28,12,2018,22,13,9,551.20,26.91,946.82,566.33
005,803,7,24,7,,,28,12,2018,22,18,9,556.90,27.04,946.96,565.04
005,1219,7,26,7,,,28,12,2018,22,23,9,556.00,26.42,947.09,563.91
005,323,7,25,7,,,28,12,2018,22,28,9,545.10,26.53,947.17,563.20
005,347,7,27,7,,,28,12,2018,22,33,9,556.70,26.52,947.24,562.57
005,320,7,24,7,,,28,12,2018,22,38,9,555.70,26.45,947.31,562.01
005,332,7,25,7,,,28,12,2018,22,43,9,554.80,26.38,947.42,561.02
005,295,7,29,7,,,28,12,2018,22,48,9,552.00,26.02,947.52,560.14
005,1510,387,314,7,,,28,12,2018,22,53,9,552.30,26.07,947.65,558.99
005,188,327,259,7,,,28,12,2018,22,58,9,557.70,25.92,947.73,558.33
005,147,268,215,7,,,28,12,2018,23,3,9,558.60,25.48,947.81,557.56
005,120,203,177,7,,,28,12,2018,23,8,9,559.70,25.14,947.84,557.34
005,95,154,113,7,,,28,12,2018,23,13,9,556.10,24.81,947.91,556.70
005,69,112,115,7,,,28,12,2018,23,18,9,556.40,24.74,948.03,555.66
005,122,190,154,7,,,29,12,2018,10,23,9,556.50,15.50,949.88,539.40
005,134,206,173,6,,,29,12,2018,10,28,9,560.50,16.34,949.91,539.14
005,163,275,196,7,,,29,12,2018,10,33,9,559.40,16.79,950.02,538.22
005,183,293,235,485,,,29,12,2018,10,38,9,554.50,17.51,950.05,537.89
005,702,382,286,531,,,29,12,2018,10,43,9,558.80,18.38,950.00,538.33
005,262,448,337,727,,,29,12,2018,10,48,9,557.00,18.92,950.07,537.78
005,289,470,371,790,,,29,12,2018,10,53,9,560.10,19.36,950.12,537.31
005,327,551,454,1131,,,29,12,2018,10,58,9,564.70,19.62,950.14,537.12
005,364,596,484,530,,,29,12,2018,11,3,9,561.60,20.29,950.13,537.24
005,1076,651,550,0,,,29,12,2018,11,8,9,559.20,21.50,950.37,535.08
005,1334,711,556,0,,,29,12,2018,11,13,9,555.80,22.66,950.58,533.31
005,439,744,607,0,,,29,12,2018,11,18,9,564.50,23.44,950.51,533.92
005,1511,813,646,0,,,29,12,2018,11,23,9,563.20,23.35,950.58,533.31
005,518,833,679,0,,,29,12,2018,11,28,9,560.00,22.91,950.52,533.79
005,518,871,730,0,,,29,12,2018,11,33,9,568.20,23.39,950.44,534.47
005,1459,919,743,0,,,29,12,2018,11,38,9,565.30,23.63,950.53,533.72
005,1496,967,786,0,,,29,12,2018,11,43,9,561.00,23.28,950.55,533.58
005,1616,1009,830,0,,,29,12,2018,11,48,9,562.20,23.28,950.54,533.61
005,1807,1058,867,0,,,29,12,2018,11,53,9,545.90,23.22,950.59,533.16
005,1971,1091,871,0,,,29,12,2018,11,58,9,559.00,23.67,950.57,533.37
005,631,1109,910,0,,,29,12,2018,12,3,9,554.90,24.03,950.56,533.48
005,659,1150,930,0,,,29,12,2018,12,8,9,559.70,24.70,950.52,533.77
005,677,1166,951,0,,,29,12,2018,12,13,9,558.80,23.52,950.52,533.82
005,699,1219,1006,0,,,29,12,2018,12,18,9,557.00,24.10,950.50,533.98
005,720,1262,1046,0,,,29,12,2018,12,23,9,555.70,24.80,950.47,534.25
005,751,1296,1058,0,,,29,12,2018,12,28,9,557.10,25.65,950.53,533.75
005,743,1318,1047,0,,,29,12,2018,12,33,9,557.90,24.71,950.64,532.72
005,767,1335,1090,0,,,29,12,2018,12,38,9,555.90,25.47,950.64,532.71
005,777,1331,1105,0,,,29,12,2018,12,43,9,554.20,25.17,950.72,532.05
005,791,1382,1108,0,,,29,12,2018,12,48,9,564.10,25.85,950.81,531.23
005,793,1376,1137,0,,,29,12,2018,12,53,9,565.90,24.21,950.91,530.40
005,815,1443,1168,0,,,29,12,2018,12,58,9,558.60,24.71,950.81,531.29
005,838,1479,1201,0,,,29,12,2018,13,3,9,560.60,25.10,950.79,531.47
005,849,1483,1217,0,,,29,12,2018,13,8,9,556.70,26.14,950.77,531.58
005,847,1510,1231,0,,,29,12,2018,13,13,9,559.30,25.86,950.79,531.45
005,872,1529,1257,0,,,29,12,2018,13,18,9,559.20,26.08,950.85,530.95
005,886,1545,1282,0,,,29,12,2018,13,23,9,557.20,26.97,950.72,532.06
005,897,1569,1272,0,,,29,12,2018,13,28,9,551.00,26.64,950.81,531.26
005,2400,1568,1315,0,,,29,12,2018,13,33,9,557.40,27.83,950.79,531.47
005,1697,1587,1336,0,,,29,12,2018,13,38,9,563.10,27.24,950.86,530.83
005,913,1632,1299,0,,,29,12,2018,13,43,9,559.90,27.85,950.74,531.88
005,1843,1627,1359,0,,,29,12,2018,13,48,9,562.10,28.61,950.78,531.56
005,947,1634,1363,0,,,29,12,2018,13,53,9,558.30,28.25,950.87,530.70
005,950,1667,1393,0,,,29,12,2018,13,58,9,555.70,28.79,950.84,530.96
005,947,1683,1385,0,,,29,12,2018,14,3,9,560.90,28.82,950.90,530.49
005,1297,1667,1395,0,,,29,12,2018,14,8,9,551.20,28.54,950.81,531.24
005,964,1680,1401,0,,,29,12,2018,14,13,9,553.60,28.80,950.85,530.88
005,2448,1709,1419,0,,,29,12,2018,14,18,9,555.90,29.74,950.86,530.82
005,1710,1671,1413,0,,,29,12,2018,14,23,9,554.30,30.49,950.93,530.25
005,1780,1692,1427,0,,,29,12,2018,14,28,9,563.20,30.99,950.90,530.45
005,1847,1703,1415,0,,,29,12,2018,14,33,9,550.80,30.26,950.93,530.24
005,963,1704,1431,0,,,29,12,2018,14,43,9,555.70,29.62,950.98,529.79
005,987,1741,1465,0,,,29,12,2018,14,48,9,554.60,30.11,951.03,529.33
005,1011,1757,1473,0,,,29,12,2018,14,53,9,556.30,30.96,950.99,529.64
005,1003,1734,1457,0,,,29,12,2018,14,58,9,556.60,31.05,951.00,529.59
005,1003,1747,1472,0,,,29,12,2018,15,3,9,561.30,30.81,951.07,528.97
005,1023,1786,1498,0,,,29,12,2018,15,8,9,561.70,30.70,951.04,529.21
005,1019,1809,1508,0,,,29,12,2018,15,13,9,563.70,30.22,951.03,529.36
005,1027,1783,1505,0,,,29,12,2018,15,18,9,564.70,31.02,951.11,528.59
005,2435,1774,1487,0,,,29,12,2018,15,23,9,561.30,31.98,951.05,529.13
005,1014,1811,1511,0,,,29,12,2018,15,28,9,558.00,29.46,951.08,528.88
005,1035,1799,1511,0,,,29,12,2018,15,33,9,550.50,28.38,951.15,528.31
005,2323,1811,1527,0,,,29,12,2018,15,38,9,554.30,28.73,951.15,528.29
005,1820,1836,1544,0,,,29,12,2018,15,43,9,557.80,28.55,951.15,528.32
005,2114,1846,1552,0,,,29,12,2018,15,48,9,560.70,30.70,951.18,527.99
005,1868,1843,1555,0,,,29,12,2018,15,53,9,558.70,29.60,951.19,527.93
005,1886,1841,1576,0,,,29,12,2018,15,58,9,558.20,30.20,951.16,528.20
005,2057,1865,1571,0,,,29,12,2018,16,3,9,558.30,29.47,951.17,528.07
005,1832,1895,1589,0,,,29,12,2018,16,8,9,559.10,28.96,951.16,528.15
005,1969,1853,1568,0,,,29,12,2018,16,13,9,562.30,29.78,951.09,528.80
005,1655,1871,1559,0,,,29,12,2018,16,18,9,557.10,30.58,951.12,528.51
005,1900,1895,1598,0,,,29,12,2018,16,23,9,551.40,29.79,951.11,528.59
005,1649,1888,1593,0,,,29,12,2018,16,28,9,558.80,29.68,951.26,527.35
005,1712,1891,1611,237,,,29,12,2018,16,33,9,556.40,28.82,951.15,528.31
005,2039,1931,1625,330,,,29,12,2018,16,38,9,556.70,28.40,951.24,527.47
005,2219,1921,1612,317,,,29,12,2018,16,43,9,558.00,28.50,951.16,528.16
005,1955,1931,1617,0,,,29,12,2018,16,48,9,566.30,29.43,951.18,528.04
005,1977,1927,1634,0,,,29,12,2018,16,53,9,558.60,30.25,951.18,528.01
005,1849,1895,1647,0,,,29,12,2018,16,58,9,554.30,30.77,951.26,527.29
005,1873,1920,1607,0,,,29,12,2018,17,3,9,553.00,29.47,951.21,527.75
005,1913,1897,1607,240,,,29,12,2018,17,8,9,562.80,29.12,951.23,527.62
005,1704,1944,1639,64,,,29,12,2018,17,13,9,557.70,27.96,951.25,527.38
005,1635,1942,1619,32,,,29,12,2018,17,18,9,556.60,28.33,951.31,526.85
005,1525,1927,1604,126,,,29,12,2018,17,23,9,560.50,29.40,951.37,526.37
005,1784,1947,1639,102,,,29,12,2018,17,28,9,552.30,29.19,951.36,526.44
005,1627,1954,1635,161,,,29,12,2018,17,33,9,550.50,28.63,951.42,525.92
005,1824,1923,1611,64,,,29,12,2018,17,38,9,554.80,27.98,951.47,525.47
005,1673,1954,1634,8,,,29,12,2018,17,43,9,558.20,27.60,951.49,525.28
005,1447,1929,1644,7,,,29,12,2018,17,48,9,549.10,27.60,951.46,525.60
005,1238,1939,1612,7,,,29,12,2018,17,53,9,548.50,28.14,951.61,524.24
005,1103,1937,1636,138,,,29,12,2018,17,58,9,553.70,28.28,951.53,524.93
005,1507,1903,1611,108,,,29,12,2018,18,3,9,555.70,29.12,951.47,525.47
005,1639,1916,1607,55,,,29,12,2018,18,8,9,563.10,28.19,951.39,526.20
005,1235,1915,1605,6,,,29,12,2018,18,13,9,549.20,28.36,951.47,525.44
005,1601,1904,1604,6,,,29,12,2018,18,18,9,555.50,28.64,951.57,524.62
005,457,856,366,7,,,29,12,2018,18,23,9,550.90,29.12,951.59,524.39
005,1508,1888,1587,7,,,29,12,2018,18,28,9,551.30,29.06,951.70,523.45
005,1659,1875,1559,7,,,29,12,2018,18,33,9,555.00,28.83,951.40,526.07
005,2083,1847,1559,7,,,29,12,2018,18,38,9,551.70,28.64,951.31,526.85
005,1777,1841,1543,7,,,29,12,2018,18,43,9,550.70,28.28,951.38,526.29
005,1795,1843,1560,66,,,29,12,2018,18,48,9,555.90,28.97,951.56,524.66
005,1891,1831,1553,117,,,29,12,2018,18,53,9,552.60,29.54,951.50,525.23
005,1639,1827,1568,120,,,29,12,2018,18,58,9,556.00,28.86,951.41,526.02
005,1356,1807,1511,7,,,29,12,2018,19,3,9,553.60,28.73,951.36,526.40
005,1347,1786,1504,6,,,29,12,2018,19,8,9,557.40,28.69,951.39,526.21
005,1459,1784,1512,7,,,29,12,2018,19,13,9,558.40,28.84,951.32,526.76
005,1459,1543,1475,7,,,29,12,2018,19,18,9,556.90,28.59,951.38,526.24
005,1760,1737,1457,371,,,29,12,2018,19,23,9,564.80,29.34,951.37,526.34
005,993,1703,1415,80,,,29,12,2018,19,28,9,556.60,28.95,951.33,526.73
005,1015,1745,1474,64,,,29,12,2018,19,33,9,550.70,29.52,951.23,527.62
005,999,1680,1431,107,,,29,12,2018,19,38,9,563.10,29.62,951.15,528.25
005,979,1703,1403,67,,,29,12,2018,19,43,9,563.00,30.08,951.07,528.98
005,977,1655,1427,218,,,29,12,2018,19,48,9,558.00,30.49,951.04,529.26
005,979,1686,1417,375,,,29,12,2018,19,53,9,555.70,30.40,950.94,530.10
005,986,1680,1399,338,,,29,12,2018,19,58,9,553.40,30.50,950.90,530.51
005,939,1632,1377,154,,,29,12,2018,20,3,9,551.00,28.61,950.82,531.17
005,27,7,10,63,,,29,12,2018,20,8,9,554.10,30.52,950.81,531.27
005,26,8,11,48,,,29,12,2018,20,13,9,552.30,30.33,950.81,531.27
005,24,7,11,30,,,29,12,2018,20,18,9,554.80,30.64,950.75,531.78
005,24,7,11,28,,,29,12,2018,20,23,9,555.00,30.11,950.56,533.47
005,25,7,11,59,,,29,12,2018,20,28,9,558.70,30.33,950.49,534.05
005,26,7,13,201,,,29,12,2018,20,33,9,557.10,29.42,950.47,534.21
005,26,7,11,369,,,29,12,2018,20,38,9,554.00,29.00,950.50,533.96
005,28,7,12,312,,,29,12,2018,20,43,9,562.80,28.89,950.44,534.54
005,28,7,12,5,,,29,12,2018,20,48,9,555.00,28.83,950.44,534.47
005,26,7,12,5,,,29,12,2018,20,53,9,549.10,29.04,950.39,534.95
005,27,7,12,191,,,29,12,2018,20,58,9,552.30,28.70,950.32,535.54
005,27,7,12,173,,,29,12,2018,21,3,9,552.00,28.96,950.30,535.77
005,28,7,12,196,,,29,12,2018,21,8,9,547.50,29.09,950.22,536.46
005,28,7,14,185,,,29,12,2018,21,13,9,561.40,28.14,950.20,536.57
005,26,7,12,224,,,29,12,2018,21,18,9,553.60,27.53,950.24,536.27
005,28,7,14,185,,,29,12,2018,21,23,9,551.80,27.68,950.19,536.71
005,25,7,14,167,,,29,12,2018,21,28,9,546.50,28.40,950.36,535.21
005,27,7,13,104,,,29,12,2018,21,33,9,551.20,27.04,950.32,535.53
005,26,7,14,18,,,29,12,2018,21,38,9,554.00,27.04,950.43,534.60
005,26,7,14,8,,,29,12,2018,21,43,9,548.60,26.54,950.36,535.18
005,26,7,15,7,,,29,12,2018,21,48,9,552.20,26.55,950.44,534.50
005,27,7,15,7,,,29,12,2018,21,53,9,550.00,26.87,950.63,532.82
005,25,8,16,7,,,29,12,2018,21,58,9,552.40,26.87,950.75,531.79
005,29,7,14,7,,,29,12,2018,22,3,9,555.30,25.48,950.70,532.22
005,30,7,16,7,,,29,12,2018,22,8,9,551.60,25.56,950.83,531.11
005,19,8,33,7,,,29,12,2018,22,13,9,546.30,25.96,950.92,530.30
005,465,807,667,288,,,29,12,2018,22,18,9,551.30,25.16,950.87,530.77
005,423,750,615,10,,,29,12,2018,22,23,9,543.80,24.75,951.05,529.14
005,422,704,569,6,,,29,12,2018,22,28,9,550.80,24.58,951.08,528.93
005,385,675,563,39,,,29,12,2018,22,33,9,554.20,23.81,951.10,528.68
005,359,623,519,7,,,29,12,2018,22,38,9,554.50,24.05,951.34,526.61
005,328,552,463,7,,,29,12,2018,22,43,9,558.60,24.25,951.44,525.73
005,289,505,421,11,,,29,12,2018,22,48,9,549.90,23.73,951.57,524.58
005,262,443,354,6,,,29,12,2018,22,53,9,551.70,23.91,951.68,523.60
005,230,385,312,10,,,29,12,2018,22,58,9,554.00,23.79,951.76,522.97
005,179,315,251,6,,,29,12,2018,23,3,9,559.80,23.62,951.96,521.21
005,153,272,212,6,,,29,12,2018,23,8,9,552.00,23.58,952.06,520.34
005,111,213,174,7,,,29,12,2018,23,13,9,551.10,22.87,952.22,518.95
005,202,271,198,0,,,30,12,2018,10,23,9,555.90,16.13,949.92,539.09
005,191,308,235,0,,,30,12,2018,10,28,9,553.80,16.49,949.91,539.12
005,214,346,290,0,,,30,12,2018,10,33,9,556.10,17.08,949.83,539.83
005,253,436,348,0,,,30,12,2018,10,38,9,558.50,18.50,949.81,540.00
005,239,491,334,0,,,30,12,2018,10,43,9,555.60,19.84,949.77,540.34
005,315,518,435,0,,,30,12,2018,10,48,9,559.00,20.74,949.87,539.53
005,301,579,348,0,,,30,12,2018,10,53,9,571.00,21.83,949.81,540.05
005,491,654,524,0,,,30,12,2018,10,58,9,558.10,22.37,949.82,539.92
005,433,733,591,0,,,30,12,2018,11,3,9,553.80,22.43,949.84,539.79
005,465,803,655,0,,,30,12,2018,11,8,9,557.80,22.69,949.87,539.52
005,487,864,653,0,,,30,12,2018,11,13,9,558.70,23.27,949.83,539.85
005,526,899,711,0,,,30,12,2018,11,18,9,564.40,23.16,949.89,539.29
005,546,935,756,0,,,30,12,2018,11,23,9,554.20,24.06,949.90,539.24
005,567,979,788,0,,,30,12,2018,11,28,9,555.70,24.97,949.96,538.68
005,599,1027,846,0,,,30,12,2018,11,33,9,550.30,25.32,949.98,538.51
005,615,1091,897,0,,,30,12,2018,11,38,9,560.30,25.07,950.07,537.76
005,643,1107,928,0,,,30,12,2018,11,43,9,557.70,25.09,950.09,537.58
005,663,1155,947,0,,,30,12,2018,11,48,9,557.00,25.80,950.23,536.32
005,691,1189,979,0,,,30,12,2018,11,53,9,558.50,26.52,950.21,536.55
005,1299,1255,1017,0,,,30,12,2018,11,58,9,555.40,27.49,950.29,535.80
005,1099,1283,1058,0,,,30,12,2018,12,3,9,561.20,26.37,950.35,535.32
005,1139,1326,1074,0,,,30,12,2018,12,8,9,557.00,26.29,950.36,535.24
005,1232,1358,1111,0,,,30,12,2018,12,13,9,562.40,25.63,950.36,535.22
005,1239,1373,1123,0,,,30,12,2018,12,18,9,554.90,25.72,950.34,535.41
005,1308,1395,1163,0,,,30,12,2018,12,23,9,555.20,24.62,950.35,535.26
005,787,1300,1181,0,,,30,12,2018,12,28,9,549.20,25.12,950.32,535.58
005,823,1441,1187,0,,,30,12,2018,12,33,9,552.90,25.89,950.32,535.53
005,849,1510,1236,0,,,30,12,2018,12,38,9,553.10,27.04,950.32,535.53
005,841,1483,1231,0,,,30,12,2018,12,43,9,552.70,27.59,950.33,535.45
005,887,1527,1265,0,,,30,12,2018,12,48,9,558.00,27.39,950.25,536.16
005,865,1515,1254,0,,,30,12,2018,12,53,9,555.60,28.33,950.26,536.05
005,901,1575,1313,0,,,30,12,2018,12,58,9,552.80,28.97,950.26,536.12
005,900,1591,1328,0,,,30,12,2018,13,3,9,555.50,28.18,950.24,536.27
005,915,1619,1331,0,,,30,12,2018,13,8,9,557.40,29.18,950.26,536.06
005,931,1633,1347,0,,,30,12,2018,13,13,9,554.30,30.56,950.30,535.72
005,1975,1676,1382,0,,,30,12,2018,13,18,9,558.20,31.19,950.26,536.10
005,1868,1683,1376,0,,,30,12,2018,13,23,9,556.30,30.00,950.33,535.43
005,1703,1689,1396,0,,,30,12,2018,13,28,9,556.70,28.80,950.32,535.55
005,1546,1702,1423,0,,,30,12,2018,13,33,9,558.10,28.75,950.31,535.66
005,983,1722,1439,0,,,30,12,2018,13,38,9,559.30,29.06,950.26,536.12
005,983,1721,1440,0,,,30,12,2018,13,43,9,557.80,29.88,950.32,535.58
005,1017,1761,1472,0,,,30,12,2018,13,48,9,553.20,30.55,950.22,536.45
005,995,1765,1451,0,,,30,12,2018,13,53,9,563.90,29.80,950.25,536.18
005,1015,1780,1496,0,,,30,12,2018,13,58,9,557.80,29.26,950.29,535.85
005,1015,1779,1487,0,,,30,12,2018,14,3,9,565.00,30.24,950.11,537.40
005,1023,1789,1517,0,,,30,12,2018,14,8,9,558.40,29.54,950.10,537.46
005,1046,1827,1507,56,,,30,12,2018,14,13,9,554.10,28.15,950.08,537.64
005,1036,1825,1518,220,,,30,12,2018,14,18,9,552.10,29.83,950.06,537.79
005,1039,1842,1531,119,,,30,12,2018,14,23,9,550.00,29.80,949.98,538.51
005,1038,1828,1531,32,,,30,12,2018,14,28,9,554.80,28.82,949.96,538.68
005,1039,1847,1540,46,,,30,12,2018,14,33,9,557.80,28.05,950.03,538.09
005,1059,1847,1548,44,,,30,12,2018,14,38,9,555.20,30.90,949.99,538.45
005,1065,1859,1562,24,,,30,12,2018,14,43,9,558.30,31.40,949.95,538.77
005,1075,1862,1572,0,,,30,12,2018,14,48,9,556.50,30.17,949.97,538.62
005,1075,1875,1583,0,,,30,12,2018,14,53,9,557.30,31.05,949.93,538.98
005,1071,1897,1591,0,,,30,12,2018,14,58,9,553.00,30.50,950.05,537.92
005,25,11,22,0,,,30,12,2018,15,3,9,561.00,29.14,949.98,538.54
005,26,18,11,0,,,30,12,2018,15,8,9,556.00,29.88,950.04,538.02
005,24,9,19,0,,,30,12,2018,15,13,9,552.00,30.09,949.96,538.67
005,20,8,14,0,,,30,12,2018,15,18,9,553.70,29.62,949.91,539.19
005,19,8,14,0,,,30,12,2018,15,23,9,553.80,28.85,950.00,538.38
005,19,7,12,0,,,30,12,2018,15,28,9,554.00,30.19,949.96,538.70
005,19,7,12,0,,,30,12,2018,15,33,9,557.40,30.91,949.85,539.64
005,19,8,12,0,,,30,12,2018,15,38,9,553.30,32.10,949.72,540.85
005,18,7,13,0,,,30,12,2018,15,43,9,558.20,30.96,949.76,540.47
005,19,7,13,0,,,30,12,2018,15,48,9,556.70,30.85,949.76,540.45
005,18,7,13,0,,,30,12,2018,15,53,9,556.10,30.26,949.69,541.05
005,18,7,13,0,,,30,12,2018,15,58,9,554.50,30.64,949.59,541.97
005,18,7,14,0,,,30,12,2018,16,3,9,557.40,29.17,949.54,542.43
005,19,7,15,0,,,30,12,2018,16,8,9,553.20,29.95,949.48,542.89
005,19,7,16,0,,,30,12,2018,16,13,9,554.80,30.56,949.49,542.85
005,20,7,16,0,,,30,12,2018,16,18,9,553.80,29.77,949.53,542.49
005,20,7,16,0,,,30,12,2018,16,23,9,558.00,29.86,949.50,542.72
005,20,7,17,0,,,30,12,2018,16,28,9,555.80,30.49,949.49,542.85
005,21,8,18,0,,,30,12,2018,16,33,9,553.70,30.02,949.43,543.35
005,23,8,18,0,,,30,12,2018,16,38,9,561.80,28.79,949.48,542.95
005,22,7,19,0,,,30,12,2018,16,43,9,556.00,30.20,949.43,543.34
005,24,8,19,0,,,30,12,2018,16,48,9,556.10,30.13,949.37,543.88
005,1143,2018,1700,0,,,30,12,2018,16,53,9,557.50,31.09,949.32,544.32
005,1138,1991,1698,0,,,30,12,2018,16,58,9,560.40,29.74,949.35,544.05
005,1147,2003,1698,0,,,30,12,2018,17,3,9,562.60,30.56,949.23,545.08
005,1155,2003,1720,0,,,30,12,2018,17,8,9,558.60,31.22,949.27,544.74
005,1142,2003,1696,0,,,30,12,2018,17,13,9,558.60,31.56,949.27,544.73
005,1161,1999,1691,0,,,30,12,2018,17,18,9,552.40,32.68,949.24,545.02
005,1135,1992,1680,0,,,30,12,2018,17,23,9,551.60,31.96,949.06,546.57
005,1138,1987,1698,0,,,30,12,2018,17,28,9,560.70,31.69,949.06,546.59
005,1139,1999,1675,0,,,30,12,2018,17,33,9,559.30,31.37,949.04,546.82
005,1137,2017,1687,0,,,30,12,2018,17,38,9,554.20,31.42,949.13,545.96
005,1140,1987,1696,0,,,30,12,2018,17,43,9,556.60,31.59,948.98,547.34
005,1143,1957,1666,0,,,30,12,2018,17,48,9,555.80,30.78,949.03,546.87
005,1126,1967,1645,0,,,30,12,2018,17,53,9,560.50,31.99,949.05,546.73
005,1091,1899,1632,0,,,30,12,2018,17,58,9,563.70,31.76,948.97,547.43
005,1091,1920,1621,0,,,30,12,2018,18,3,9,555.10,31.08,948.81,548.79
005,1121,1937,1643,0,,,30,12,2018,18,8,9,559.20,31.40,948.88,548.23
005,1096,1920,1617,0,,,30,12,2018,18,13,9,560.30,33.16,948.72,549.62
005,1122,1953,1654,0,,,30,12,2018,18,18,9,559.40,32.04,948.76,549.27
005,1108,1921,1625,0,,,30,12,2018,18,23,9,554.40,32.95,948.64,550.29
005,1001,1856,1428,0,,,30,12,2018,18,28,9,550.40,32.51,948.66,550.14
005,1075,1904,1617,0,,,30,12,2018,18,33,9,554.90,32.83,948.58,550.86
005,1104,1928,1570,0,,,30,12,2018,18,38,9,558.40,31.76,948.57,550.91
005,169,549,219,0,,,30,12,2018,18,43,9,554.10,31.99,948.50,551.51
005,39,8,25,0,,,30,12,2018,18,48,9,553.00,32.72,948.45,551.94
005,38,8,28,0,,,30,12,2018,18,53,9,552.30,32.31,948.40,552.44
005,1075,1903,1604,0,,,30,12,2018,18,58,9,559.00,32.30,948.26,553.63
005,1059,1855,1579,0,,,30,12,2018,19,3,9,555.30,32.81,948.23,553.89
005,1075,1879,1589,0,,,30,12,2018,19,8,9,557.10,33.25,948.29,553.37
005,368,980,481,0,,,30,12,2018,19,13,9,553.60,34.20,948.24,553.85
005,1041,1856,1553,0,,,30,12,2018,19,18,9,557.80,36.45,948.16,554.53
005,1027,1836,1551,0,,,30,12,2018,19,23,9,562.40,35.17,948.07,555.27
005,1040,1831,1557,0,,,30,12,2018,19,28,9,562.40,35.09,947.95,556.40
005,1034,1815,1542,0,,,30,12,2018,19,33,9,562.60,32.54,947.84,557.34
005,1040,1799,1518,0,,,30,12,2018,19,38,9,565.10,31.77,947.81,557.59
005,1039,1779,1495,0,,,30,12,2018,19,43,9,558.70,32.62,947.64,559.11
005,1011,1771,1507,0,,,30,12,2018,19,48,9,557.10,32.54,947.65,559.00
005,991,1726,1470,0,,,30,12,2018,19,53,9,558.40,33.08,947.56,559.80
005,1000,1742,1483,0,,,30,12,2018,19,58,9,558.50,34.21,947.49,560.41
005,999,1724,1475,0,,,30,12,2018,20,3,9,555.90,34.02,947.37,561.47
005,970,1713,1428,0,,,30,12,2018,20,8,9,554.70,32.94,947.30,562.04
005,974,1691,1425,0,,,30,12,2018,20,13,9,555.60,33.30,947.23,562.70
005,17,14,28,0,,,30,12,2018,20,18,9,548.10,33.19,947.11,563.76
005,13,8,28,0,,,30,12,2018,20,23,9,554.70,33.61,947.08,564.02
005,11,8,27,0,,,30,12,2018,20,28,9,552.40,33.38,946.93,565.31
005,933,1635,1346,0,,,30,12,2018,20,33,9,552.90,32.57,946.89,565.72
005,913,1601,1340,0,,,30,12,2018,20,38,9,556.50,32.89,946.78,566.69
005,896,1575,1297,0,,,30,12,2018,20,43,9,553.00,32.25,946.77,566.74
005,871,1534,1269,0,,,30,12,2018,20,48,9,549.30,32.75,946.68,567.49
005,871,1520,1280,0,,,30,12,2018,20,53,9,552.20,32.84,946.65,567.76
005,21,41,56,0,,,30,12,2018,20,58,9,549.10,32.63,946.59,568.32
005,15,13,26,0,,,30,12,2018,21,3,9,555.30,30.99,946.39,570.06
005,11,8,34,0,,,30,12,2018,21,8,9,554.00,30.85,946.48,569.25
005,11,7,27,0,,,30,12,2018,21,13,9,554.80,31.23,946.42,569.79
005,10,7,30,0,,,30,12,2018,21,18,9,553.70,31.01,946.33,570.59
005,10,7,28,0,,,30,12,2018,21,23,9,547.40,30.85,946.33,570.64
005,10,7,26,0,,,30,12,2018,21,28,9,554.50,30.45,946.49,569.23
005,10,7,31,0,,,30,12,2018,21,33,9,555.60,30.32,946.44,569.68
005,10,7,27,0,,,30,12,2018,21,38,9,558.00,30.33,946.56,568.57
005,10,7,25,0,,,30,12,2018,21,43,9,556.50,31.09,946.49,569.19
005,10,7,27,0,,,30,12,2018,21,48,9,565.70,30.34,946.63,567.94
005,10,7,26,0,,,30,12,2018,21,53,9,554.70,30.43,946.62,568.10
005,10,7,25,0,,,30,12,2018,21,58,9,554.10,29.94,946.58,568.41
005,10,7,32,0,,,30,12,2018,22,3,9,553.80,30.05,946.65,567.82
005,10,7,26,0,,,30,12,2018,22,8,9,550.30,29.51,946.63,567.96
005,10,7,29,0,,,30,12,2018,22,13,9,550.10,29.37,946.61,568.15
005,10,7,26,0,,,30,12,2018,22,18,9,550.00,29.73,946.63,567.98
005,9,7,26,0,,,30,12,2018,22,23,9,546.30,29.27,946.61,568.10
005,10,7,25,0,,,30,12,2018,22,28,9,552.00,29.16,946.63,567.97
005,10,7,26,0,,,30,12,2018,22,33,9,545.30,29.11,946.77,566.75
005,10,7,27,7,,,30,12,2018,22,38,9,549.90,28.71,946.82,566.27
005,10,7,30,385,,,30,12,2018,22,43,9,552.00,27.99,946.80,566.49
005,9,7,27,0,,,30,12,2018,22,48,9,552.60,28.18,946.90,565.63
005,10,7,27,6,,,30,12,2018,22,53,9,549.10,27.93,946.98,564.89
005,9,7,27,0,,,30,12,2018,22,58,9,555.00,27.86,946.94,565.21
005,195,343,287,0,,,30,12,2018,23,3,9,556.60,27.75,947.14,563.44
005,175,284,235,0,,,30,12,2018,23,8,9,558.40,27.23,947.10,563.86
005,136,231,181,0,,,30,12,2018,23,13,9,555.30,26.51,947.18,563.11
005,150,222,147,0,,,31,12,2018,10,23,9,555.10,18.31,948.41,552.35
005,143,224,169,0,,,31,12,2018,10,28,9,552.00,18.95,948.47,551.82
005,177,283,199,0,,,31,12,2018,10,33,9,555.70,19.95,948.45,552.00
005,669,330,270,0,,,31,12,2018,10,38,9,557.70,20.92,948.51,551.40
005,707,389,314,0,,,31,12,2018,10,43,9,551.80,21.86,948.50,551.57
005,272,462,367,0,,,31,12,2018,10,48,9,556.50,22.89,948.52,551.38
005,940,511,412,0,,,31,12,2018,10,53,9,556.80,23.63,948.54,551.21
005,321,557,426,576,,,31,12,2018,10,58,9,548.50,24.35,948.45,551.93
005,358,609,495,420,,,31,12,2018,11,3,9,555.00,24.84,948.51,551.41
005,369,636,503,372,,,31,12,2018,11,8,9,560.90,25.18,948.51,551.46
005,403,707,557,0,,,31,12,2018,11,13,9,564.20,25.44,948.55,551.07
005,422,735,612,0,,,31,12,2018,11,18,9,558.40,26.03,948.52,551.34
005,439,787,615,0,,,31,12,2018,11,23,9,552.80,26.21,948.60,550.63
005,487,835,695,0,,,31,12,2018,11,28,9,558.60,26.99,948.61,550.59
005,482,864,602,0,,,31,12,2018,11,33,9,553.80,27.81,948.62,550.51
005,538,938,753,0,,,31,12,2018,11,38,9,559.00,27.84,948.64,550.29
005,483,893,755,0,,,31,12,2018,11,43,9,568.00,28.56,948.62,550.49
005,1442,1023,819,591,,,31,12,2018,11,48,9,561.00,29.51,948.56,550.98
005,1251,1044,776,780,,,31,12,2018,11,53,9,562.10,29.60,948.63,550.39
005,631,1176,882,799,,,31,12,2018,11,58,9,559.00,29.51,948.61,550.58
005,655,1137,945,293,,,31,12,2018,12,3,9,563.30,29.50,948.71,549.71
005,686,1189,960,613,,,31,12,2018,12,8,9,557.70,29.30,948.64,550.26
005,729,1227,999,1117,,,31,12,2018,12,13,9,560.10,29.01,948.66,550.12
005,723,1251,1004,367,,,31,12,2018,12,18,9,553.50,27.00,948.74,549.43
005,738,1283,1019,427,,,31,12,2018,12,23,9,557.50,26.35,948.70,549.75
005,775,1318,1088,199,,,31,12,2018,12,28,9,552.10,26.61,948.74,549.46
005,1297,1335,1094,262,,,31,12,2018,12,33,9,556.20,28.83,948.78,549.08
005,1730,1371,1118,349,,,31,12,2018,12,38,9,556.00,28.64,948.73,549.51
005,1767,1351,1111,411,,,31,12,2018,12,43,9,557.70,28.60,948.72,549.60
005,795,1395,1139,209,,,31,12,2018,12,48,9,557.00,28.97,948.69,549.85
005,779,1403,1140,113,,,31,12,2018,12,53,9,555.00,28.82,948.76,549.23
005,814,1443,1185,289,,,31,12,2018,12,58,9,558.00,28.86,948.66,550.14
005,835,1461,1207,100,,,31,12,2018,13,3,9,561.90,30.21,948.66,550.15
005,1729,1499,1216,347,,,31,12,2018,13,8,9,559.70,30.28,948.60,550.62
005,872,1528,1249,475,,,31,12,2018,13,13,9,560.90,29.90,948.66,550.11
005,888,1550,1279,372,,,31,12,2018,13,18,9,557.90,31.35,948.65,550.25
005,1776,1574,1287,841,,,31,12,2018,13,23,9,557.60,30.68,948.58,550.80
005,1860,1575,1320,7,,,31,12,2018,13,28,9,555.60,31.27,948.63,550.37
005,1703,1596,1346,40,,,31,12,2018,13,33,9,557.10,31.27,948.57,550.87
005,935,1615,1351,190,,,31,12,2018,13,38,9,554.00,31.66,948.53,551.29
005,919,1619,1363,34,,,31,12,2018,13,43,9,557.50,31.76,948.55,551.06
005,948,1623,1355,48,,,31,12,2018,13,48,9,556.10,31.38,948.62,550.52
005,2526,1665,1367,257,,,31,12,2018,13,53,9,558.90,33.63,948.67,550.05
005,2626,1698,1419,7,,,31,12,2018,13,58,9,559.00,32.88,948.67,550.04
005,2624,1719,1442,7,,,31,12,2018,14,3,9,556.30,32.77,948.62,550.47
005,1844,1728,1432,7,,,31,12,2018,14,8,9,552.00,31.64,948.65,550.22
005,1159,1719,1443,7,,,31,12,2018,14,13,9,551.60,32.34,948.56,551.01
005,1137,1696,1414,7,,,31,12,2018,14,18,9,551.60,33.01,948.54,551.15
005,1095,1671,1401,7,,,31,12,2018,14,23,9,552.10,31.70,948.51,551.45
005,1036,1665,1395,7,,,31,12,2018,14,28,9,556.00,31.01,948.51,551.48
005,1583,1679,1399,14,,,31,12,2018,14,33,9,554.30,30.16,948.42,552.22
005,1720,1698,1428,8,,,31,12,2018,14,38,9,558.00,32.89,948.44,552.10
005,2652,1703,1444,7,,,31,12,2018,14,43,9,557.00,33.16,948.45,551.95
005,994,1767,1476,7,,,31,12,2018,14,48,9,556.70,33.52,948.47,551.75
005,3107,1763,1491,7,,,31,12,2018,14,53,9,553.50,35.30,948.44,552.10
005,2929,1779,1487,7,,,31,12,2018,14,58,9,551.70,34.75,948.42,552.26
005,995,1760,1476,7,,,31,12,2018,15,3,9,556.10,34.87,948.44,552.03
005,1030,1784,1489,7,,,31,12,2018,15,8,9,553.60,35.17,948.44,552.03
005,1015,1784,1504,7,,,31,12,2018,15,13,9,550.70,32.40,948.40,552.41
005,1017,1760,1464,7,,,31,12,2018,15,18,9,552.20,32.93,948.40,552.40
005,2675,1758,1495,7,,,31,12,2018,15,23,9,553.70,32.40,948.40,552.43
005,2031,1794,1511,7,,,31,12,2018,15,28,9,554.60,32.23,948.36,552.74
005,1865,1783,1515,7,,,31,12,2018,15,33,9,554.70,33.53,948.31,553.21
005,2012,1811,1523,7,,,31,12,2018,15,38,9,558.90,33.60,948.31,553.18
005,2029,1832,1543,7,,,31,12,2018,15,43,9,557.10,34.05,948.27,553.53
005,1885,1859,1560,7,,,31,12,2018,15,48,9,557.10,32.13,948.31,553.23
005,1803,1879,1555,7,,,31,12,2018,15,53,9,557.80,33.08,948.20,554.19
005,2241,1875,1583,7,,,31,12,2018,15,58,9,558.20,33.92,948.12,554.90
005,2003,1895,1606,7,,,31,12,2018,16,3,9,556.00,33.88,948.16,554.49
005,1851,1905,1606,7,,,31,12,2018,16,8,9,560.30,32.42,948.03,555.67
005,2147,1911,1613,7,,,31,12,2018,16,13,9,554.70,31.90,948.08,555.18
005,2558,1912,1615,7,,,31,12,2018,16,18,9,557.70,31.48,948.04,555.61
005,1064,1894,1607,7,,,31,12,2018,16,23,9,553.70,30.70,948.03,555.68
005,2102,1930,1635,7,,,31,12,2018,16,28,9,556.10,32.79,947.90,556.82
005,2255,1944,1640,7,,,31,12,2018,16,33,9,560.40,31.84,947.90,556.78
005,2201,1952,1645,7,,,31,12,2018,16,38,9,561.60,31.52,947.81,557.60
005,1104,1927,1622,7,,,31,12,2018,16,43,9,556.60,31.84,947.80,557.68
005,1111,1937,1633,7,,,31,12,2018,16,48,9,554.10,31.38,947.87,557.04
005,1083,1922,1615,7,,,31,12,2018,16,53,9,557.70,31.01,947.70,558.60
005,1103,1955,1640,7,,,31,12,2018,16,58,9,553.90,30.97,947.72,558.40
005,1122,1939,1639,7,,,31,12,2018,17,3,9,551.30,31.58,947.73,558.33
005,1091,1942,1603,7,,,31,12,2018,17,8,9,553.60,32.51,947.61,559.34
005,1103,1939,1635,7,,,31,12,2018,17,13,9,553.00,31.63,947.44,560.80
005,1091,1907,1617,7,,,31,12,2018,17,18,9,558.50,32.39,947.65,558.96
005,1094,1933,1639,7,,,31,12,2018,17,23,9,555.90,33.80,947.56,559.77
005,1112,1976,1637,7,,,31,12,2018,17,28,9,553.70,32.47,947.56,559.76
005,1091,1924,1614,7,,,31,12,2018,17,33,9,558.40,32.54,947.58,559.60
005,1102,1927,1622,7,,,31,12,2018,17,38,9,556.90,32.65,947.58,559.57
005,1091,1907,1603,7,,,31,12,2018,17,43,9,552.10,32.35,947.54,560.00
005,1088,1926,1607,7,,,31,12,2018,17,48,9,557.10,30.89,947.57,559.67
005,1083,1851,1609,7,,,31,12,2018,17,53,9,556.90,32.55,947.64,559.09
005,1096,1921,1607,7,,,31,12,2018,17,58,9,553.30,33.22,947.56,559.77
005,1091,1911,1618,7,,,31,12,2018,18,3,9,559.00,32.86,947.58,559.63
005,1079,1889,1591,8,,,31,12,2018,18,8,9,556.40,33.53,947.52,560.12
005,1089,1921,1612,7,,,31,12,2018,18,13,9,554.60,33.53,947.47,560.54
005,1048,1889,1583,7,,,31,12,2018,18,18,9,550.30,32.99,947.44,560.86
005,1107,1913,1619,7,,,31,12,2018,18,23,9,544.40,32.35,947.35,561.63
005,1095,1923,1607,7,,,31,12,2018,18,28,9,556.00,33.09,947.40,561.22
005,1075,1903,1607,7,,,31,12,2018,18,33,9,557.60,33.78,947.21,562.88
005,1089,1906,1607,7,,,31,12,2018,18,38,9,549.20,32.97,947.27,562.37
005,1143,1891,1616,7,,,31,12,2018,18,43,9,551.20,32.54,947.22,562.75
005,1313,1905,1609,7,,,31,12,2018,18,48,9,552.70,31.97,946.97,564.95
005,1320,1890,1566,7,,,31,12,2018,18,53,9,555.70,32.63,947.10,563.81
005,1079,1879,1579,7,,,31,12,2018,18,58,9,543.60,33.87,947.12,563.69
005,1058,1863,1569,7,,,31,12,2018,19,3,9,547.70,33.08,946.92,565.40
005,1009,1844,1538,7,,,31,12,2018,19,8,9,547.40,33.60,946.90,565.61
005,1029,1821,1548,7,,,31,12,2018,19,13,9,563.70,33.22,946.79,566.60
005,1051,1836,1569,8,,,31,12,2018,19,18,9,552.40,32.38,946.69,567.41
005,1033,1806,1513,7,,,31,12,2018,19,23,9,559.70,32.87,946.67,567.61
005,1037,1795,1520,8,,,31,12,2018,19,28,9,553.20,32.71,946.60,568.19
005,1010,1785,1515,7,,,31,12,2018,19,33,9,553.20,32.62,946.53,568.89
005,1006,1777,1519,7,,,31,12,2018,19,38,9,556.80,32.31,946.48,569.24
005,1009,1761,1478,7,,,31,12,2018,19,43,9,553.80,32.89,946.42,569.81
005,1006,1720,1470,7,,,31,12,2018,19,48,9,556.60,33.07,946.39,570.08
005,976,1695,1443,7,,,31,12,2018,19,53,9,557.50,33.00,946.28,571.06
005,977,1683,1425,7,,,31,12,2018,19,58,9,560.50,32.33,946.22,571.53
005,966,1683,1419,7,,,31,12,2018,20,3,9,564.60,32.41,946.11,572.54
005,1097,1688,1423,7,,,31,12,2018,20,8,9,555.50,32.05,946.08,572.82
005,931,1660,1371,7,,,31,12,2018,20,13,9,551.50,32.34,945.99,573.63
005,16,14,25,7,,,31,12,2018,20,18,9,553.00,31.15,946.01,573.43
005,13,8,28,7,,,31,12,2018,20,23,9,550.50,31.70,945.92,574.20
005,11,8,27,7,,,31,12,2018,20,28,9,551.30,31.83,945.98,573.69
005,11,7,24,7,,,31,12,2018,20,33,9,555.50,30.91,945.89,574.48
005,11,7,24,7,,,31,12,2018,20,38,9,551.20,30.85,945.98,573.71
005,11,7,24,7,,,31,12,2018,20,43,9,552.10,30.35,945.86,574.74
005,11,7,23,7,,,31,12,2018,20,48,9,552.10,30.41,945.90,574.40
005,10,7,24,7,,,31,12,2018,20,53,9,561.80,30.18,945.76,575.65
005,45,186,275,7,,,31,12,2018,20,58,9,550.00,30.36,945.69,576.23
005,801,1440,1167,7,,,31,12,2018,21,3,9,555.10,30.71,945.77,575.49
005,14,12,29,7,,,31,12,2018,21,8,9,556.80,29.98,945.68,576.32
005,11,8,31,7,,,31,12,2018,21,13,9,552.80,29.73,945.38,578.99
005,10,7,31,7,,,31,12,2018,21,18,9,556.20,29.88,945.64,576.64
005,10,7,26,7,,,31,12,2018,21,23,9,559.50,30.30,945.73,575.87
005,13,7,25,7,,,31,12,2018,21,28,9,560.30,29.92,945.69,576.23
005,10,7,24,7,,,31,12,2018,21,33,9,562.20,29.66,945.63,576.76
005,10,7,26,7,,,31,12,2018,21,38,9,560.30,29.48,945.72,575.93
005,670,1191,979,7,,,31,12,2018,21,43,9,559.70,28.90,945.74,575.82
005,627,1129,919,7,,,31,12,2018,21,48,9,552.00,29.16,945.76,575.65
005,631,1091,888,7,,,31,12,2018,21,53,9,554.70,28.99,945.79,575.33
005,599,1067,871,7,,,31,12,2018,21,58,9,552.30,29.39,945.71,576.04
005,567,999,799,7,,,31,12,2018,22,3,9,547.60,29.27,945.93,574.13
005,545,946,782,7,,,31,12,2018,22,8,9,546.50,29.25,945.79,575.39
005,531,886,752,7,,,31,12,2018,22,13,9,552.70,29.45,945.93,574.11
005,487,841,696,7,,,31,12,2018,22,18,9,552.40,29.21,945.95,573.95
005,443,782,648,7,,,31,12,2018,22,23,9,552.90,28.80,945.92,574.23
005,421,749,618,7,,,31,12,2018,22,28,9,553.00,28.69,946.06,572.97
005,395,691,563,7,,,31,12,2018,22,33,9,558.70,28.91,945.96,573.82
005,358,619,502,7,,,31,12,2018,22,38,9,563.30,28.53,946.02,573.38
005,306,551,437,7,,,31,12,2018,22,43,9,563.90,28.23,946.11,572.54
005,302,494,420,8,,,31,12,2018,22,48,9,559.10,27.54,946.03,573.28
005,263,436,362,8,,,31,12,2018,22,53,9,555.60,27.18,946.23,571.51
005,251,380,294,7,,,31,12,2018,22,58,9,555.40,26.87,946.23,571.51
005,211,320,260,7,,,31,12,2018,23,3,9,557.40,26.42,946.26,571.25
005,149,269,224,7,,,31,12,2018,23,8,9,558.70,26.52,946.33,570.62
005,120,216,158,7,,,31,12,2018,23,13,9,557.30,26.44,946.35,570.42
005,119,150,148,455,,,1,1,2019,10,23,9,560.20,18.24,948.87,548.28
005,130,178,154,563,,,1,1,2019,10,28,9,556.30,19.11,948.93,547.72
005,138,219,176,583,,,1,1,2019,10,33,9,556.30,19.61,948.96,547.45
005,169,269,211,253,,,1,1,2019,10,38,9,554.90,20.20,948.94,547.65
005,189,301,227,9,,,1,1,2019,10,43,9,559.00,21.08,949.04,546.77
005,190,337,297,373,,,1,1,2019,10,48,9,554.10,21.56,949.04,546.76
005,246,406,306,297,,,1,1,2019,10,53,9,567.50,22.30,949.11,546.14
005,275,453,364,42,,,1,1,2019,10,58,9,556.50,23.00,949.12,546.12
005,278,491,382,191,,,1,1,2019,11,3,9,555.60,23.61,949.19,545.49
005,701,566,455,7,,,1,1,2019,11,8,9,545.90,23.90,949.22,545.23
005,354,606,497,7,,,1,1,2019,11,13,9,557.90,24.29,949.17,545.62
005,410,667,551,7,,,1,1,2019,11,18,9,562.70,24.98,949.30,544.50
005,441,711,583,7,,,1,1,2019,11,23,9,559.30,25.58,949.27,544.79
005,498,753,599,8,,,1,1,2019,11,28,9,560.90,25.81,949.28,544.67
005,624,802,660,7,,,1,1,2019,11,33,9,556.00,26.47,949.31,544.42
005,479,819,643,7,,,1,1,2019,11,38,9,571.80,27.09,949.33,544.24
005,498,881,719,7,,,1,1,2019,11,43,9,558.90,27.12,949.40,543.65
005,438,889,649,7,,,1,1,2019,11,48,9,565.40,27.02,949.41,543.56
005,567,969,798,7,,,1,1,2019,11,53,9,562.40,26.88,949.39,543.72
005,535,995,641,8,,,1,1,2019,11,58,9,562.90,24.44,949.41,543.55
005,610,1071,843,7,,,1,1,2019,12,3,9,555.50,25.34,949.41,543.53
005,622,1095,847,7,,,1,1,2019,12,8,9,556.30,25.44,949.30,544.52
005,642,1142,907,7,,,1,1,2019,12,13,9,561.30,26.90,949.21,545.29
005,642,1167,960,7,,,1,1,2019,12,18,9,553.60,27.44,949.17,545.66
005,600,1126,838,7,,,1,1,2019,12,23,9,553.70,27.44,949.17,545.62
005,708,1217,1026,7,,,1,1,2019,12,28,9,555.10,29.32,949.09,546.32
005,604,1116,960,7,,,1,1,2019,12,33,9,551.20,30.11,949.06,546.65
005,728,1299,1035,7,,,1,1,2019,12,38,9,562.30,29.44,948.95,547.54
005,765,1335,1103,7,,,1,1,2019,12,43,9,556.80,28.28,948.92,547.84
005,768,1303,1091,8,,,1,1,2019,12,48,9,559.40,29.40,948.95,547.62
005,779,1366,1141,7,,,1,1,2019,12,53,9,559.50,29.83,949.02,546.97
005,791,1383,1138,8,,,1,1,2019,12,58,9,557.10,29.37,949.01,547.06
005,800,1415,1147,7,,,1,1,2019,13,3,9,558.60,31.01,948.93,547.78
005,827,1447,1179,7,,,1,1,2019,13,8,9,560.40,31.11,948.82,548.72
005,847,1495,1218,8,,,1,1,2019,13,13,9,559.40,30.31,948.74,549.39
005,860,1504,1250,7,,,1,1,2019,13,18,9,559.90,31.54,948.66,550.11
005,875,1510,1255,7,,,1,1,2019,13,23,9,556.50,28.90,948.73,549.52
005,872,1527,1266,7,,,1,1,2019,13,28,9,554.10,28.73,948.66,550.15
005,876,1568,1286,7,,,1,1,2019,13,33,9,560.10,31.15,948.51,551.45
005,893,1545,1299,7,,,1,1,2019,13,38,9,553.50,32.04,948.49,551.65
005,912,1603,1361,7,,,1,1,2019,13,43,9,566.20,32.06,948.52,551.37
005,910,1607,1345,7,,,1,1,2019,13,48,9,564.40,32.30,948.53,551.23
005,947,1624,1377,7,,,1,1,2019,13,53,9,554.10,33.52,948.55,551.13
005,934,1670,1379,7,,,1,1,2019,13,58,9,550.40,34.50,948.54,551.18
005,971,1683,1411,7,,,1,1,2019,14,3,9,546.80,32.96,948.51,551.47
005,963,1712,1425,7,,,1,1,2019,14,8,9,551.10,32.88,948.46,551.86
005,962,1713,1440,7,,,1,1,2019,14,13,9,556.80,34.79,948.51,551.44
005,982,1731,1457,7,,,1,1,2019,14,18,9,551.70,35.90,948.50,551.49
005,983,1729,1464,7,,,1,1,2019,14,23,9,556.70,36.30,948.45,551.95
005,996,1750,1475,7,,,1,1,2019,14,28,9,550.70,34.98,948.40,552.44
005,993,1743,1503,7,,,1,1,2019,14,33,9,553.90,34.22,948.48,551.73
005,999,1764,1488,7,,,1,1,2019,14,38,9,555.80,35.42,948.38,552.56
005,1011,1768,1503,7,,,1,1,2019,14,43,9,550.60,36.12,948.33,553.02
005,999,1774,1491,7,,,1,1,2019,14,48,9,554.80,35.62,948.36,552.76
005,1008,1763,1504,7,,,1,1,2019,14,53,9,560.80,36.15,948.37,552.68
005,1027,1792,1514,7,,,1,1,2019,14,58,9,558.70,36.17,948.34,552.94
005,1041,1803,1519,8,,,1,1,2019,15,3,9,556.10,35.63,948.32,553.13
005,1030,1801,1513,7,,,1,1,2019,15,8,9,551.80,34.67,948.28,553.46
005,1027,1825,1523,7,,,1,1,2019,15,13,9,557.50,34.59,948.28,553.46
005,1038,1827,1544,7,,,1,1,2019,15,18,9,549.70,34.43,948.30,553.31
005,1059,1819,1539,7,,,1,1,2019,15,23,9,554.80,33.78,948.25,553.69
005,1039,1824,1543,7,,,1,1,2019,15,28,9,559.20,34.17,948.27,553.54
005,1014,1783,1491,7,,,1,1,2019,15,33,9,555.10,33.95,948.20,554.19
005,1021,1810,1529,7,,,1,1,2019,15,38,9,554.80,34.46,948.19,554.25
005,1035,1791,1513,8,,,1,1,2019,15,43,9,554.50,34.35,948.27,553.58
005,1019,1766,1479,7,,,1,1,2019,15,48,9,555.70,35.38,948.16,554.54
005,1015,1791,1519,7,,,1,1,2019,15,53,9,558.10,34.82,948.13,554.74
005,1015,1803,1535,7,,,1,1,2019,15,58,9,559.40,34.63,948.08,555.26
005,1030,1795,1517,8,,,1,1,2019,16,3,9,563.40,35.21,948.00,555.95
005,1031,1819,1527,7,,,1,1,2019,16,8,9,552.80,34.71,947.91,556.75
005,1052,1826,1508,7,,,1,1,2019,16,13,9,557.00,35.47,947.91,556.73
005,1047,1859,1561,8,,,1,1,2019,16,18,9,558.40,33.23,947.91,556.75
005,1057,1875,1556,7,,,1,1,2019,16,23,9,556.70,33.72,947.84,557.35
005,1046,1875,1573,7,,,1,1,2019,16,28,9,559.50,35.19,947.78,557.88
005,1073,1892,1577,7,,,1,1,2019,16,33,9,563.90,33.88,947.77,557.94
005,1087,1888,1602,7,,,1,1,2019,16,38,9,555.10,33.01,947.76,558.07
005,1089,1899,1592,7,,,1,1,2019,16,43,9,558.20,33.46,947.67,558.82
005,1080,1907,1603,7,,,1,1,2019,16,48,9,553.50,33.02,947.58,559.63
005,1079,1891,1599,7,,,1,1,2019,16,53,9,563.30,32.28,947.57,559.73
005,1079,1876,1583,8,,,1,1,2019,16,58,9,555.40,33.47,947.57,559.67
005,1083,1899,1616,7,,,1,1,2019,17,3,9,559.00,34.33,947.59,559.55
005,1073,1880,1603,8,,,1,1,2019,17,8,9,566.50,33.57,947.64,559.05
005,1079,1895,1577,8,,,1,1,2019,17,13,9,552.90,34.66,947.56,559.81
005,1090,1891,1617,7,,,1,1,2019,17,18,9,557.20,35.54,947.47,560.61
005,1099,1891,1632,7,,,1,1,2019,17,23,9,554.00,34.16,947.45,560.72
005,1088,1911,1624,7,,,1,1,2019,17,28,9,554.40,33.27,947.48,560.45
005,1113,1895,1634,7,,,1,1,2019,17,33,9,553.60,33.01,947.52,560.14
005,1091,1896,1623,7,,,1,1,2019,17,38,9,553.90,34.47,947.40,561.20
005,1088,1907,1605,7,,,1,1,2019,17,43,9,553.50,33.01,947.40,561.18
005,1081,1920,1601,7,,,1,1,2019,17,48,9,555.80,33.79,947.35,561.67
005,1079,1904,1570,7,,,1,1,2019,17,53,9,556.30,32.36,947.34,561.76
005,1086,1907,1603,7,,,1,1,2019,17,58,9,557.30,33.13,947.29,562.15
005,1095,1911,1600,7,,,1,1,2019,18,3,9,559.50,34.01,947.18,563.11
005,1084,1897,1595,7,,,1,1,2019,18,8,9,556.50,33.57,947.20,562.99
005,1081,1909,1587,7,,,1,1,2019,18,13,9,552.70,33.32,947.07,564.09
005,1072,1876,1586,7,,,1,1,2019,18,18,9,558.10,32.81,947.07,564.08
005,1088,1883,1595,8,,,1,1,2019,18,23,9,554.10,32.83,947.06,564.22
005,1076,1885,1564,8,,,1,1,2019,18,28,9,554.40,33.48,946.97,564.98
005,1076,1888,1598,7,,,1,1,2019,18,33,9,561.50,34.14,946.95,565.20
005,1075,1863,1603,7,,,1,1,2019,18,38,9,552.60,33.91,946.92,565.44
005,1071,1864,1571,7,,,1,1,2019,18,43,9,550.90,33.74,946.78,566.65
005,1062,1855,1569,7,,,1,1,2019,18,48,9,550.80,35.04,946.79,566.53
005,1059,1857,1569,7,,,1,1,2019,18,53,9,552.60,33.29,946.82,566.29
005,1059,1857,1555,8,,,1,1,2019,18,58,9,551.30,33.34,946.85,566.07
005,1036,1820,1535,7,,,1,1,2019,19,3,9,549.90,33.66,946.72,567.16
005,1043,1795,1553,7,,,1,1,2019,19,8,9,554.20,35.05,946.56,568.58
005,1031,1791,1528,7,,,1,1,2019,19,13,9,557.70,34.25,946.66,567.73
005,1020,1799,1524,7,,,1,1,2019,19,18,9,563.10,33.07,946.58,568.45
005,1011,1767,1505,7,,,1,1,2019,19,23,9,562.50,33.92,946.48,569.32
005,971,1753,1483,7,,,1,1,2019,19,28,9,562.10,33.60,946.41,569.90
005,1014,1763,1489,8,,,1,1,2019,19,33,9,560.10,34.96,946.34,570.54
005,1003,1739,1483,7,,,1,1,2019,19,38,9,555.80,33.48,946.31,570.75
005,1008,1755,1474,7,,,1,1,2019,19,43,9,555.00,32.22,946.26,571.21
005,961,1691,1440,7,,,1,1,2019,19,48,9,557.60,33.54,946.29,570.93
005,983,1713,1431,7,,,1,1,2019,19,53,9,558.20,33.52,946.18,571.89
005,958,1683,1431,7,,,1,1,2019,19,58,9,560.80,33.02,946.22,571.58
005,940,1628,1371,7,,,1,1,2019,20,3,9,555.20,33.37,946.11,572.56
005,935,1639,1395,8,,,1,1,2019,20,8,9,557.90,33.91,946.10,572.63
005,891,1582,1314,7,,,1,1,2019,20,13,9,555.10,33.36,946.16,572.06
005,913,1584,1329,7,,,1,1,2019,20,18,9,553.70,33.30,946.10,572.62
005,894,1576,1312,8,,,1,1,2019,20,23,9,557.50,33.58,946.05,573.04
005,859,1536,1284,7,,,1,1,2019,20,28,9,555.80,33.72,945.91,574.29
005,846,1512,1227,7,,,1,1,2019,20,38,9,554.00,33.56,945.94,574.06
005,851,1488,1204,7,,,1,1,2019,20,43,9,551.20,33.00,945.74,575.76
005,809,1427,1177,7,,,1,1,2019,20,48,9,557.40,32.44,945.79,575.39
005,796,1408,1171,7,,,1,1,2019,20,53,9,549.10,32.45,945.96,573.86
005,787,1410,1187,7,,,1,1,2019,20,58,9,552.80,32.39,945.90,574.37
005,779,1378,1113,7,,,1,1,2019,21,3,9,555.70,32.45,945.90,574.38
005,760,1323,1095,7,,,1,1,2019,21,8,9,556.20,32.46,945.93,574.16
005,725,1273,1077,7,,,1,1,2019,21,13,9,555.50,31.78,945.83,575.02
005,727,1265,1047,7,,,1,1,2019,21,18,9,555.90,32.50,945.97,573.75
005,689,1219,1000,7,,,1,1,2019,21,23,9,556.00,32.80,946.03,573.25
005,679,1173,969,7,,,1,1,2019,21,28,9,556.10,32.96,946.03,573.28
005,643,1149,924,7,,,1,1,2019,21,33,9,564.70,32.65,946.07,572.92
005,623,1091,910,7,,,1,1,2019,21,38,9,560.60,31.63,946.01,573.46
005,610,1032,891,7,,,1,1,2019,21,43,9,552.70,31.54,945.98,573.65
005,605,1040,824,7,,,1,1,2019,21,48,9,552.40,31.73,946.03,573.27
005,563,982,819,7,,,1,1,2019,21,53,9,551.10,31.58,946.06,573.01
005,531,953,730,7,,,1,1,2019,21,58,9,555.10,31.56,945.91,574.26
005,515,897,744,7,,,1,1,2019,22,3,9,551.10,30.81,945.84,574.91
005,502,859,722,8,,,1,1,2019,22,8,9,555.40,30.95,946.03,573.24
005,472,815,647,7,,,1,1,2019,22,13,9,556.70,30.71,946.07,572.87
005,403,677,570,7,,,1,1,2019,22,18,9,556.70,29.85,946.03,573.23
005,356,643,435,7,,,1,1,2019,22,23,9,550.60,29.63,946.19,571.81
005,345,587,478,7,,,1,1,2019,22,28,9,553.80,29.66,946.20,571.75
005,333,583,464,7,,,1,1,2019,22,33,9,547.10,30.19,946.32,570.65
005,287,497,390,7,,,1,1,2019,22,38,9,557.70,29.60,946.26,571.23
005,251,427,355,7,,,1,1,2019,22,43,9,552.00,29.32,946.29,570.97
005,241,420,326,7,,,1,1,2019,22,48,9,552.00,29.22,946.28,571.05
005,190,337,255,8,,,1,1,2019,22,53,9,552.10,28.62,946.21,571.64
005,175,302,251,7,,,1,1,2019,22,58,9,547.90,28.36,946.42,569.80
005,140,251,203,7,,,1,1,2019,23,3,9,556.10,28.40,946.45,569.52
005,108,213,175,7,,,1,1,2019,23,8,9,554.80,28.25,946.55,568.67
005,106,179,153,7,,,1,1,2019,23,13,9,552.10,28.29,946.68,567.55
005,136,190,150,0,,,2,1,2019,10,23,9,532.40,18.55,949.42,543.42
005,134,220,186,0,,,2,1,2019,10,28,9,553.40,19.06,949.36,543.94
005,170,271,207,0,,,2,1,2019,10,33,9,541.20,20.02,949.43,543.37
005,183,305,255,0,,,2,1,2019,10,38,9,564.80,20.98,949.51,542.65
005,219,382,318,518,,,2,1,2019,10,43,9,572.30,21.64,949.51,542.64
005,266,436,353,468,,,2,1,2019,10,48,9,566.40,22.34,949.64,541.54
005,266,462,380,480,,,2,1,2019,10,53,9,561.10,22.27,949.64,541.48
005,308,516,427,429,,,2,1,2019,10,58,9,555.00,22.97,949.76,540.50
005,342,583,478,81,,,2,1,2019,11,3,9,561.40,23.18,949.85,539.68
005,389,651,514,7,,,2,1,2019,11,8,9,556.20,22.74,949.84,539.79
005,395,690,546,7,,,2,1,2019,11,13,9,557.90,21.93,949.86,539.55
005,444,739,583,7,,,2,1,2019,11,18,9,559.80,22.72,949.94,538.92
005,462,792,623,202,,,2,1,2019,11,23,9,562.30,23.47,949.96,538.68
005,491,847,672,280,,,2,1,2019,11,28,9,554.00,23.70,949.95,538.84
005,519,880,710,347,,,2,1,2019,11,33,9,561.60,24.99,949.97,538.65
005,538,914,743,430,,,2,1,2019,11,38,9,556.70,25.02,949.93,538.96
005,567,988,776,215,,,2,1,2019,11,43,9,559.70,25.43,949.92,539.02
005,688,1015,803,152,,,2,1,2019,11,48,9,565.90,25.88,950.01,538.31
005,687,1031,816,7,,,2,1,2019,11,53,9,559.90,26.29,949.94,538.91
005,931,1080,856,7,,,2,1,2019,11,58,9,555.20,27.47,950.02,538.22
005,1519,1110,903,7,,,2,1,2019,12,3,9,549.80,28.10,949.93,539.02
005,1568,1144,923,8,,,2,1,2019,12,8,9,552.90,28.65,950.04,538.00
005,1113,1155,931,7,,,2,1,2019,12,13,9,553.40,29.58,950.11,537.40
005,1023,1192,889,7,,,2,1,2019,12,18,9,558.70,28.40,950.01,538.27
005,2063,1191,974,7,,,2,1,2019,12,23,9,555.50,27.16,950.09,537.56
005,1050,1224,961,7,,,2,1,2019,12,28,9,553.30,27.66,950.08,537.69
005,736,1265,1027,7,,,2,1,2019,12,33,9,557.30,26.78,950.15,537.08
005,1851,1283,1036,8,,,2,1,2019,12,38,9,560.00,25.51,950.17,536.89
005,1513,1344,1069,7,,,2,1,2019,12,43,9,556.80,26.94,950.21,536.53
005,2080,1359,1102,7,,,2,1,2019,12,48,9,558.60,27.28,950.21,536.55
005,802,1351,1104,7,,,2,1,2019,12,53,9,556.50,27.68,950.20,536.65
005,807,1424,1141,7,,,2,1,2019,12,58,9,557.00,28.76,950.22,536.39
005,805,1427,1171,7,,,2,1,2019,13,3,9,563.10,28.27,950.14,537.17
005,839,1463,1208,7,,,2,1,2019,13,8,9,553.90,28.19,950.14,537.10
005,832,1489,1201,7,,,2,1,2019,13,13,9,553.90,29.20,950.13,537.22
005,826,1510,1219,7,,,2,1,2019,13,18,9,552.70,29.81,950.16,536.95
005,3575,1511,1223,7,,,2,1,2019,13,23,9,559.40,30.29,950.18,536.75
005,871,1507,1233,7,,,2,1,2019,13,28,9,558.00,30.34,950.13,537.18
005,872,1523,1273,7,,,2,1,2019,13,33,9,558.70,31.55,950.14,537.17
005,864,1515,1278,7,,,2,1,2019,13,38,9,556.30,29.23,950.12,537.35
005,898,1543,1284,7,,,2,1,2019,13,43,9,552.50,29.23,950.16,536.96
005,922,1569,1299,7,,,2,1,2019,13,48,9,545.20,30.10,950.11,537.38
005,2184,1598,1327,7,,,2,1,2019,13,53,9,556.40,30.61,950.05,537.91
005,931,1623,1356,7,,,2,1,2019,13,58,9,550.70,32.01,949.97,538.59
005,3609,1632,1353,7,,,2,1,2019,14,3,9,552.70,33.59,949.91,539.11
005,3436,1619,1357,7,,,2,1,2019,14,8,9,554.70,33.48,949.93,538.95
005,1544,1654,1376,7,,,2,1,2019,14,13,9,556.70,32.35,949.98,538.55
005,3451,1663,1412,7,,,2,1,2019,14,18,9,552.60,33.42,949.86,539.58
005,3229,1687,1390,7,,,2,1,2019,14,23,9,549.10,33.04,949.80,540.11
005,970,1687,1416,7,,,2,1,2019,14,28,9,549.00,33.29,949.75,540.52
005,971,1699,1447,7,,,2,1,2019,14,33,9,552.30,34.18,949.79,540.19
005,2963,1702,1442,7,,,2,1,2019,14,38,9,551.30,34.96,949.72,540.84
005,1758,1715,1423,7,,,2,1,2019,14,43,9,549.80,32.47,949.81,540.05
005,1075,1745,1459,7,,,2,1,2019,14,48,9,540.10,32.66,949.66,541.32
005,1006,1747,1470,7,,,2,1,2019,14,53,9,557.40,32.67,949.72,540.79
005,1763,1767,1489,7,,,2,1,2019,14,58,9,562.10,33.03,949.69,541.04
005,1920,1776,1479,7,,,2,1,2019,15,3,9,557.40,33.29,949.62,541.74
005,2115,1777,1483,7,,,2,1,2019,15,8,9,555.20,31.63,949.73,540.70
005,2023,1795,1504,8,,,2,1,2019,15,13,9,550.80,33.27,949.65,541.40
005,2391,1793,1515,7,,,2,1,2019,15,18,9,563.10,32.31,949.58,542.01
005,1043,1824,1522,8,,,2,1,2019,15,23,9,558.20,32.85,949.65,541.45
005,1035,1826,1535,7,,,2,1,2019,15,28,9,558.20,33.17,949.55,542.27
005,3315,1816,1535,7,,,2,1,2019,15,33,9,556.40,34.98,949.51,542.62
005,2755,1830,1523,7,,,2,1,2019,15,38,9,558.50,34.57,949.39,543.71
005,1971,1844,1550,7,,,2,1,2019,15,43,9,553.60,32.13,949.53,542.47
005,2142,1827,1539,7,,,2,1,2019,15,48,9,560.20,32.93,949.49,542.80
005,1849,1858,1559,8,,,2,1,2019,15,53,9,558.20,35.25,949.45,543.15
005,1603,1728,1485,7,,,2,1,2019,15,58,9,563.00,34.53,949.44,543.29
005,1271,1564,1286,7,,,2,1,2019,16,3,9,553.80,35.03,949.34,544.13
005,1246,1476,1223,7,,,2,1,2019,16,8,9,552.30,34.01,949.35,544.04
005,1404,479,387,8,,,2,1,2019,16,13,9,556.30,32.15,949.44,543.30
005,1497,461,371,7,,,2,1,2019,16,18,9,562.90,30.97,949.38,543.79
005,1351,459,354,7,,,2,1,2019,16,23,9,555.60,30.50,949.36,543.95
005,503,846,712,7,,,2,1,2019,16,28,9,561.90,30.57,949.34,544.16
005,679,1175,987,7,,,2,1,2019,16,33,9,555.10,32.11,949.30,544.51
005,526,977,780,7,,,2,1,2019,16,38,9,558.10,31.62,949.31,544.39
005,1159,1417,1136,7,,,2,1,2019,16,43,9,555.10,32.15,949.28,544.72
005,1410,1073,835,7,,,2,1,2019,16,48,9,555.60,31.65,949.23,545.13
005,821,752,594,7,,,2,1,2019,16,53,9,551.80,32.51,949.18,545.53
005,1248,1125,862,7,,,2,1,2019,16,58,9,558.30,32.29,949.18,545.57
005,1297,846,676,7,,,2,1,2019,17,3,9,566.90,32.07,949.08,546.44
005,1257,990,762,7,,,2,1,2019,17,8,9,557.60,32.43,948.99,547.26
005,1326,999,759,7,,,2,1,2019,17,13,9,557.50,32.89,948.99,547.26
005,1581,1185,993,7,,,2,1,2019,17,18,9,556.40,32.69,948.94,547.62
005,1415,1313,1095,7,,,2,1,2019,17,23,9,557.60,33.71,948.97,547.42
005,1147,1436,1251,7,,,2,1,2019,17,28,9,559.50,33.42,948.92,547.83
005,1379,1713,1456,7,,,2,1,2019,17,33,9,557.70,34.81,948.82,548.68
005,1040,1811,1539,8,,,2,1,2019,17,38,9,556.90,33.87,948.92,547.83
005,996,1713,1440,7,,,2,1,2019,17,43,9,560.60,33.08,948.88,548.22
005,943,1659,1392,7,,,2,1,2019,17,48,9,559.90,33.40,948.85,548.44
005,937,1710,1425,7,,,2,1,2019,17,53,9,556.50,34.78,948.83,548.65
005,1055,1824,1542,8,,,2,1,2019,17,58,9,559.20,34.07,948.80,548.90
005,1052,1841,1553,7,,,2,1,2019,18,3,9,558.40,34.45,948.79,549.02
005,1039,1811,1543,7,,,2,1,2019,18,8,9,546.90,34.69,948.80,548.88
005,1041,1811,1535,7,,,2,1,2019,18,13,9,554.20,34.99,948.70,549.77
005,1003,1728,1474,7,,,2,1,2019,18,18,9,550.50,35.67,948.74,549.38
005,785,1379,1171,7,,,2,1,2019,18,23,9,547.60,35.69,948.64,550.30
005,946,1651,1385,7,,,2,1,2019,18,27,37,550.20,35.78,948.68,549.97
005,900,1592,1313,7,,,2,1,2019,18,33,9,549.20,35.15,948.61,550.53
005,961,1661,1368,7,,,2,1,2019,18,38,9,550.00,34.18,948.65,550.24
005,792,1377,1157,7,,,2,1,2019,18,43,9,549.80,34.59,948.53,551.25
005,899,1523,1313,7,,,2,1,2019,18,48,9,556.00,35.38,948.55,551.13
005,971,1676,1414,7,,,2,1,2019,18,53,9,555.10,34.23,948.49,551.57
005,935,1584,1370,7,,,2,1,2019,18,58,9,542.50,34.14,948.51,551.41
005,928,1601,1363,7,,,2,1,2019,19,3,9,557.80,34.19,948.50,551.56
005,811,1443,1193,7,,,2,1,2019,19,8,9,555.40,34.79,948.38,552.62
005,482,849,705,7,,,2,1,2019,19,13,9,566.30,34.57,948.24,553.83
005,311,529,437,7,,,2,1,2019,19,18,9,571.40,33.60,948.13,554.81
005,273,521,361,7,,,2,1,2019,19,23,9,569.70,33.38,948.07,555.32
005,445,767,598,7,,,2,1,2019,19,28,9,559.00,32.69,947.99,556.02
005,401,722,566,8,,,2,1,2019,19,33,9,559.50,34.03,947.96,556.30
005,430,483,366,7,,,2,1,2019,19,38,9,554.90,33.83,947.94,556.47
005,369,676,535,7,,,2,1,2019,19,43,9,561.90,33.47,947.90,556.81
005,398,629,607,8,,,2,1,2019,19,48,9,562.70,32.81,947.85,557.26
005,510,897,728,7,,,2,1,2019,19,53,9,553.20,32.46,947.77,557.93
005,214,386,319,7,,,2,1,2019,19,58,9,556.20,32.38,947.80,557.64
005,265,221,169,7,,,2,1,2019,20,3,9,558.10,32.18,947.76,558.03
