006,74,4025,3489,9,,,30,11,2018,15,2,54,,21.02,953.19,510.46
006,25,4095,23,7,,,3,12,2018,12,21,10,559.40,17.81,951.15,528.25
006,1163,1289,1308,859,,,3,12,2018,12,33,11,555.20,,,
006,1187,1326,1310,864,,,3,12,2018,12,38,11,551.00,,,
006,4095,4095,4095,4095,,,3,12,2018,12,43,11,550.10,,,
006,37,7,29,7,,,3,12,2018,12,48,11,557.20,,,
006,13,0,0,0,,,3,12,2018,12,53,11,563.70,,,
006,13,0,0,0,,,3,12,2018,12,58,11,560.10,,,
006,13,0,0,0,,,3,12,2018,13,3,11,563.70,,,
006,4095,4095,4095,4095,,,3,12,2018,13,8,11,564.60,,,
006,4095,4095,4095,4095,,,3,12,2018,13,13,11,563.50,,,
006,4095,4095,4095,4095,,,3,12,2018,13,18,11,562.30,,,
006,4095,4095,4095,4095,,,3,12,2018,13,23,11,559.40,,,
006,4095,4095,4095,4095,,,3,12,2018,13,28,11,557.50,,,
006,4095,4095,4095,4095,,,3,12,2018,13,33,11,563.10,,,
006,4095,4095,4095,4095,,,3,12,2018,13,38,11,562.40,,,
006,4095,4095,4095,4095,,,3,12,2018,13,43,11,561.40,,,
006,4095,4095,4095,4095,,,3,12,2018,13,48,11,562.90,,,
006,4095,4095,4095,4095,,,3,12,2018,13,53,11,555.20,,,
006,4095,4095,4095,4095,,,3,12,2018,13,58,11,554.70,,,
006,4095,4095,4095,4095,,,3,12,2018,14,3,11,554.40,,,
006,4095,4095,4095,4095,,,3,12,2018,14,8,11,552.30,,,
006,4095,4095,4095,4095,,,3,12,2018,14,13,11,554.90,,,
006,4095,4095,4095,4095,,,3,12,2018,14,18,11,552.60,,,
006,4095,4095,4095,4095,,,3,12,2018,14,23,11,553.50,,,
006,4095,4095,4095,4095,,,3,12,2018,14,28,11,552.50,,,
006,4095,4095,4095,4095,,,3,12,2018,14,33,11,552.70,,,
006,4095,4095,4095,4095,,,3,12,2018,14,38,11,556.00,,,
006,4095,4095,4095,4095,,,3,12,2018,14,43,11,550.50,,,
006,4095,4095,4095,4095,,,3,12,2018,14,48,11,552.20,,,
006,4095,4095,4095,4095,,,3,12,2018,14,53,11,553.30,,,
006,4095,4095,4095,4095,,,3,12,2018,14,58,11,551.50,,,
006,4095,4095,4095,4095,,,3,12,2018,15,3,11,557.10,,,
006,4095,4095,4095,4095,,,3,12,2018,15,8,11,562.30,,,
006,4095,4095,4095,4095,,,3,12,2018,15,13,11,553.70,,,
006,4095,4095,4095,4095,,,3,12,2018,15,18,11,557.00,,,
006,4095,4095,4095,4095,,,3,12,2018,15,23,11,556.70,,,
006,4095,4095,4095,4095,,,3,12,2018,15,28,11,555.70,,,
006,4095,4095,4095,4095,,,3,12,2018,15,33,11,553.40,,,
006,4095,4095,4095,4095,,,3,12,2018,15,38,11,565.90,,,
006,4095,4095,4095,4095,,,3,12,2018,15,43,11,558.20,,,
006,4095,4095,4095,4095,,,3,12,2018,15,48,11,561.90,,,
006,4095,4095,4095,4095,,,3,12,2018,15,53,11,556.10,,,
006,4095,4095,4095,4095,,,3,12,2018,15,58,11,563.30,,,
006,4095,4095,4095,4095,,,3,12,2018,16,3,11,547.70,,,
006,4095,4095,4095,4095,,,3,12,2018,16,8,11,546.70,,,
006,4095,4095,4095,4095,,,3,12,2018,16,13,11,550.40,,,
006,4095,4095,4095,4095,,,3,12,2018,16,18,11,548.60,,,
006,4095,4095,4095,4095,,,3,12,2018,16,23,11,549.60,,,
006,4095,4095,4095,4095,,,3,12,2018,16,28,11,552.90,,,
006,4095,4095,4095,4095,,,3,12,2018,16,33,11,555.10,,,
006,4095,4095,4095,4095,,,3,12,2018,16,38,11,546.40,,,
006,4095,4095,4095,4095,,,3,12,2018,16,43,11,551.40,,,
006,4095,4095,4095,4095,,,3,12,2018,16,48,11,548.60,,,
006,4095,4095,4095,4095,,,3,12,2018,16,53,11,550.20,,,
006,4095,4095,4095,4095,,,3,12,2018,16,58,11,549.00,,,
006,4095,4095,4095,4095,,,3,12,2018,17,3,11,552.60,,,
006,4095,4095,4095,4095,,,3,12,2018,17,8,11,553.40,,,
006,4095,4095,4095,4095,,,3,12,2018,17,13,11,552.70,,,
006,4095,4095,4095,4095,,,3,12,2018,17,18,11,562.70,,,
006,4095,4095,4095,4095,,,3,12,2018,17,23,11,562.60,,,
006,4095,4095,4095,4095,,,3,12,2018,17,28,11,553.50,,,
006,4095,4095,4095,4095,,,3,12,2018,17,33,11,551.90,,,
006,4095,4095,4095,4095,,,3,12,2018,17,38,11,550.40,,,
006,4095,4095,4095,4095,,,3,12,2018,17,43,11,552.20,,,
006,4095,4095,4095,4095,,,3,12,2018,17,48,11,555.00,,,
006,4095,4095,4095,4095,,,3,12,2018,17,53,11,552.60,,,
006,4095,4095,4095,4095,,,3,12,2018,17,58,11,562.20,,,
006,4095,4095,4095,4095,,,3,12,2018,18,3,11,559.90,,,
006,4095,4095,4095,4095,,,3,12,2018,18,8,11,566.20,,,
006,4095,4095,4095,4095,,,3,12,2018,18,13,11,556.00,,,
006,4095,4095,4095,4095,,,3,12,2018,18,18,11,554.20,,,
006,4095,4095,4095,4095,,,3,12,2018,18,23,11,556.60,,,
006,4095,4095,4095,4095,,,3,12,2018,18,28,11,555.10,,,
006,4095,4095,4095,4095,,,3,12,2018,18,33,11,554.60, NAN, NAN, NAN
006,1635,1668,1748,1126,,,3,12,2018,18,39,11,556.40,25.08,949.25,544.93
006,1619,1767,1767,1132,,,3,12,2018,19,29,55,554.90,24.66,948.95,547.60
006,1571,1770,1711,1191,,,3,12,2018,19,33,26,555.60,25.23,948.89,548.08
006,1607,1815,1753,1159,,,3,12,2018,19,38,11,556.70,24.46,948.88,548.15
006,894,988,985,752,,,3,12,2018,19,43,11,559.20,25.03,948.85,548.44
006,673,753,736,489,,,3,12,2018,19,48,11,558.60,24.12,948.74,549.39
006,1283,1436,1408,969,,,3,12,2018,19,53,11,556.10,24.80,948.82,548.72
006,697,777,770,476,,,3,12,2018,19,58,11,554.00,24.79,948.75,549.37
006,1447,1660,1663,1079,,,3,12,2018,20,3,11,557.80,24.96,948.81,548.77
006,805,879,899,551,,,3,12,2018,20,8,11,559.60,25.44,948.84,548.58
006,1215,1251,1345,787,,,3,12,2018,20,13,11,556.50,24.85,948.64,550.26
006,650,743,734,310,,,3,12,2018,20,18,11,554.00,24.21,948.67,550.01
006,1120,1225,1143,739,,,3,12,2018,20,23,11,553.30,24.08,948.71,549.70
006,1056,1105,1120,697,,,3,12,2018,20,28,11,551.80,23.84,948.62,550.45
006,1184,1296,1262,856,,,3,12,2018,20,33,11,552.70,23.90,948.68,549.92
006,1148,1345,1287,846,,,3,12,2018,20,38,11,551.30,25.80,948.66,550.14
006,769,694,711,575,,,3,12,2018,20,43,11,550.50,25.01,948.71,549.72
006,899,1036,960,660,,,3,12,2018,20,48,11,547.70,24.16,948.68,549.92
006,748,802,788,531,,,3,12,2018,20,53,11,550.80,23.04,948.65,550.25
006,205,266,214,172,,,3,12,2018,20,58,11,550.30,22.34,948.66,550.10
006,1091,1228,1187,757,,,3,12,2018,21,3,11,558.70,24.03,948.60,550.69
006,163,206,203,109,,,3,12,2018,21,8,11,556.40,22.61,948.69,549.88
006,354,430,353,353,,,3,12,2018,21,13,11,554.40,22.34,948.72,549.60
006,119,163,132,135,,,3,12,2018,21,18,11,555.80,21.89,948.81,548.77
006,160,189,175,114,,,3,12,2018,21,23,11,565.90,21.45,948.64,550.30
006,199,247,238,136,,,3,12,2018,21,28,11,559.80,21.33,948.63,550.38
006,471,510,489,334,,,3,12,2018,21,33,11,558.20,22.39,948.68,549.99
006,282,329,309,203,,,3,12,2018,21,38,11,558.60,21.71,948.75,549.33
006,324,346,312,223,,,3,12,2018,21,43,11,557.00,21.21,948.78,549.05
006,106,108,127,93,,,3,12,2018,21,48,11,556.60,20.26,948.74,549.38
006,113,112,117,87,,,3,12,2018,21,53,11,554.70,19.85,948.78,549.09
006,46,53,80,36,,,3,12,2018,21,58,11,551.10,19.48,948.78,549.09
006,120,157,132,104,,,3,12,2018,22,3,11,553.30,19.64,948.78,549.04
006,28,8,43,8,,,3,12,2018,22,8,11,555.30,19.13,948.71,549.69
006,32,20,46,12,,,3,12,2018,22,13,11,558.50,19.23,948.75,549.37
006,31,8,47,9,,,3,12,2018,22,18,11,554.70,19.18,948.68,549.97
006,34,10,45,9,,,3,12,2018,22,23,11,553.20,18.89,948.78,549.09
006,29,8,40,8,,,3,12,2018,22,28,11,551.50,18.78,948.87,548.30
006,34,16,41,11,,,3,12,2018,22,33,11,554.00,18.97,948.80,548.88
006,26,8,43,9,,,3,12,2018,22,38,11,550.30,18.79,948.86,548.37
006,36,26,49,18,,,3,12,2018,22,43,11,554.90,18.51,949.05,546.67
006,28,9,49,9,,,3,12,2018,22,48,11,555.40,18.56,948.95,547.60
006,32,11,45,9,,,3,12,2018,22,53,11,557.10,18.32,948.95,547.62
006,39,16,56,10,,,3,12,2018,22,58,11,558.70,18.10,948.89,548.11
006,27,8,50,8,,,4,12,2018,10,13,11,561.40,11.42,950.66,532.62
006,28,8,51,9,,,4,12,2018,10,18,11,555.60,11.47,950.78,531.49
006,27,8,62,8,,,4,12,2018,10,23,11,555.90,11.46,950.84,531.03
006,29,8,60,8,,,4,12,2018,10,28,11,559.70,11.46,950.94,530.10
006,29,8,55,9,,,4,12,2018,10,33,11,562.80,11.54,950.98,529.73
006,31,8,53,9,,,4,12,2018,10,38,11,566.80,11.60,951.07,529.00
006,35,8,51,9,,,4,12,2018,10,43,11,564.00,11.60,951.12,528.57
006,31,8,70,8,,,4,12,2018,10,48,11,561.20,11.66,951.14,528.35
006,30,8,67,9,,,4,12,2018,10,53,11,557.60,11.70,951.21,527.74
006,40,8,47,8,,,4,12,2018,10,58,11,561.80,11.63,951.33,526.67
006,33,8,64,8,,,4,12,2018,11,3,11,558.80,11.62,951.30,526.95
006,30,8,55,8,,,4,12,2018,11,8,11,564.10,11.65,951.18,527.99
006,27,8,50,8,,,4,12,2018,11,13,11,563.40,11.64,951.16,528.17
006,31,8,51,8,,,4,12,2018,11,18,11,559.10,11.66,951.22,527.68
006,28,8,47,8,,,4,12,2018,11,23,11,559.60,11.73,951.28,527.14
006,31,8,66,8,,,4,12,2018,11,28,11,561.40,11.65,951.42,525.88
006,28,8,54,9,,,4,12,2018,11,33,11,563.20,11.66,951.47,525.44
006,27,8,53,8,,,4,12,2018,11,38,11,561.80,11.80,951.52,525.02
006,30,8,49,8,,,4,12,2018,11,43,11,563.60,11.85,951.47,525.51
006,8,9,8,8,,,6,12,2018,17,7,43,557.50,32.64,952.18,519.23
006,1927,4095,1959,1384,,,6,12,2018,17,18,9,556.20,32.54,952.20,519.11
006,1916,4095,2105,1387,,,6,12,2018,17,23,9,553.60,33.13,952.16,519.43
006,1937,4095,2144,1404,,,6,12,2018,17,28,9,559.70,30.96,952.10,519.99
006,1948,4095,2145,1385,,,6,12,2018,17,33,9,556.10,30.33,952.03,520.56
006,1888,4095,2080,1365,,,6,12,2018,17,38,9,560.30,30.59,951.88,521.93
006,1880,4095,2078,1357,,,6,12,2018,17,43,9,553.10,31.12,951.99,520.95
006,1916,4095,2129,1379,,,6,12,2018,17,48,9,545.90,31.72,951.93,521.44
006,1904,4095,2115,1376,,,6,12,2018,17,53,9,560.20,31.82,951.93,521.45
006,1891,4095,2088,1379,,,6,12,2018,17,58,9,553.70,30.84,951.79,522.67
006,1843,4095,2035,1337,,,6,12,2018,18,3,9,558.10,31.78,951.85,522.16
006,1849,4095,2033,1320,,,6,12,2018,18,8,9,554.60,30.47,951.67,523.71
006,1888,4095,2100,1366,,,6,12,2018,18,13,9,557.20,31.50,951.66,523.77
006,1873,4095,2048,1347,,,6,12,2018,18,18,9,551.30,30.79,951.59,524.39
006,1824,4095,1985,1298,,,6,12,2018,18,23,9,549.60,31.04,951.54,524.88
006,1785,4095,1937,1287,,,6,12,2018,18,28,9,549.60,31.07,951.73,523.22
006,1785,4095,1953,1281,,,6,12,2018,18,33,9,548.70,31.56,951.57,524.57
006,1779,4095,1937,1269,,,6,12,2018,18,38,9,553.40,32.14,951.67,523.74
006,1748,4095,1921,1271,,,6,12,2018,18,43,9,552.00,31.17,951.59,524.40
006,1748,4095,1910,1276,,,6,12,2018,18,48,9,558.40,30.55,951.57,524.62
006,1761,4095,1908,1264,,,6,12,2018,18,53,9,566.80,31.48,951.53,524.91
006,1717,4095,1889,1239,,,6,12,2018,18,58,9,557.00,32.45,951.64,524.00
006,1715,4095,1887,1227,,,6,12,2018,19,3,9,556.70,32.44,951.62,524.18
006,1515,4095,1620,1096,,,6,12,2018,19,8,9,559.30,32.75,951.56,524.65
006,1624,4095,1800,1171,,,6,12,2018,19,13,9,553.80,33.14,951.60,524.32
006,1696,4095,1840,1208,,,6,12,2018,19,18,9,557.10,34.75,951.58,524.52
006,1681,4095,1872,1232,,,6,12,2018,19,23,9,559.60,33.25,951.51,525.13
006,1648,4095,1799,1199,,,6,12,2018,19,28,9,559.20,33.15,951.47,525.52
006,1662,4095,1820,1177,,,6,12,2018,19,33,9,551.40,31.92,951.41,526.00
006,1609,4095,1783,1142,,,6,12,2018,19,38,9,554.80,30.92,951.48,525.35
006,1609,4095,1760,1155,,,6,12,2018,19,43,9,555.00,30.28,951.47,525.50
006,1593,4095,1765,1157,,,6,12,2018,19,48,9,552.50,32.20,951.24,527.46
006,1585,4095,1764,1143,,,6,12,2018,19,53,9,549.00,31.20,951.39,526.15
006,1575,4095,1744,1123,,,6,12,2018,19,58,9,554.10,31.17,951.41,526.01
006,1531,4095,1687,1111,,,6,12,2018,20,3,9,552.10,30.32,951.33,526.72
006,1513,4095,1667,1096,,,6,12,2018,20,8,9,552.60,30.84,951.43,525.79
006,1521,4095,1680,1080,,,6,12,2018,20,13,9,549.20,30.61,951.52,525.02
006,1489,4095,1621,1054,,,6,12,2018,20,18,9,551.90,30.58,951.55,524.78
006,1467,4095,1566,1063,,,6,12,2018,20,23,9,551.80,29.87,951.53,524.94
006,1411,4095,1548,1019,,,6,12,2018,20,28,9,558.30,29.23,951.52,525.01
006,1383,4095,1523,1008,,,6,12,2018,20,33,9,554.10,29.36,951.49,525.32
006,1395,4095,1496,1013,,,6,12,2018,20,38,9,554.10,29.20,951.51,525.11
006,1337,4095,1444,965,,,6,12,2018,20,43,9,551.70,29.33,951.60,524.32
006,1299,4095,1403,908,,,6,12,2018,20,48,9,553.50,29.09,951.48,525.41
006,1265,4095,1367,913,,,6,12,2018,20,53,9,558.30,29.25,951.54,524.85
006,1220,4095,1339,879,,,6,12,2018,20,58,9,556.70,28.78,951.49,525.31
006,1219,4095,1313,851,,,6,12,2018,21,3,9,550.20,28.35,951.56,524.73
006,1160,4095,1251,830,,,6,12,2018,21,8,9,559.40,28.71,951.32,526.82
006,1076,4095,1156,807,,,6,12,2018,21,13,9,557.80,27.86,951.49,525.31
006,1062,4095,1154,740,,,6,12,2018,21,18,9,558.00,28.39,951.57,524.59
006,1038,4095,1027,743,,,6,12,2018,21,23,9,554.10,27.60,951.34,526.58
006,978,4095,1020,676,,,6,12,2018,21,28,9,558.60,27.15,951.53,524.95
006,845,4095,945,662,,,6,12,2018,21,33,9,561.40,26.80,951.65,523.87
006,838,4095,910,609,,,6,12,2018,21,38,9,557.60,26.68,951.58,524.55
006,775,4095,846,542,,,6,12,2018,21,43,9,557.20,26.45,951.61,524.21
006,709,4095,802,527,,,6,12,2018,21,48,9,558.00,26.83,951.64,523.95
006,643,4095,718,463,,,6,12,2018,21,53,9,557.50,26.36,951.67,523.76
006,647,4095,695,460,,,6,12,2018,21,58,9,558.50,26.15,951.69,523.52
006,595,4095,635,418,,,6,12,2018,22,3,9,557.00,26.32,951.58,524.52
006,537,4095,578,392,,,6,12,2018,22,8,9,561.20,25.91,951.69,523.52
006,521,4095,550,375,,,6,12,2018,22,13,9,559.20,25.96,951.69,523.57
006,466,4095,506,342,,,6,12,2018,22,18,9,557.00,25.42,951.71,523.34
006,467,4095,475,317,,,6,12,2018,22,23,9,558.50,24.73,951.84,522.27
006,385,4095,398,275,,,6,12,2018,22,28,9,564.10,24.66,951.76,522.93
006,355,4095,354,244,,,6,12,2018,22,33,9,556.60,24.85,951.91,521.60
006,333,4095,325,213,,,6,12,2018,22,38,9,549.20,24.65,951.89,521.83
006,240,4095,246,174,,,6,12,2018,22,43,9,556.50,24.42,951.93,521.42
006,222,4095,229,149,,,6,12,2018,22,48,9,552.40,24.10,951.98,521.03
006,179,4095,175,125,,,6,12,2018,22,53,9,551.40,23.79,951.90,521.72
006,137,4095,145,107,,,6,12,2018,22,58,9,555.50,23.05,951.85,522.13
006,133,4095,110,91,,,6,12,2018,23,3,9,553.60,22.82,952.11,519.88
006,4095,4095,173,120,,,7,12,2018,10,13,9,558.30,13.71,951.90,521.74
006,4095,4095,254,138,,,7,12,2018,10,18,9,561.70,14.06,952.00,520.85
006,4095,4095,307,202,,,7,12,2018,10,23,9,560.10,14.20,952.02,520.66
006,4095,4095,366,250,,,7,12,2018,10,28,9,549.40,14.85,951.99,520.95
006,4095,4095,422,298,,,7,12,2018,10,33,9,552.50,15.14,951.96,521.22
006,4095,4095,478,327,,,7,12,2018,10,38,9,551.90,16.62,952.09,520.00
006,4095,4095,531,348,,,7,12,2018,10,43,9,553.40,17.58,952.22,518.88
006,558,4095,579,388,,,7,12,2018,10,48,9,559.60,17.09,952.26,518.52
006,616,4095,651,416,,,7,12,2018,10,53,9,570.90,16.73,952.26,518.54
006,654,4095,691,475,,,7,12,2018,10,58,9,566.00,17.14,952.35,517.80
006,683,4095,739,455,,,7,12,2018,11,3,9,562.40,18.06,952.44,517.00
006,700,4095,775,529,,,7,12,2018,11,8,9,566.00,19.16,952.52,516.27
006,814,4095,866,583,,,7,12,2018,11,13,9,565.00,17.32,952.44,516.94
006,855,4095,887,598,,,7,12,2018,11,18,9,565.20,17.77,952.48,516.65
006,888,4095,951,623,,,7,12,2018,11,23,9,567.60,17.34,952.43,517.03
006,887,4095,966,659,,,7,12,2018,11,28,9,564.00,18.14,952.47,516.68
006,947,4095,1009,672,,,7,12,2018,11,33,9,561.10,17.54,952.51,516.36
006,955,4095,1033,689,,,7,12,2018,11,38,9,564.10,18.11,952.52,516.32
006,1019,4095,1111,759,,,7,12,2018,11,43,9,567.60,17.79,952.54,516.13
006,1053,4095,1203,570,,,7,12,2018,11,48,9,567.70,18.53,952.53,516.19
006,1129,4095,1243,809,,,7,12,2018,11,53,9,564.60,19.03,952.53,516.16
006,1191,4095,1303,854,,,7,12,2018,11,58,9,563.40,19.60,952.48,516.63
006,1191,4095,1298,851,,,7,12,2018,12,3,9,562.60,20.01,952.52,516.30
006,1249,4095,1366,883,,,7,12,2018,12,8,9,573.80,20.66,952.50,516.49
006,1257,4095,1378,907,,,7,12,2018,12,13,9,568.80,20.04,952.47,516.71
006,1249,4095,1387,897,,,7,12,2018,12,18,9,555.10,19.73,952.41,517.20
006,1228,4095,1347,902,,,7,12,2018,12,23,9,563.70,20.24,952.52,516.31
006,1275,4095,1399,918,,,7,12,2018,12,28,9,571.00,19.62,952.47,516.70
006,1278,4095,1411,951,,,7,12,2018,12,33,9,567.00,19.61,952.44,516.96
006,1383,4095,1489,1008,,,7,12,2018,12,38,9,567.70,18.83,952.57,515.85
006,1384,4095,1518,983,,,7,12,2018,12,43,9,566.80,20.98,952.50,516.48
006,1377,4095,1448,1004,,,7,12,2018,12,48,9,566.90,22.38,952.46,516.77
006,1440,4095,1574,1023,,,7,12,2018,12,53,9,571.70,20.91,952.44,516.95
006,1441,4095,1571,1063,,,7,12,2018,12,58,9,568.00,21.40,952.50,516.45
006,1464,4095,1547,1031,,,7,12,2018,13,3,9,556.80,20.42,952.42,517.17
006,1475,4095,1633,1075,,,7,12,2018,13,8,9,562.50,21.32,952.54,516.14
006,1471,4095,1595,1079,,,7,12,2018,13,13,9,565.00,21.53,952.47,516.68
006,1505,4095,1656,1095,,,7,12,2018,13,18,9,557.30,22.86,952.41,517.28
006,1563,4095,1715,1117,,,7,12,2018,13,23,9,561.80,21.75,952.50,516.50
006,1684,4095,1697,1111,,,7,12,2018,13,28,9,564.80,22.57,952.38,517.49
006,1575,4095,1737,1081,,,7,12,2018,13,33,9,562.40,22.58,952.42,517.15
006,1555,4095,1719,1139,,,7,12,2018,13,38,9,560.40,22.56,952.43,517.08
006,1591,4095,1763,1159,,,7,12,2018,13,43,9,561.10,23.01,952.41,517.28
006,1605,4095,1758,1153,,,7,12,2018,13,48,9,560.70,21.34,952.46,516.78
006,1612,4095,1792,1185,,,7,12,2018,13,53,9,563.90,21.28,952.46,516.80
006,1640,4095,1815,1167,,,7,12,2018,13,58,9,564.60,22.12,952.46,516.80
006,1697,4095,1853,1231,,,7,12,2018,14,3,9,560.30,22.24,952.52,516.25
006,1713,4095,1864,1227,,,7,12,2018,14,8,9,560.90,22.18,952.53,516.17
006,1728,4095,1922,1252,,,7,12,2018,14,13,9,557.10,21.34,952.52,516.30
006,1771,4095,1942,1275,,,7,12,2018,14,18,9,563.40,22.06,952.55,516.04
006,1803,4095,1969,1284,,,7,12,2018,14,23,9,564.30,23.41,952.44,516.96
006,1781,4095,1987,1291,,,7,12,2018,14,28,9,558.50,22.17,952.41,517.28
006,1825,4095,2004,1313,,,7,12,2018,14,33,9,563.20,23.66,952.50,516.49
006,1857,4095,2035,1312,,,7,12,2018,14,38,9,562.10,24.23,952.46,516.77
006,1836,4095,2032,1318,,,7,12,2018,14,43,9,563.70,23.46,952.57,515.81
006,1859,4095,2046,1339,,,7,12,2018,14,48,9,564.00,24.26,952.54,516.07
006,1833,4095,2016,1347,,,7,12,2018,14,53,9,559.60,23.78,952.51,516.34
006,1859,4095,2047,1342,,,7,12,2018,14,58,9,560.50,24.83,952.56,515.91
006,1881,4095,2036,1347,,,7,12,2018,15,3,9,559.20,25.38,952.47,516.74
006,1860,4095,2052,1353,,,7,12,2018,15,8,9,562.00,23.32,952.50,516.50
006,1878,4095,2052,1355,,,7,12,2018,15,13,9,560.70,23.48,952.49,516.51
006,1873,4095,2080,1361,,,7,12,2018,15,18,9,561.40,23.57,952.52,516.31
006,1905,4095,2073,1367,,,7,12,2018,15,23,9,560.10,23.07,952.47,516.71
006,1894,4095,2046,1355,,,7,12,2018,15,28,9,572.70,23.68,952.49,516.50
006,1891,4095,2066,1362,,,7,12,2018,15,33,9,560.60,23.95,952.55,516.01
006,1873,4095,2041,1345,,,7,12,2018,15,38,9,562.00,24.14,952.60,515.54
006,1875,4095,2012,1363,,,7,12,2018,15,43,9,565.60,24.90,952.67,514.97
006,1873,4095,2043,1353,,,7,12,2018,15,48,9,558.50,24.60,952.71,514.58
006,1847,4095,1987,1318,,,7,12,2018,15,53,9,552.70,23.70,952.54,516.14
006,1831,4095,2022,1331,,,7,12,2018,15,58,9,547.60,23.62,952.64,515.28
006,1859,4095,1969,1351,,,7,12,2018,16,3,9,568.00,24.47,952.58,515.74
006,1662,4095,1430,1363,,,7,12,2018,16,8,9,564.70,23.62,952.41,517.27
006,1420,4095,1084,1314,,,7,12,2018,16,13,9,557.20,24.13,952.52,516.31
006,1787,4095,1544,1288,,,7,12,2018,16,18,9,554.90,24.16,952.47,516.76
006,1775,4095,1552,1318,,,7,12,2018,16,23,9,557.60,24.69,952.49,516.52
006,1785,4095,1506,1335,,,7,12,2018,16,28,9,547.50,24.26,952.50,516.49
006,1798,4095,1838,1335,,,7,12,2018,16,33,9,550.70,23.74,952.40,517.33
006,1878,4095,2116,1379,,,7,12,2018,16,38,9,548.60,24.14,952.36,517.68
006,1922,4095,2025,1388,,,7,12,2018,16,43,9,554.90,23.90,952.33,517.91
006,1952,4095,2082,1395,,,7,12,2018,16,48,9,553.90,23.19,952.37,517.60
006,1943,4095,1904,1400,,,7,12,2018,16,53,9,555.90,24.06,952.37,517.58
006,1810,4095,1902,1399,,,7,12,2018,16,58,9,553.40,23.69,952.38,517.48
006,1985,4095,2070,1430,,,7,12,2018,17,3,9,552.60,24.30,952.36,517.65
006,1995,4095,2173,1415,,,7,12,2018,17,8,9,558.10,23.99,952.25,518.64
006,1984,4095,2195,1447,,,7,12,2018,17,13,9,553.40,23.84,952.23,518.81
006,2000,4095,2184,1424,,,7,12,2018,17,18,9,553.60,25.51,952.26,518.52
006,2001,4095,2195,1427,,,7,12,2018,17,23,9,562.10,25.59,952.23,518.85
006,1988,4095,2178,1427,,,7,12,2018,17,28,9,556.30,24.87,952.19,519.16
006,1977,4095,2179,1431,,,7,12,2018,17,33,9,555.80,24.65,952.24,518.75
006,1985,4095,2209,1442,,,7,12,2018,17,38,9,555.30,25.98,952.32,518.02
006,1975,4095,2182,1423,,,7,12,2018,17,43,9,553.70,25.82,952.16,519.47
006,1953,4095,2147,1422,,,7,12,2018,17,48,9,555.70,25.68,952.17,519.37
006,1953,4095,2165,1414,,,7,12,2018,17,53,9,556.80,26.18,952.21,518.98
006,1937,4095,2104,1363,,,7,12,2018,17,58,9,560.70,26.17,952.18,519.30
006,1940,4095,2114,1382,,,7,12,2018,18,3,9,558.80,25.12,952.12,519.80
006,1887,4095,2084,1345,,,7,12,2018,18,8,9,556.20,25.33,952.15,519.55
006,1891,4095,2092,1350,,,7,12,2018,18,13,9,553.60,24.34,952.14,519.60
006,1848,4095,2047,1336,,,7,12,2018,18,18,9,559.60,26.67,952.24,518.74
006,1873,4095,2061,1377,,,7,12,2018,18,23,9,553.70,24.86,952.16,519.45
006,1896,4095,2047,1347,,,7,12,2018,18,28,9,557.80,26.20,952.22,518.91
006,1811,4095,2000,1313,,,7,12,2018,18,33,9,560.00,25.98,952.12,519.81
006,1782,4095,1947,1292,,,7,12,2018,18,38,9,554.50,26.60,952.13,519.70
006,1696,4095,1884,1244,,,7,12,2018,18,43,9,555.80,26.01,952.07,520.19
006,1702,4095,1827,1222,,,7,12,2018,18,48,9,564.00,25.51,952.08,520.11
006,1703,4095,1905,1226,,,7,12,2018,18,53,9,558.00,25.51,952.04,520.45
006,1639,4095,1825,1177,,,7,12,2018,18,58,9,561.90,25.60,952.18,519.24
006,1618,4095,1779,1177,,,7,12,2018,19,3,9,562.10,24.67,952.04,520.48
006,1619,4095,1769,1184,,,7,12,2018,19,8,9,560.20,25.47,952.16,519.47
006,1566,4095,1694,1105,,,7,12,2018,19,13,9,555.20,24.97,952.05,520.40
006,1516,4095,1676,1059,,,7,12,2018,19,18,9,561.20,25.72,952.09,520.08
006,1513,4095,1635,1079,,,7,12,2018,19,23,9,565.00,25.46,952.11,519.85
006,1460,4095,1634,1086,,,7,12,2018,19,28,9,556.20,24.83,952.19,519.18
006,1473,4095,1620,1051,,,7,12,2018,19,33,9,560.60,25.33,952.23,518.83
006,1352,4095,1481,983,,,7,12,2018,19,38,9,555.00,26.26,952.36,517.70
006,1323,4095,1443,942,,,7,12,2018,19,43,9,551.10,25.55,952.18,519.29
006,1254,4095,1358,865,,,7,12,2018,19,48,9,556.50,24.92,952.19,519.15
006,1171,4095,1276,821,,,7,12,2018,19,53,9,562.40,25.62,952.21,519.04
006,1144,4095,1251,837,,,7,12,2018,19,58,9,563.10,25.24,952.04,520.46
006,1154,4095,1273,839,,,7,12,2018,20,3,9,554.30,23.96,952.05,520.38
006,1107,4095,1211,799,,,7,12,2018,20,8,9,553.10,24.76,952.26,518.53
006,1063,4095,1142,756,,,7,12,2018,20,13,9,554.40,24.45,952.16,519.39
006,1082,4095,1209,779,,,7,12,2018,20,18,9,555.20,25.88,952.12,519.82
006,1044,4095,1143,724,,,7,12,2018,20,23,9,552.60,25.20,952.12,519.79
006,992,4095,1080,736,,,7,12,2018,20,28,9,557.80,25.25,952.03,520.58
006,964,4095,1077,712,,,7,12,2018,20,33,9,554.20,24.44,952.11,519.84
006,968,4095,1019,691,,,7,12,2018,20,38,9,554.10,23.92,952.04,520.51
006,965,4095,1008,667,,,7,12,2018,20,43,9,561.00,24.79,952.12,519.77
006,996,4095,1056,674,,,7,12,2018,20,48,9,559.30,24.01,952.10,519.94
006,912,4095,999,637,,,7,12,2018,20,53,9,556.80,23.57,952.12,519.77
006,837,4095,945,625,,,7,12,2018,20,58,9,557.30,24.68,952.11,519.84
006,809,4095,880,583,,,7,12,2018,21,3,9,560.30,23.05,952.10,519.96
006,747,4095,796,567,,,7,12,2018,21,8,9,556.80,23.59,952.15,519.53
006,694,4095,767,463,,,7,12,2018,21,13,9,558.00,23.63,952.08,520.12
006,691,4095,734,430,,,7,12,2018,21,18,9,553.60,23.16,952.04,520.44
006,570,4095,598,263,,,7,12,2018,21,23,9,564.60,22.99,952.05,520.38
006,585,4095,243,129,,,7,12,2018,21,28,9,560.20,21.84,952.16,519.48
006,94,4095,93,32,,,7,12,2018,21,33,9,561.30,21.68,952.15,519.50
006,33,4095,36,21,,,7,12,2018,21,38,9,564.80,21.31,952.12,519.77
006,133,4095,139,80,,,7,12,2018,21,43,9,559.60,21.09,952.24,518.72
006,239,4095,240,188,,,7,12,2018,21,48,9,553.10,21.01,952.09,520.00
006,115,4095,121,89,,,7,12,2018,21,53,9,553.60,20.26,952.16,519.39
006,41,4095,73,24,,,7,12,2018,21,58,9,553.50,19.71,952.28,518.41
006,131,4095,132,102,,,7,12,2018,22,3,9,557.30,19.57,952.20,519.06
006,65,4095,83,52,,,7,12,2018,22,8,9,563.60,19.75,952.26,518.55
006,83,4095,66,84,,,7,12,2018,22,13,9,559.00,19.69,952.24,518.72
006,160,4095,149,119,,,7,12,2018,22,18,9,554.20,19.82,952.32,518.07
006,160,4095,147,100,,,7,12,2018,22,23,9,565.70,19.53,952.26,518.52
006,114,4095,100,61,,,7,12,2018,22,28,9,558.10,19.41,952.33,517.95
006,128,4095,133,97,,,7,12,2018,22,33,9,567.00,19.14,952.38,517.47
006,112,4095,117,78,,,7,12,2018,22,38,9,556.00,19.34,952.30,518.25
006,103,4095,110,54,,,7,12,2018,22,43,9,550.40,19.41,952.49,516.58
006,97,4095,115,59,,,7,12,2018,22,48,9,549.50,19.65,952.52,516.26
006,96,4095,122,38,,,7,12,2018,22,53,9,548.60,19.49,952.53,516.22
006,67,4095,67,28,,,7,12,2018,22,58,9,549.20,19.51,952.51,516.36
006,42,4095,53,22,,,7,12,2018,23,3,9,553.70,19.35,952.53,516.17
006,4095,4095,28,8,,,8,12,2018,10,13,9,560.20,11.21,953.47,508.01
006,4095,4095,30,9,,,8,12,2018,10,18,9,560.80,11.42,953.49,507.81
006,4095,4095,31,8,,,8,12,2018,10,23,9,566.10,11.48,953.48,507.90
006,4095,4095,31,8,,,8,12,2018,10,28,9,563.20,11.48,953.51,507.58
006,4095,4095,28,8,,,8,12,2018,10,33,9,554.70,11.47,953.67,506.25
006,4095,4095,31,8,,,8,12,2018,10,38,9,558.20,11.60,953.75,505.52
006,4095,4095,34,8,,,8,12,2018,10,43,9,575.60,11.81,953.77,505.37
006,4095,4095,33,9,,,8,12,2018,10,48,9,568.10,11.99,953.73,505.65
006,4095,4095,31,8,,,8,12,2018,10,53,9,571.40,11.91,953.77,505.38
006,4095,4095,30,8,,,8,12,2018,10,58,9,559.70,12.02,953.91,504.10
006,4095,4095,34,8,,,8,12,2018,11,3,9,566.60,11.95,953.88,504.34
006,4095,4095,35,8,,,8,12,2018,11,8,9,560.50,11.93,953.91,504.12
006,4095,4095,31,8,,,8,12,2018,11,13,9,568.70,12.02,954.03,503.04
006,4095,4095,32,8,,,8,12,2018,11,18,9,557.60,12.11,953.94,503.83
006,4095,4095,34,8,,,8,12,2018,11,23,9,555.10,12.30,953.93,503.97
006,4095,4095,37,8,,,8,12,2018,11,28,9,557.90,12.43,954.03,503.04
006,4095,4095,32,8,,,8,12,2018,11,33,9,559.70,12.45,954.01,503.27
006,4095,4095,31,9,,,8,12,2018,11,38,9,563.00,13.01,954.09,502.59
006,4095,4095,46,8,,,8,12,2018,11,43,9,566.20,13.24,953.99,503.39
006,4095,4095,35,8,,,8,12,2018,11,48,9,564.30,13.64,953.98,503.55
006,4095,4095,35,8,,,8,12,2018,11,53,9,563.50,13.55,954.05,502.94
006,4095,4095,32,9,,,8,12,2018,11,58,9,563.70,13.65,954.08,502.64
006,4095,4095,34,8,,,8,12,2018,12,3,9,568.00,13.95,954.08,502.62
006,4095,4095,32,8,,,8,12,2018,12,8,9,559.80,14.34,954.01,503.24
006,4095,4095,28,8,,,8,12,2018,12,13,9,562.70,15.11,954.03,503.07
006,4095,4095,36,9,,,8,12,2018,12,18,9,569.00,15.28,954.08,502.61
006,4095,4095,32,9,,,8,12,2018,12,23,9,574.10,15.28,954.11,502.38
006,4095,4095,33,9,,,8,12,2018,12,28,9,561.10,15.17,954.21,501.51
006,4095,4095,33,9,,,8,12,2018,12,33,9,564.90,15.56,954.21,501.49
006,4095,4095,30,9,,,8,12,2018,12,38,9,565.50,15.31,954.21,501.46
006,4095,4095,31,9,,,8,12,2018,12,43,9,563.20,15.81,954.28,500.93
006,4095,4095,32,9,,,8,12,2018,12,48,9,566.30,16.34,954.30,500.68
006,4095,4095,31,9,,,8,12,2018,12,53,9,560.60,16.58,954.28,500.92
006,4095,4095,29,8,,,8,12,2018,12,58,9,558.60,15.64,954.35,500.30
006,4095,4095,29,8,,,8,12,2018,13,3,9,559.60,15.57,954.39,499.90
006,4095,4095,28,8,,,8,12,2018,13,8,9,564.30,16.01,954.34,500.39
006,4095,4095,27,9,,,8,12,2018,13,13,9,565.60,15.95,954.37,500.10
006,4095,4095,24,9,,,8,12,2018,13,18,9,559.20,15.51,954.42,499.66
006,4095,4095,21,8,,,8,12,2018,13,23,9,558.10,15.19,954.38,499.97
006,4095,4095,26,9,,,8,12,2018,13,28,9,565.00,15.44,954.37,500.10
006,4095,4095,26,9,,,8,12,2018,13,33,9,554.50,15.92,954.35,500.27
006,4095,4095,24,9,,,8,12,2018,13,38,9,559.40,15.48,954.46,499.32
006,4095,4095,25,9,,,8,12,2018,13,43,9,559.50,15.53,954.56,498.42
006,4095,4095,24,8,,,8,12,2018,13,48,9,556.20,15.53,954.63,497.84
006,4095,4095,24,9,,,8,12,2018,13,53,9,553.70,15.01,954.63,497.84
006,4095,4095,26,8,,,8,12,2018,13,58,9,559.30,15.04,954.63,497.83
006,4095,4095,22,8,,,8,12,2018,14,3,9,557.20,15.42,954.62,497.92
006,4095,4095,20,9,,,8,12,2018,14,8,9,554.60,14.82,954.62,497.92
006,4095,4095,26,8,,,8,12,2018,14,13,9,553.20,15.28,954.67,497.48
006,4095,4095,23,8,,,8,12,2018,14,18,9,555.20,16.29,954.79,496.44
006,4095,4095,24,8,,,8,12,2018,14,23,9,551.60,15.97,954.77,496.63
006,4095,4095,738,482,,,8,12,2018,14,28,9,555.30,18.26,954.73,496.97
006,4095,4095,1067,673,,,8,12,2018,14,33,9,557.30,19.89,954.70,497.21
006,2607,4095,620,398,,,8,12,2018,14,38,9,557.70,19.61,954.68,497.38
006,3880,4095,426,310,,,8,12,2018,14,43,9,552.30,19.18,954.75,496.75
006,3153,4095,22,9,,,8,12,2018,14,48,9,556.30,18.78,954.79,496.40
006,4095,4095,66,24,,,8,12,2018,14,53,9,556.50,19.98,954.78,496.54
006,1956,4095,22,9,,,8,12,2018,14,58,9,558.80,20.42,954.75,496.78
006,3184,4095,21,8,,,8,12,2018,15,3,9,559.00,19.26,954.84,496.02
006,3905,4095,49,24,,,8,12,2018,15,8,9,558.40,20.52,954.84,496.03
006,2307,4095,42,26,,,8,12,2018,15,13,9,559.50,22.82,954.83,496.04
006,2536,4095,102,36,,,8,12,2018,15,18,9,560.70,21.93,954.72,497.08
006,2572,4095,931,651,,,8,12,2018,15,23,9,565.70,23.20,954.74,496.83
006,1428,4095,932,681,,,8,12,2018,15,28,9,546.70,24.67,954.67,497.46
006,976,4095,706,875,,,8,12,2018,15,33,9,567.60,26.78,954.68,497.37
006,221,4095,295,178,,,8,12,2018,15,38,9,568.60,21.89,954.67,497.49
006,1091,4095,1189,705,,,8,12,2018,15,43,9,560.10,23.55,954.73,496.99
006,1372,4095,1555,1008,,,8,12,2018,15,48,9,564.10,26.60,954.66,497.54
006,1189,4095,954,933,,,8,12,2018,15,53,9,566.20,28.16,954.72,497.02
006,968,4095,634,842,,,8,12,2018,15,58,9,558.50,26.82,954.63,497.79
006,1583,4095,1267,1147,,,8,12,2018,16,3,9,563.60,24.77,954.62,497.90
006,1611,4095,1457,1193,,,8,12,2018,16,8,9,563.80,25.93,954.67,497.47
006,1616,4095,1248,1262,,,8,12,2018,16,13,9,558.90,24.31,954.53,498.71
006,1578,4095,1144,1256,,,8,12,2018,16,18,9,547.00,24.47,954.53,498.68
006,1336,4095,1096,1207,,,8,12,2018,16,23,9,559.00,23.03,954.46,499.33
006,1637,4095,1455,1262,,,8,12,2018,16,28,9,555.00,23.14,954.46,499.31
006,1628,4095,1412,1227,,,8,12,2018,16,33,9,556.80,23.00,954.48,499.12
006,1699,4095,1815,1267,,,8,12,2018,16,38,9,564.30,24.47,954.46,499.28
006,1799,4095,1702,1283,,,8,12,2018,16,43,9,557.00,25.02,954.39,499.96
006,1740,4095,1559,1254,,,8,12,2018,16,48,9,559.00,24.06,954.35,500.30
006,1580,4095,1612,1255,,,8,12,2018,16,53,9,554.50,24.84,954.26,501.08
006,1617,4095,1312,1235,,,8,12,2018,16,58,9,558.60,25.58,954.29,500.79
006,1763,4095,1904,1259,,,8,12,2018,17,3,9,560.20,24.37,954.17,501.84
006,1796,4095,1953,1283,,,8,12,2018,17,8,9,558.50,25.87,954.25,501.13
006,1736,4095,1857,1251,,,8,12,2018,17,13,9,565.70,28.54,954.16,501.95
006,1785,4095,1961,1279,,,8,12,2018,17,18,9,565.20,26.01,954.09,502.53
006,1807,4095,1969,1289,,,8,12,2018,17,23,9,559.20,28.73,954.04,502.94
006,1777,4095,1954,1267,,,8,12,2018,17,28,9,556.10,26.82,954.00,503.29
006,1820,4095,2004,1296,,,8,12,2018,17,33,9,559.70,30.07,954.12,502.28
006,1767,4095,1922,1275,,,8,12,2018,17,38,9,558.20,30.94,954.10,502.49
006,1712,4095,1843,1233,,,8,12,2018,17,43,9,556.80,28.71,954.00,503.32
006,1699,4095,1875,1230,,,8,12,2018,17,48,9,564.70,27.58,953.91,504.12
006,1776,4095,1915,1250,,,8,12,2018,17,53,9,562.10,29.11,953.92,504.04
006,1769,4095,1943,1263,,,8,12,2018,17,58,9,562.30,26.97,953.72,505.75
006,1804,4095,1952,1265,,,8,12,2018,18,3,9,556.60,28.82,953.83,504.84
006,1715,4095,1895,1139,,,8,12,2018,18,8,9,557.40,28.15,953.78,505.23
006,1705,4095,1859,1187,,,8,12,2018,18,13,9,561.00,29.39,953.79,505.21
006,1745,4095,1937,1241,,,8,12,2018,18,18,9,564.30,29.58,953.71,505.91
006,1672,4095,1864,1202,,,8,12,2018,18,23,9,554.00,25.85,953.61,506.77
006,1571,4095,1735,1107,,,8,12,2018,18,28,9,562.00,26.96,953.61,506.71
006,1616,4095,1768,1153,,,8,12,2018,18,33,9,558.00,28.04,953.59,506.92
006,1636,4095,1780,1184,,,8,12,2018,18,38,9,557.10,28.12,953.52,507.55
006,1625,4095,1760,1159,,,8,12,2018,18,43,9,553.80,26.64,953.46,508.07
006,1632,4095,1800,1184,,,8,12,2018,18,48,9,557.70,26.82,953.38,508.77
006,1653,4095,1796,1177,,,8,12,2018,18,53,9,566.70,26.57,953.35,509.04
006,1659,4095,1847,1193,,,8,12,2018,18,58,9,557.40,28.57,953.27,509.74
006,1686,4095,1859,1203,,,8,12,2018,19,3,9,559.20,30.71,953.24,510.00
006,1661,4095,1859,1200,,,8,12,2018,19,8,9,553.20,29.30,953.21,510.25
006,1680,4095,1844,1201,,,8,12,2018,19,13,9,556.20,29.59,953.10,511.24
006,1681,4095,1823,1187,,,8,12,2018,19,18,9,564.50,28.37,953.05,511.66
006,1632,4095,1742,1149,,,8,12,2018,19,23,9,565.10,27.98,953.02,511.95
006,1633,4095,1795,1151,,,8,12,2018,19,28,9,564.60,30.19,952.91,512.88
006,1616,4095,1768,1131,,,8,12,2018,19,33,9,560.20,31.06,952.88,513.17
006,1577,4095,1731,1127,,,8,12,2018,19,38,9,561.40,27.18,952.88,513.14
006,1612,4095,1760,1123,,,8,12,2018,19,43,9,557.90,28.94,952.84,513.52
006,1523,4095,1698,1079,,,8,12,2018,19,48,9,564.10,28.50,952.76,514.18
006,1484,4095,1636,1051,,,8,12,2018,19,53,9,554.80,27.17,952.65,515.17
006,1480,4095,1643,1080,,,8,12,2018,19,58,9,555.80,28.17,952.62,515.42
006,1456,4095,1589,1047,,,8,12,2018,20,3,9,556.30,27.36,952.49,516.52
006,1411,4095,1568,1032,,,8,12,2018,20,8,9,556.70,28.24,952.46,516.78
006,1422,4095,1553,1016,,,8,12,2018,20,13,9,555.60,27.87,952.37,517.62
006,1424,4095,1582,1001,,,8,12,2018,20,18,9,551.70,27.81,952.41,517.29
006,1420,4095,1553,1019,,,8,12,2018,20,23,9,564.80,27.61,952.26,518.52
006,1402,4095,1559,1007,,,8,12,2018,20,28,9,555.90,25.85,952.09,520.03
006,1405,4095,1535,1011,,,8,12,2018,20,33,9,556.40,25.58,952.15,519.56
006,1328,4095,1461,964,,,8,12,2018,20,38,9,557.60,26.94,952.10,519.97
006,1307,4095,1440,945,,,8,12,2018,20,43,9,556.20,26.31,951.95,521.25
006,1216,4095,1379,865,,,8,12,2018,20,48,9,558.20,26.23,952.06,520.28
006,1211,4095,1328,869,,,8,12,2018,20,53,9,560.10,26.15,951.97,521.07
006,1213,4095,1290,883,,,8,12,2018,20,58,9,561.40,26.06,951.76,522.96
006,1214,4095,1331,866,,,8,12,2018,21,3,9,559.20,25.17,951.90,521.75
006,1154,4095,1276,833,,,8,12,2018,21,8,9,556.00,25.53,951.76,522.97
006,1129,4095,1207,779,,,8,12,2018,21,13,9,551.20,25.13,951.57,524.64
006,1136,4095,1192,773,,,8,12,2018,21,18,9,559.20,24.63,951.72,523.27
006,1058,4095,1176,755,,,8,12,2018,21,23,9,559.70,24.51,951.78,522.76
006,1031,4095,1131,750,,,8,12,2018,21,28,9,558.80,24.62,951.63,524.08
006,963,4095,1052,713,,,8,12,2018,21,33,9,557.80,23.96,951.63,524.10
006,871,4095,991,640,,,8,12,2018,21,38,9,558.30,23.52,951.72,523.31
006,883,4095,957,614,,,8,12,2018,21,43,9,554.00,23.48,951.64,523.97
006,779,4095,864,577,,,8,12,2018,21,48,9,552.60,22.96,951.63,524.05
006,776,4095,839,558,,,8,12,2018,21,53,9,557.00,23.21,951.57,524.56
006,633,4095,697,521,,,8,12,2018,21,58,9,546.80,23.46,951.63,524.06
006,683,4095,739,503,,,8,12,2018,22,3,9,548.90,23.48,951.51,525.16
006,456,4095,476,452,,,8,12,2018,22,8,9,554.20,22.81,951.63,524.11
006,599,4095,626,435,,,8,12,2018,22,13,9,550.20,22.27,951.73,523.23
006,524,4095,583,378,,,8,12,2018,22,18,9,558.50,22.41,951.73,523.17
006,1533,4095,491,346,,,8,12,2018,22,23,9,552.20,22.23,951.80,522.59
006,1671,4095,451,302,,,8,12,2018,22,28,9,557.20,22.01,951.70,523.49
006,1723,4095,375,270,,,8,12,2018,22,33,9,556.00,21.61,951.70,523.43
006,2224,4095,322,231,,,8,12,2018,22,38,9,556.50,21.42,951.72,523.27
006,2277,4095,271,186,,,8,12,2018,22,43,9,556.30,21.33,951.87,522.02
006,2880,4095,224,161,,,8,12,2018,22,48,9,554.60,21.35,951.77,522.88
006,2931,4095,183,129,,,8,12,2018,22,53,9,541.40,20.76,951.77,522.87
006,2822,4095,143,109,,,8,12,2018,22,58,9,553.10,20.69,951.85,522.13
006,2903,4095,114,118,,,8,12,2018,23,3,9,552.40,20.45,951.80,522.55
006,4095,4095,183,134,,,9,12,2018,10,13,9,573.00,12.11,953.09,511.26
006,4095,4095,247,170,,,9,12,2018,10,18,9,561.00,12.78,953.16,510.70
006,4095,4095,293,207,,,9,12,2018,10,23,9,570.40,13.85,953.14,510.89
006,4095,4095,403,244,,,9,12,2018,10,28,9,566.00,14.70,953.15,510.74
006,4095,4095,448,303,,,9,12,2018,10,33,9,564.10,15.62,953.17,510.59
006,4095,4095,508,349,,,9,12,2018,10,38,9,564.50,16.30,953.19,510.40
006,4095,4095,590,397,,,9,12,2018,10,43,9,570.30,17.24,953.22,510.15
006,3009,4095,679,435,,,9,12,2018,10,48,9,569.00,18.39,953.18,510.48
006,2030,4095,706,478,,,9,12,2018,10,53,9,565.30,19.27,953.20,510.31
006,2567,4095,756,470,,,9,12,2018,10,58,9,560.80,17.93,953.23,510.05
006,4095,4095,844,547,,,9,12,2018,11,3,9,563.70,16.81,953.21,510.25
006,4095,4095,802,605,,,9,12,2018,11,8,9,571.60,15.81,953.24,510.00
006,4095,4095,956,574,,,9,12,2018,11,13,9,564.30,16.16,953.32,509.31
006,4095,4095,1074,691,,,9,12,2018,11,18,9,558.90,17.72,953.30,509.42
006,3976,4095,1096,723,,,9,12,2018,11,23,9,560.10,17.45,953.29,509.56
006,4095,4095,1107,755,,,9,12,2018,11,28,9,569.80,18.24,953.33,509.21
006,4095,4095,1193,779,,,9,12,2018,11,33,9,564.70,16.27,953.27,509.68
006,4095,4095,1233,791,,,9,12,2018,11,38,9,572.40,17.70,953.28,509.62
006,2972,4095,1286,827,,,9,12,2018,11,43,9,566.10,19.46,953.23,510.09
006,3681,4095,1303,878,,,9,12,2018,11,48,9,564.40,18.37,953.22,510.13
006,4095,4095,1365,907,,,9,12,2018,11,53,9,559.10,18.31,953.28,509.67
006,3905,4095,1407,943,,,9,12,2018,11,58,9,566.40,16.98,953.30,509.48
006,4095,4095,1444,951,,,9,12,2018,12,3,9,562.00,19.18,953.46,508.04
006,3462,4095,1481,961,,,9,12,2018,12,8,9,559.10,18.90,953.46,508.06
006,2489,4095,1552,1011,,,9,12,2018,12,13,9,562.60,19.53,953.53,507.48
006,1425,4095,1555,1009,,,9,12,2018,12,18,9,563.70,20.52,953.53,507.41
006,1480,4095,1585,1058,,,9,12,2018,12,23,9,564.30,20.24,953.53,507.47
006,1477,4095,1628,1070,,,9,12,2018,12,28,9,565.30,22.05,953.58,507.02
006,1425,4095,1633,1088,,,9,12,2018,12,33,9,564.90,21.99,953.55,507.25
006,1535,4095,1687,1110,,,9,12,2018,12,38,9,567.10,23.44,953.51,507.61
006,1581,4095,1707,1128,,,9,12,2018,12,43,9,562.80,24.68,953.53,507.47
006,1595,4095,1735,1153,,,9,12,2018,12,48,9,566.00,24.59,953.43,508.35
006,1619,4095,1777,1159,,,9,12,2018,12,53,9,557.50,26.44,953.42,508.42
006,1632,4095,1794,1175,,,9,12,2018,12,58,9,567.90,25.83,953.37,508.84
006,1656,4095,1834,1201,,,9,12,2018,13,3,9,564.60,26.02,953.36,508.95
006,1672,4095,1859,1234,,,9,12,2018,13,8,9,565.10,22.45,953.25,509.87
006,1713,4095,1885,1226,,,9,12,2018,13,13,9,560.00,24.36,953.30,509.45
006,1747,4095,1923,1241,,,9,12,2018,13,18,9,561.30,25.62,953.26,509.81
006,1767,4095,1939,1243,,,9,12,2018,13,23,9,564.80,24.56,953.13,510.98
006,1785,4095,1984,1282,,,9,12,2018,13,28,9,562.10,25.96,953.11,511.11
006,1818,4095,1964,1282,,,9,12,2018,13,33,9,563.80,23.14,953.03,511.85
006,1800,4095,1985,1291,,,9,12,2018,13,38,9,560.20,24.38,953.15,510.74
006,1841,4095,2016,1305,,,9,12,2018,13,43,9,555.90,27.41,953.03,511.81
006,1838,4095,2035,1303,,,9,12,2018,13,48,9,556.20,28.94,953.06,511.53
006,1874,4095,2041,1335,,,9,12,2018,13,53,9,553.90,30.18,953.09,511.33
006,1872,4095,2064,1337,,,9,12,2018,13,58,9,559.90,30.74,953.06,511.54
006,1865,4095,2060,1346,,,9,12,2018,14,3,9,555.80,27.09,953.03,511.85
006,1890,4095,2080,1355,,,9,12,2018,14,8,9,556.00,27.83,953.05,511.63
006,1891,4095,2083,1355,,,9,12,2018,14,13,9,555.30,28.28,953.05,511.66
006,1902,4095,2103,1367,,,9,12,2018,14,18,9,553.50,30.04,953.07,511.47
006,1912,4095,2089,1376,,,9,12,2018,14,23,9,557.10,29.26,952.94,512.63
006,1937,4095,2105,1377,,,9,12,2018,14,28,9,553.60,28.52,952.94,512.61
006,1936,4095,2147,1398,,,9,12,2018,14,33,9,558.90,28.18,952.89,513.05
006,1942,4095,2147,1409,,,9,12,2018,14,38,9,552.70,26.83,952.80,513.86
006,1987,4095,2193,1451,,,9,12,2018,14,43,9,555.20,28.06,952.78,514.04
006,1987,4095,2175,1422,,,9,12,2018,14,48,9,555.50,29.55,952.70,514.69
006,2012,4095,2242,1439,,,9,12,2018,14,53,9,556.40,30.15,952.71,514.58
006,1956,4095,2222,1451,,,9,12,2018,14,58,9,557.10,29.62,952.70,514.73
006,2041,4095,2257,1476,,,9,12,2018,15,3,9,558.70,30.53,952.67,514.97
006,2065,4095,2232,1491,,,9,12,2018,15,8,9,567.10,29.94,952.63,515.29
006,2073,4095,2267,1475,,,9,12,2018,15,13,9,565.60,29.56,952.59,515.67
006,2064,4095,2231,1479,,,9,12,2018,15,18,9,559.40,32.24,952.50,516.44
006,2065,4095,2281,1473,,,9,12,2018,15,23,9,566.90,33.14,952.53,516.22
006,2043,4095,2313,1491,,,9,12,2018,15,28,9,579.10,31.63,952.44,516.97
006,2089,4095,1948,1515,,,9,12,2018,15,33,9,566.90,31.75,952.43,517.10
006,2089,4095,2137,1521,,,9,12,2018,15,38,9,554.20,32.96,952.43,517.08
006,2080,4095,2283,1499,,,9,12,2018,15,43,9,548.70,33.55,952.42,517.13
006,2101,4095,2079,1507,,,9,12,2018,15,48,9,556.60,32.01,952.41,517.23
006,2131,4095,2247,1535,,,9,12,2018,15,53,9,557.10,32.32,952.38,517.51
006,2097,4095,2207,1533,,,9,12,2018,15,58,9,564.40,33.39,952.30,518.17
006,2100,4095,1981,1521,,,9,12,2018,16,3,9,562.40,31.09,952.20,519.09
006,2144,4095,1961,1508,,,9,12,2018,16,8,9,559.50,32.43,952.21,518.99
006,2036,4095,1672,1535,,,9,12,2018,16,13,9,546.90,33.19,952.19,519.20
006,1824,4095,1979,1508,,,9,12,2018,16,18,9,551.40,35.87,952.17,519.37
006,2048,4095,1566,1507,,,9,12,2018,16,23,9,550.00,36.01,952.13,519.67
006,2031,4095,1984,1489,,,9,12,2018,16,28,9,557.30,33.28,952.11,519.90
006,1993,4095,1593,1506,,,9,12,2018,16,33,9,553.50,32.96,952.10,520.00
006,2047,4095,1994,1480,,,9,12,2018,16,38,9,556.30,30.95,952.03,520.57
006,2016,4095,2224,1463,,,9,12,2018,16,43,9,559.50,32.09,951.97,521.12
006,1920,4095,1649,1463,,,9,12,2018,16,48,9,560.10,33.29,952.01,520.74
006,2016,4095,2076,1463,,,9,12,2018,16,53,9,564.40,31.23,951.86,522.06
006,1969,4095,1634,1475,,,9,12,2018,16,58,9,560.80,30.40,951.85,522.15
006,2056,4095,2243,1489,,,9,12,2018,17,3,9,557.40,32.53,951.86,522.05
006,2048,4095,2067,1469,,,9,12,2018,17,8,9,557.50,32.98,951.78,522.72
006,2041,4095,2232,1489,,,9,12,2018,17,13,9,555.30,33.03,951.90,521.73
006,2080,4095,2272,1481,,,9,12,2018,17,18,9,557.30,34.49,951.88,521.93
006,2067,4095,2307,1488,,,9,12,2018,17,23,9,552.00,34.88,951.78,522.75
006,2064,4095,2305,1493,,,9,12,2018,17,28,9,551.50,34.07,951.71,523.35
006,2032,4095,2272,1472,,,9,12,2018,17,33,9,550.80,31.80,951.78,522.76
006,2052,4095,2279,1465,,,9,12,2018,17,38,9,555.40,34.45,951.72,523.33
006,2018,4095,2289,1472,,,9,12,2018,17,43,9,557.30,31.82,951.66,523.84
006,2066,4095,2428,1475,,,9,12,2018,17,48,9,556.50,31.49,951.56,524.67
006,2067,4095,2275,1488,,,9,12,2018,17,53,9,555.50,30.74,951.58,524.49
006,2055,4095,2291,1480,,,9,12,2018,17,58,9,562.70,32.29,951.48,525.40
006,2032,4095,2262,1465,,,9,12,2018,18,3,9,554.70,31.39,951.45,525.62
006,2040,4095,2201,1443,,,9,12,2018,18,8,9,550.80,32.17,951.41,526.04
006,2041,4095,2272,1463,,,9,12,2018,18,13,9,558.10,30.91,951.34,526.58
006,2019,4095,2249,1459,,,9,12,2018,18,18,9,550.50,31.07,951.41,525.99
006,2041,4095,2232,1461,,,9,12,2018,18,23,9,551.10,32.75,951.32,526.77
006,2016,4095,2173,1443,,,9,12,2018,18,28,9,552.60,33.21,951.31,526.87
006,2032,4095,2224,1449,,,9,12,2018,18,33,9,557.70,33.54,951.19,527.93
006,2021,4095,2217,1451,,,9,12,2018,18,38,9,547.00,33.41,951.19,527.96
006,2043,4095,2230,1470,,,9,12,2018,18,43,9,559.60,32.38,951.14,528.36
006,2017,4095,2195,1441,,,9,12,2018,18,48,9,557.30,32.30,950.93,530.18
006,2003,4095,2211,1435,,,9,12,2018,18,53,9,555.30,32.48,951.03,529.32
006,1969,4095,2200,1419,,,9,12,2018,18,58,9,560.30,32.30,950.97,529.88
006,1948,4095,2172,1400,,,9,12,2018,19,3,9,562.30,33.02,950.95,530.03
006,1952,4095,2161,1379,,,9,12,2018,19,8,9,555.20,34.44,950.92,530.31
006,1900,4095,2128,1376,,,9,12,2018,19,13,9,554.90,33.63,950.80,531.38
006,1913,4095,2067,1361,,,9,12,2018,19,18,9,559.20,30.76,950.83,531.05
006,1889,4095,2083,1351,,,9,12,2018,19,23,9,554.70,32.58,950.78,531.51
006,1896,4095,2098,1332,,,9,12,2018,19,28,9,559.10,34.10,950.67,532.50
006,1870,4095,2049,1337,,,9,12,2018,19,33,9,555.90,33.18,950.62,532.89
006,1845,4095,2044,1316,,,9,12,2018,19,38,9,552.90,34.57,950.65,532.65
006,1844,4095,2048,1319,,,9,12,2018,19,43,9,558.90,36.04,950.62,532.97
006,1841,4095,2039,1288,,,9,12,2018,19,48,9,551.90,33.56,950.45,534.43
006,1808,4095,2009,1249,,,9,12,2018,19,53,9,557.70,33.88,950.46,534.37
006,1752,4095,1952,1251,,,9,12,2018,19,58,9,561.90,33.42,950.37,535.14
006,1704,4095,1925,1265,,,9,12,2018,20,3,9,568.30,33.69,950.32,535.56
006,1724,4095,1910,1243,,,9,12,2018,20,8,9,557.20,33.09,950.24,536.26
006,1729,4095,1880,1191,,,9,12,2018,20,13,9,559.10,32.40,950.33,535.48
006,1528,4095,1419,1229,,,9,12,2018,20,18,9,557.50,33.24,950.26,536.10
006,1649,4095,1841,1209,,,9,12,2018,20,23,9,555.70,34.69,950.30,535.75
006,1644,4095,1811,1195,,,9,12,2018,20,28,9,561.40,32.66,950.22,536.47
006,1616,4095,1769,1175,,,9,12,2018,20,33,9,558.10,32.06,950.18,536.83
006,1580,4095,1731,1137,,,9,12,2018,20,38,9,555.80,31.88,950.01,538.24
006,1560,4095,1733,1136,,,9,12,2018,20,43,9,560.10,31.26,950.11,537.41
006,1553,4095,1682,1121,,,9,12,2018,20,48,9,558.70,31.39,950.03,538.14
006,1528,4095,1647,1099,,,9,12,2018,20,53,9,561.40,31.96,949.99,538.44
006,1488,4095,1651,1104,,,9,12,2018,20,58,9,557.10,32.37,949.94,538.86
006,1473,4095,1600,1075,,,9,12,2018,21,3,9,555.80,31.93,949.87,539.47
006,1425,4095,1579,1035,,,9,12,2018,21,8,9,556.50,32.78,949.81,540.06
006,1392,4095,1438,995,,,9,12,2018,21,13,9,559.50,32.97,949.68,541.18
006,1376,4095,1505,978,,,9,12,2018,21,18,9,556.10,31.02,949.66,541.34
006,1224,4095,1417,954,,,9,12,2018,21,23,9,560.70,32.35,949.68,541.14
006,1296,4095,1426,907,,,9,12,2018,21,28,9,560.40,31.70,949.57,542.18
006,1203,4095,1340,888,,,9,12,2018,21,33,9,557.10,31.46,949.55,542.34
006,1209,4095,1285,854,,,9,12,2018,21,38,9,552.90,30.76,949.56,542.19
006,1148,4095,1267,823,,,9,12,2018,21,43,9,556.50,30.69,949.48,542.92
006,1097,4095,1188,721,,,9,12,2018,21,48,9,557.30,29.75,949.51,542.69
006,1073,4095,1171,681,,,9,12,2018,21,53,9,555.20,29.77,949.56,542.23
006,961,4095,1120,695,,,9,12,2018,21,58,9,553.90,30.12,949.46,543.12
006,973,4095,1067,699,,,9,12,2018,22,3,9,552.30,29.96,949.31,544.42
006,828,4095,920,663,,,9,12,2018,22,8,9,555.10,29.57,949.38,543.77
006,843,4095,939,633,,,9,12,2018,22,13,9,557.90,29.33,949.34,544.16
006,785,4095,864,576,,,9,12,2018,22,18,9,556.40,28.52,949.43,543.35
006,753,4095,819,551,,,9,12,2018,22,23,9,554.70,28.30,949.41,543.54
006,699,4095,747,493,,,9,12,2018,22,28,9,549.40,27.75,949.40,543.63
006,575,4095,578,433,,,9,12,2018,22,33,9,548.00,27.46,949.39,543.72
006,569,4095,610,397,,,9,12,2018,22,38,9,556.40,27.00,949.41,543.51
006,402,4095,385,325,,,9,12,2018,22,43,9,553.80,26.81,949.40,543.61
006,417,4095,444,303,,,9,12,2018,22,48,9,550.70,26.75,949.34,544.18
006,358,4095,359,238,,,9,12,2018,22,53,9,554.20,26.56,949.42,543.41
006,275,4095,291,207,,,9,12,2018,22,58,9,553.70,26.40,949.45,543.15
006,213,4095,225,151,,,9,12,2018,23,3,9,553.90,25.73,949.43,543.33
006,4095,4095,218,143,,,10,12,2018,10,13,9,569.30,14.09,950.52,533.83
006,4095,4095,116,105,,,10,12,2018,10,18,9,561.90,15.34,950.55,533.57
006,4095,4095,31,10,,,10,12,2018,10,23,9,556.70,16.57,950.61,532.99
006,4095,4095,35,9,,,10,12,2018,10,28,9,562.90,17.13,950.64,532.79
006,4095,4095,33,9,,,10,12,2018,10,33,9,556.50,18.12,950.77,531.64
006,4095,4095,553,171,,,10,12,2018,10,38,9,558.50,18.74,950.76,531.66
006,4095,4095,316,186,,,10,12,2018,10,43,9,564.50,19.96,950.97,529.89
006,4095,4095,691,469,,,10,12,2018,10,48,9,577.40,18.64,951.02,529.39
006,4095,4095,721,510,,,10,12,2018,10,53,9,562.90,18.49,951.06,529.10
006,4095,4095,829,551,,,10,12,2018,10,58,9,565.90,17.30,951.17,528.14
006,4095,4095,896,574,,,10,12,2018,11,3,9,563.30,18.01,951.21,527.79
006,4095,4095,947,640,,,10,12,2018,11,8,9,565.90,18.55,951.34,526.58
006,1951,4095,999,411,,,10,12,2018,11,13,9,558.40,18.82,951.33,526.69
006,1326,4095,1078,711,,,10,12,2018,11,18,9,560.60,20.33,951.45,525.61
006,15,4095,34,10,,,10,12,2018,11,23,9,559.30,21.45,951.57,524.58
006,1075,4095,1206,729,,,10,12,2018,11,28,9,561.40,21.83,951.60,524.38
006,1143,4095,1249,814,,,10,12,2018,11,33,9,568.10,20.59,951.67,523.73
006,1123,4095,1292,864,,,10,12,2018,11,38,9,563.30,22.30,951.70,523.47
006,1169,4095,1334,875,,,10,12,2018,11,43,9,564.90,22.80,951.76,522.95
006,1235,4095,1289,854,,,10,12,2018,11,48,9,562.40,22.23,951.79,522.66
006,1281,4095,1374,936,,,10,12,2018,11,53,9,564.60,21.72,951.83,522.36
006,1371,4095,1495,979,,,10,12,2018,11,58,9,563.90,21.44,951.89,521.83
006,1395,4095,1515,1008,,,10,12,2018,12,3,9,556.60,22.21,951.78,522.77
006,1393,4095,1539,1006,,,10,12,2018,12,8,9,560.20,24.25,951.83,522.28
006,1415,4095,1558,1043,,,10,12,2018,12,13,9,556.50,25.02,951.88,521.92
006,1479,4095,1633,1068,,,10,12,2018,12,18,9,556.80,24.06,951.86,522.03
006,1459,4095,1624,1064,,,10,12,2018,12,23,9,570.20,23.83,951.92,521.54
006,1483,4095,1637,1073,,,10,12,2018,12,28,9,563.60,24.06,951.91,521.62
006,1529,4095,1629,1059,,,10,12,2018,12,33,9,564.50,23.15,951.88,521.91
006,1523,4095,1655,1083,,,10,12,2018,12,38,9,563.10,23.26,951.95,521.28
006,1555,4095,1702,1130,,,10,12,2018,12,43,9,563.60,22.50,951.92,521.54
006,1617,4095,1775,1161,,,10,12,2018,12,48,9,563.80,23.40,951.87,521.95
006,1527,4095,1727,1175,,,10,12,2018,12,53,9,568.10,24.09,951.89,521.81
006,1651,4095,1827,1196,,,10,12,2018,12,58,9,561.80,26.47,951.87,521.95
006,1654,4095,1843,1223,,,10,12,2018,13,3,9,556.10,23.66,951.86,522.08
006,1702,4095,1859,1234,,,10,12,2018,13,8,9,557.60,25.53,951.85,522.14
006,1721,4095,1883,1256,,,10,12,2018,13,13,9,556.70,27.37,951.91,521.61
006,1747,4095,1926,1272,,,10,12,2018,13,18,9,558.00,28.25,951.82,522.41
006,18,4095,22,10,,,10,12,2018,13,23,9,559.50,29.70,951.85,522.16
006,20,4095,22,9,,,10,12,2018,13,28,9,557.80,26.17,951.80,522.61
006,1787,4095,1984,1281,,,10,12,2018,13,33,9,559.20,26.20,951.90,521.75
006,1832,4095,1986,1289,,,10,12,2018,13,38,9,559.70,28.44,951.78,522.78
006,1827,4095,1987,1296,,,10,12,2018,13,43,9,559.80,28.28,951.80,522.61
006,1833,4095,2032,1307,,,10,12,2018,13,48,9,560.90,27.22,951.77,522.82
006,1869,4095,2064,1335,,,10,12,2018,13,53,9,558.40,29.44,951.78,522.77
006,1838,4095,2030,1322,,,10,12,2018,13,58,9,555.60,29.27,951.76,522.96
006,1894,4095,2089,1351,,,10,12,2018,14,3,9,558.50,30.52,951.72,523.30
006,1903,4095,2089,1371,,,10,12,2018,14,8,9,559.10,30.26,951.72,523.28
006,1895,4095,2072,1365,,,10,12,2018,14,13,9,555.70,31.30,951.66,523.82
006,1957,4095,2104,1393,,,10,12,2018,14,18,9,553.40,30.20,951.60,524.35
006,1879,4095,2113,1383,,,10,12,2018,14,23,9,554.30,30.35,951.55,524.75
006,1939,4095,2132,1392,,,10,12,2018,14,28,9,559.40,30.33,951.57,524.57
006,1959,4095,2147,1415,,,10,12,2018,14,33,9,556.70,29.82,951.55,524.78
006,1971,4095,2163,1404,,,10,12,2018,14,38,9,556.50,31.92,951.54,524.89
006,1955,4095,2148,1411,,,10,12,2018,14,43,9,561.40,32.10,951.53,524.91
006,1976,4095,2185,1417,,,10,12,2018,14,48,9,563.70,31.51,951.51,525.15
006,1976,4095,2171,1419,,,10,12,2018,14,53,9,555.50,32.42,951.51,525.12
006,1971,4095,2167,1425,,,10,12,2018,14,58,9,557.40,33.32,951.45,525.66
006,1972,4095,2169,1411,,,10,12,2018,15,3,9,562.00,34.74,951.50,525.24
006,2001,4095,2179,1427,,,10,12,2018,15,8,9,570.80,34.93,951.45,525.66
006,2008,4095,2225,1440,,,10,12,2018,15,13,9,572.80,33.97,951.40,526.10
006,2048,4095,2241,1459,,,10,12,2018,15,18,9,571.20,31.64,951.37,526.32
006,2035,4095,2209,1463,,,10,12,2018,15,23,9,572.00,33.47,951.40,526.05
006,2032,4095,2208,1463,,,10,12,2018,15,28,9,559.00,32.46,951.31,526.86
006,2027,4095,2241,1467,,,10,12,2018,15,33,9,545.00,33.32,951.28,527.18
006,2017,4095,2209,1459,,,10,12,2018,15,38,9,552.50,32.86,951.41,526.02
006,2064,4095,2241,1476,,,10,12,2018,15,43,9,547.30,30.28,951.24,527.48
006,2064,4095,2080,1491,,,10,12,2018,15,48,9,553.00,30.66,951.28,527.16
006,2076,4095,2187,1493,,,10,12,2018,15,53,9,561.00,33.96,951.33,526.72
006,2012,4095,1715,1473,,,10,12,2018,15,58,9,558.30,34.85,951.26,527.33
006,1862,4095,1395,1473,,,10,12,2018,16,3,9,554.30,31.29,951.18,528.01
006,1860,4095,1395,1489,,,10,12,2018,16,8,9,546.00,30.74,951.09,528.85
006,1473,4095,1394,1475,,,10,12,2018,16,13,9,538.20,30.36,951.16,528.24
006,1945,4095,2241,1459,,,10,12,2018,16,18,9,551.10,28.36,951.10,528.74
006,1829,4095,2076,1436,,,10,12,2018,16,23,9,553.20,28.46,951.21,527.79
006,2015,4095,2060,1480,,,10,12,2018,16,28,9,549.30,27.08,951.13,528.44
006,1964,4095,2115,1450,,,10,12,2018,16,33,9,555.80,27.70,951.23,527.58
006,1976,4095,2172,1451,,,10,12,2018,16,38,9,556.70,28.57,951.07,528.98
006,1959,4095,2031,1468,,,10,12,2018,16,43,9,554.60,28.14,951.04,529.26
006,1952,4095,2118,1475,,,10,12,2018,16,48,9,559.80,28.24,951.03,529.37
006,1791,4095,1526,1455,,,10,12,2018,16,53,9,556.50,28.39,951.09,528.84
006,1783,4095,1967,1440,,,10,12,2018,16,58,9,553.80,28.78,951.21,527.77
006,2022,4095,2231,1449,,,10,12,2018,17,3,9,558.50,28.24,951.12,528.51
006,2016,4095,2236,1447,,,10,12,2018,17,8,9,551.30,28.78,951.01,529.54
006,2065,4095,2256,1477,,,10,12,2018,17,13,9,555.10,28.32,951.13,528.42
006,2041,4095,2219,1471,,,10,12,2018,17,18,9,547.20,28.59,951.12,528.54
006,2035,4095,2265,1462,,,10,12,2018,17,23,9,549.80,28.52,951.12,528.53
006,2040,4095,2272,1480,,,10,12,2018,17,28,9,552.60,29.43,951.08,528.91
006,2041,4095,2279,1473,,,10,12,2018,17,33,9,556.80,30.19,951.01,529.47
006,2064,4095,2273,1468,,,10,12,2018,17,38,9,558.80,29.23,950.84,531.01
006,2041,4095,2272,1472,,,10,12,2018,17,43,9,558.20,28.98,950.94,530.14
006,2033,4095,2272,1469,,,10,12,2018,17,48,9,556.10,29.27,950.97,529.89
006,2038,4095,2240,1455,,,10,12,2018,17,53,9,558.70,29.16,950.86,530.83
006,2016,4095,2225,1443,,,10,12,2018,17,58,9,558.60,28.20,950.93,530.16
006,2005,4095,2209,1452,,,10,12,2018,18,3,9,554.70,29.83,951.05,529.19
006,1981,4095,2193,1436,,,10,12,2018,18,8,9,550.40,29.60,950.90,530.47
006,1969,4095,2183,1417,,,10,12,2018,18,13,9,552.30,29.49,950.90,530.45
006,1966,4095,2163,1417,,,10,12,2018,18,18,9,552.10,28.65,950.91,530.42
006,1953,4095,2163,1415,,,10,12,2018,18,23,9,551.70,29.53,950.90,530.44
006,1952,4095,2147,1404,,,10,12,2018,18,28,9,556.10,28.10,950.79,531.45
006,1958,4095,2163,1399,,,10,12,2018,18,33,9,553.30,28.84,950.76,531.68
006,1929,4095,2109,1404,,,10,12,2018,18,38,9,561.80,28.40,950.84,530.96
006,1929,4095,2131,1385,,,10,12,2018,18,43,9,556.90,28.37,950.83,531.12
006,1897,4095,2096,1363,,,10,12,2018,18,48,9,557.20,28.43,950.79,531.46
006,1910,4095,2083,1335,,,10,12,2018,18,53,9,556.20,28.51,950.82,531.16
006,1865,4095,2078,1353,,,10,12,2018,18,58,9,555.60,29.09,950.68,532.44
006,1841,4095,2028,1321,,,10,12,2018,19,3,9,554.10,29.03,950.66,532.61
006,1836,4095,2019,1315,,,10,12,2018,19,8,9,567.40,28.66,950.71,532.10
006,1840,4095,2003,1315,,,10,12,2018,19,13,9,557.80,28.65,950.65,532.69
006,1801,4095,1975,1289,,,10,12,2018,19,18,9,559.00,28.33,950.77,531.63
006,1795,4095,1977,1299,,,10,12,2018,19,23,9,558.80,29.23,950.65,532.66
006,1814,4095,1972,1284,,,10,12,2018,19,28,9,554.20,29.32,950.74,531.87
006,1638,4095,1785,1179,,,10,12,2018,19,33,9,555.60,28.50,950.54,533.59
006,1753,4095,1927,1263,,,10,12,2018,19,38,9,562.10,29.63,950.58,533.27
006,1730,4095,1873,1233,,,10,12,2018,19,43,9,555.30,29.75,950.48,534.16
006,1749,4095,1904,1228,,,10,12,2018,19,48,9,560.50,28.94,950.44,534.55
006,1657,4095,1840,1200,,,10,12,2018,19,53,9,555.30,28.40,950.60,533.09
006,1673,4095,1841,1201,,,10,12,2018,19,58,9,550.90,28.59,950.53,533.76
006,1647,4095,1776,1204,,,10,12,2018,20,3,9,558.00,28.72,950.50,533.99
006,1606,4095,1715,1147,,,10,12,2018,20,8,9,556.10,27.64,950.45,534.37
006,1507,4095,1646,1091,,,10,12,2018,20,13,9,559.20,27.34,950.40,534.82
006,1494,4095,1708,1128,,,10,12,2018,20,18,9,556.90,27.18,950.38,535.03
006,1478,4095,1628,1079,,,10,12,2018,20,23,9,567.20,26.47,950.37,535.09
006,1465,4095,1582,1019,,,10,12,2018,20,28,9,557.20,26.89,950.41,534.75
006,1551,4095,1703,1134,,,10,12,2018,20,33,9,554.60,27.03,950.32,535.52
006,1521,4095,1660,1079,,,10,12,2018,20,38,9,556.90,27.05,950.43,534.57
006,1468,4095,1598,1073,,,10,12,2018,20,43,9,557.50,27.16,950.27,536.03
006,18,4095,32,10,,,10,12,2018,20,48,9,548.90,27.58,950.45,534.39
006,17,4095,32,10,,,10,12,2018,20,53,9,556.90,26.30,950.28,535.94
006,19,4095,35,10,,,10,12,2018,20,58,9,560.10,26.10,950.47,534.24
006,19,4095,33,10,,,10,12,2018,21,3,9,557.40,26.13,950.46,534.37
006,19,4095,33,10,,,10,12,2018,21,8,9,559.00,26.54,950.57,533.40
006,22,4095,33,11,,,10,12,2018,21,13,9,559.00,26.26,950.44,534.49
006,20,4095,34,10,,,10,12,2018,21,18,9,554.60,25.63,950.58,533.28
006,26,4095,34,10,,,10,12,2018,21,23,9,558.20,26.12,950.61,533.05
006,19,4095,33,10,,,10,12,2018,21,28,9,556.80,25.35,950.63,532.88
006,68,4095,35,10,,,10,12,2018,21,33,9,561.20,26.80,950.70,532.21
006,156,4095,31,10,,,10,12,2018,21,38,9,561.10,26.21,950.76,531.73
006,151,4095,34,9,,,10,12,2018,21,43,9,555.20,24.72,950.65,532.67
006,22,4095,34,10,,,10,12,2018,21,48,9,557.80,25.16,950.76,531.73
006,19,4095,32,10,,,10,12,2018,21,53,9,554.70,24.40,950.72,532.03
006,19,4095,33,9,,,10,12,2018,21,58,9,551.30,24.15,950.90,530.47
006,26,4095,36,9,,,10,12,2018,22,3,9,549.50,23.74,950.86,530.82
006,114,4095,34,9,,,10,12,2018,22,8,9,555.30,23.71,950.97,529.82
006,227,4095,32,9,,,10,12,2018,22,13,9,556.50,23.47,950.99,529.68
006,30,4095,34,9,,,10,12,2018,22,18,9,556.00,23.82,951.09,528.84
006,148,4095,33,9,,,10,12,2018,22,23,9,548.90,23.39,951.18,528.01
006,20,4095,36,9,,,10,12,2018,22,28,9,553.70,22.75,951.16,528.17
006,28,4095,32,9,,,10,12,2018,22,33,9,557.40,22.00,951.16,528.17
006,21,4095,35,9,,,10,12,2018,22,38,9,556.70,21.69,951.23,527.55
006,252,4095,36,9,,,10,12,2018,22,43,9,553.40,21.71,951.37,526.32
006,258,4095,34,9,,,10,12,2018,22,48,9,550.10,21.44,951.27,527.26
006,31,4095,36,9,,,10,12,2018,22,53,9,558.80,21.16,951.58,524.52
006,241,4095,37,9,,,10,12,2018,22,58,9,554.60,20.97,951.58,524.54
006,298,4095,37,9,,,10,12,2018,23,3,9,551.20,20.74,951.52,525.05
006,202,4095,41,9,,,10,12,2018,23,8,9,547.70,20.62,951.63,524.04
006,4095,4095,38,9,,,11,12,2018,10,13,9,554.00,11.04,954.65,497.68
006,4095,4095,63,9,,,11,12,2018,10,18,9,557.60,11.32,954.67,497.46
006,4095,4095,39,9,,,11,12,2018,10,23,9,554.90,11.50,954.59,498.18
006,4095,4095,45,9,,,11,12,2018,10,28,9,550.80,11.89,954.64,497.75
006,4095,4095,37,9,,,11,12,2018,10,33,9,554.50,12.32,954.64,497.71
006,4095,4095,37,9,,,11,12,2018,10,38,9,560.50,12.63,954.68,497.43
006,4095,4095,38,9,,,11,12,2018,10,43,9,563.00,12.80,954.72,497.04
006,4095,4095,41,8,,,11,12,2018,10,48,9,563.70,12.91,954.83,496.11
006,4095,4095,37,9,,,11,12,2018,10,53,9,561.20,12.98,954.82,496.19
006,4095,4095,42,9,,,11,12,2018,10,58,9,562.60,13.33,954.89,495.53
006,4095,4095,38,9,,,11,12,2018,11,3,9,562.20,13.57,954.86,495.78
006,4095,4095,34,9,,,11,12,2018,11,8,9,561.40,13.69,954.92,495.26
006,4095,4095,34,9,,,11,12,2018,11,13,9,561.20,13.83,955.00,494.60
006,4095,4095,39,9,,,11,12,2018,11,18,9,562.70,13.93,954.89,495.58
006,4095,4095,41,9,,,11,12,2018,11,23,9,564.80,14.26,954.98,494.74
006,4095,4095,35,9,,,11,12,2018,11,28,9,561.90,14.69,954.98,494.80
006,4095,4095,33,9,,,11,12,2018,11,33,9,566.30,15.13,954.98,494.78
006,4095,4095,39,9,,,11,12,2018,11,38,9,564.30,15.08,954.98,494.75
006,4095,4095,32,9,,,11,12,2018,11,43,9,561.80,15.67,955.02,494.38
006,4095,4095,33,9,,,11,12,2018,11,48,9,562.30,15.98,955.09,493.85
006,4095,4095,31,9,,,11,12,2018,11,53,9,563.00,15.71,955.08,493.87
006,4095,4095,42,9,,,11,12,2018,11,58,9,561.90,16.81,955.16,493.16
006,4095,4095,35,9,,,11,12,2018,12,3,9,559.00,17.11,955.12,493.57
006,4095,4095,41,10,,,11,12,2018,12,8,9,562.90,17.47,955.09,493.84
006,4095,4095,34,9,,,11,12,2018,12,13,9,560.50,18.01,955.09,493.83
006,4095,4095,32,9,,,11,12,2018,12,18,9,563.90,18.37,955.16,493.18
006,4095,4095,33,10,,,11,12,2018,12,23,9,561.00,18.68,955.19,492.95
006,4095,4095,33,9,,,11,12,2018,12,28,9,567.20,19.41,955.19,492.92
006,4095,4095,356,299,,,11,12,2018,12,33,9,565.00,20.03,955.23,492.62
006,4095,4095,32,10,,,11,12,2018,12,38,9,558.50,21.35,955.29,492.05
006,612,4095,328,149,,,11,12,2018,12,43,9,560.80,21.75,955.39,491.18
006,1104,4095,1177,690,,,11,12,2018,12,48,9,565.10,23.56,955.42,490.94
006,1345,4095,1417,1089,,,11,12,2018,12,53,9,562.80,23.01,955.41,491.03
006,1497,4095,1681,1095,,,11,12,2018,12,58,9,555.20,26.19,955.40,491.08
006,1329,4095,1551,990,,,11,12,2018,13,3,9,558.70,26.59,955.43,490.81
006,789,4095,886,356,,,11,12,2018,13,8,9,557.80,25.65,955.51,490.15
006,558,4095,491,389,,,11,12,2018,13,13,9,560.20,25.88,955.49,490.27
006,1113,4095,1304,646,,,11,12,2018,13,18,9,560.40,26.18,955.45,490.71
006,1361,4095,1479,1137,,,11,12,2018,13,23,9,558.50,25.40,955.49,490.34
006,1592,4095,1752,1114,,,11,12,2018,13,28,9,560.30,24.43,955.45,490.69
006,1669,4095,1782,1203,,,11,12,2018,13,33,9,558.60,25.58,955.43,490.82
006,1204,4095,1432,906,,,11,12,2018,13,38,9,562.50,27.42,955.37,491.34
006,1617,4095,1718,1001,,,11,12,2018,13,43,9,560.60,27.29,955.35,491.55
006,1476,4095,1491,1023,,,11,12,2018,13,48,9,556.80,28.57,955.34,491.64
006,1046,4095,945,879,,,11,12,2018,13,53,9,556.00,28.52,955.42,490.95
006,304,4095,288,168,,,11,12,2018,13,58,9,559.70,26.64,955.36,491.48
006,532,4095,449,434,,,11,12,2018,14,3,9,572.10,25.90,955.38,491.27
006,865,4095,924,713,,,11,12,2018,14,8,9,557.40,28.37,955.48,490.41
006,164,4095,192,120,,,11,12,2018,14,13,9,552.70,27.10,955.43,490.81
006,253,4095,315,191,,,11,12,2018,14,18,9,553.70,27.03,955.53,489.97
006,121,4095,136,104,,,11,12,2018,14,23,9,556.90,26.92,955.47,490.49
006,375,4095,476,331,,,11,12,2018,14,28,9,555.70,25.81,955.47,490.47
006,253,4095,242,126,,,11,12,2018,14,33,9,556.50,24.96,955.49,490.31
006,306,4095,323,226,,,11,12,2018,14,38,9,556.40,26.06,955.42,490.91
006,536,4095,476,391,,,11,12,2018,14,43,9,557.10,26.42,955.34,491.63
006,1090,4095,945,757,,,11,12,2018,14,48,9,552.90,26.36,955.44,490.79
006,1073,4095,1145,705,,,11,12,2018,14,53,9,552.80,25.81,955.40,491.13
006,1484,4095,1517,1126,,,11,12,2018,14,58,9,557.40,27.51,955.43,490.80
006,487,4095,700,540,,,11,12,2018,15,3,9,564.60,26.20,955.41,491.04
006,1143,4095,1441,957,,,11,12,2018,15,8,9,571.70,27.64,955.48,490.37
006,1326,4095,1687,1121,,,11,12,2018,15,13,9,562.20,26.90,955.49,490.35
006,1632,4095,1600,1078,,,11,12,2018,15,18,9,562.00,26.50,955.47,490.46
006,1568,4095,1573,1175,,,11,12,2018,15,23,9,555.30,27.48,955.54,489.91
006,1603,4095,1419,1289,,,11,12,2018,15,28,9,559.40,30.08,955.46,490.57
006,1460,4095,1001,1383,,,11,12,2018,15,33,9,557.40,28.96,955.41,491.05
006,1839,4095,1454,1347,,,11,12,2018,15,38,9,553.40,30.78,955.49,490.35
006,1940,4095,2137,1401,,,11,12,2018,15,43,9,547.80,29.75,955.49,490.36
006,1947,4095,1811,1392,,,11,12,2018,15,48,9,559.40,29.68,955.40,491.06
006,1975,4095,1904,1403,,,11,12,2018,15,53,9,564.90,28.25,955.43,490.88
006,1945,4095,1937,1412,,,11,12,2018,15,58,9,558.70,27.09,955.38,491.24
006,1516,4095,963,1432,,,11,12,2018,16,3,9,549.70,28.22,955.39,491.20
006,1553,4095,1077,1400,,,11,12,2018,16,8,9,545.80,27.45,955.27,492.25
006,1425,4095,1076,1451,,,11,12,2018,16,13,9,548.80,29.20,955.31,491.89
006,1832,4095,1342,1460,,,11,12,2018,16,18,9,554.30,28.76,955.21,492.76
006,1505,4095,1030,1434,,,11,12,2018,16,23,9,553.30,27.04,955.27,492.26
006,1904,4095,1514,1456,,,11,12,2018,16,28,9,557.50,27.39,955.27,492.24
006,1713,4095,1426,1457,,,11,12,2018,16,33,9,557.60,28.61,955.22,492.69
006,1873,4095,1923,1483,,,11,12,2018,16,38,9,558.90,26.71,955.14,493.37
006,1986,4095,2231,1475,,,11,12,2018,16,43,9,558.80,28.57,955.20,492.83
006,1995,4095,2199,1472,,,11,12,2018,16,48,9,559.60,27.57,955.25,492.45
006,1937,4095,1760,1468,,,11,12,2018,16,53,9,557.30,27.46,955.21,492.74
006,1991,4095,2040,1459,,,11,12,2018,16,58,9,555.50,29.09,955.16,493.19
006,1968,4095,2103,1436,,,11,12,2018,17,3,9,561.50,29.63,955.17,493.14
006,1941,4095,1846,1410,,,11,12,2018,17,8,9,561.60,29.06,955.05,494.18
006,1831,4095,1508,1334,,,11,12,2018,17,13,9,562.40,29.05,955.03,494.31
006,1878,4095,2009,1367,,,11,12,2018,17,18,9,552.00,26.99,954.99,494.68
006,2025,4095,2230,1475,,,11,12,2018,17,23,9,558.20,28.22,955.05,494.18
006,1937,4095,2149,1393,,,11,12,2018,17,28,9,555.60,29.63,955.04,494.28
006,2007,4095,2169,1439,,,11,12,2018,17,33,9,567.50,29.96,954.96,494.97
006,1905,4095,2144,1377,,,11,12,2018,17,38,9,562.10,29.06,954.94,495.16
006,1900,4095,2079,1353,,,11,12,2018,17,43,9,560.40,28.49,954.99,494.71
006,1975,4095,2173,1401,,,11,12,2018,17,48,9,559.40,27.37,954.94,495.15
006,1936,4095,2123,1395,,,11,12,2018,17,53,9,556.90,28.21,954.90,495.46
006,1919,4095,2131,1385,,,11,12,2018,17,58,9,552.80,27.77,954.97,494.88
006,1986,4095,2171,1416,,,11,12,2018,18,3,9,559.10,29.63,954.89,495.58
006,1988,4095,2179,1415,,,11,12,2018,18,8,9,556.40,31.17,954.81,496.24
006,1969,4095,2163,1403,,,11,12,2018,18,13,9,549.10,31.52,954.79,496.39
006,1932,4095,2127,1385,,,11,12,2018,18,18,9,549.30,30.59,954.76,496.68
006,1904,4095,2108,1350,,,11,12,2018,18,23,9,549.70,28.17,954.73,496.94
006,1902,4095,2081,1347,,,11,12,2018,18,28,9,548.30,30.15,954.65,497.64
006,1898,4095,2083,1344,,,11,12,2018,18,33,9,561.90,33.17,954.73,496.97
006,827,4095,1320,1041,,,12,12,2018,15,21,39,466.70,31.12,960.47,446.89
006,52,4095,49,10,,,12,12,2018,15,24,23,462.80,31.93,960.35,447.97
006,26,4095,33,10,,,12,12,2018,15,35,14,457.40,31.41,960.42,447.39
006,1896,4095,2046,1331,,,12,12,2018,15,40,31,449.10,29.08,960.46,446.99
006,208,4095,178,118,,,12,12,2018,15,48,9,459.00,27.90,960.23,449.00
006,34,4095,29,9,,,12,12,2018,15,50,51,454.40,227.47,2347.38,-7687.63
006,15,4095,21,8,,,18,12,2018,17,22,20,,33.42,948.46,551.86
006,1859,4095,2150,1404,,,18,12,2018,17,32,33,560.10,32.24,948.31,553.21
006,1849,4095,2196,1411,,,18,12,2018,17,38,9,553.20,31.52,948.42,552.26
006,1856,4095,2158,1386,,,18,12,2018,17,43,9,551.80,32.10,948.21,554.05
006,1834,4095,2187,1503,,,18,12,2018,17,48,9,552.60,31.45,948.26,553.64
006,1849,4095,2184,1376,,,18,12,2018,17,53,9,555.80,31.06,948.31,553.20
006,1875,4095,2208,1401,,,18,12,2018,17,58,9,554.00,31.74,948.34,552.95
006,1829,4095,2195,1391,,,18,12,2018,18,3,9,554.00,31.20,948.34,552.90
006,1827,4095,2227,1389,,,18,12,2018,18,8,9,554.30,31.45,948.06,555.37
006,1801,4095,2225,1384,,,18,12,2018,18,13,9,555.30,31.75,948.07,555.34
006,1833,4095,2177,1356,,,18,12,2018,18,18,9,557.10,30.90,948.13,554.75
006,1824,4095,2188,1363,,,18,12,2018,18,23,9,554.00,31.49,948.18,554.36
006,1795,4095,2179,1367,,,18,12,2018,18,28,9,558.40,31.45,948.10,555.03
006,1841,4095,2150,1359,,,18,12,2018,18,33,9,555.30,31.43,948.07,555.30
006,1824,4095,2147,1337,,,18,12,2018,18,38,9,557.80,31.41,948.02,555.78
006,1795,4095,2103,1331,,,18,12,2018,18,43,9,556.60,31.37,947.93,556.56
006,1777,4095,2044,1312,,,18,12,2018,18,48,9,558.10,31.17,947.96,556.25
006,4083,4095,2001,1358,,,18,12,2018,18,53,9,561.00,31.88,947.96,556.30
006,1718,4095,2024,1291,,,18,12,2018,18,58,9,557.40,31.19,947.94,556.45
006,1720,4095,1987,1291,,,18,12,2018,19,3,9,557.00,31.54,947.89,556.86
006,1713,4095,2003,1283,,,18,12,2018,19,8,9,555.30,30.98,947.90,556.77
006,4095,4095,4095,4095,,,18,12,2018,19,13,9,558.00,31.34,947.90,556.78
006,1672,4095,1921,1239,,,18,12,2018,19,18,9,560.70,30.69,948.00,555.95
006,1539,4095,1952,1243,,,18,12,2018,19,23,9,561.30,32.15,947.91,556.69
006,4095,4095,4095,4095,,,18,12,2018,19,28,9,561.40,30.93,947.91,556.73
006,1404,4095,1648,860,,,18,12,2018,19,33,9,555.70,30.25,944.33,588.23
006,4095,4095,4095,4095,,,18,12,2018,19,38,9,554.60,36.02,942.84,601.39
006,1075,4095,1187,1543,,,18,12,2018,19,43,9,555.10,34.46,943.75,593.30
006,1131,4095,1176,1590,,,18,12,2018,19,48,9,549.80,38.23,944.37,587.85
006,1095,4095,1313,1649,,,18,12,2018,19,53,9,554.50,34.38,944.59,585.90
006,1155,4095,1295,1744,,,18,12,2018,19,58,9,560.90,34.80,944.73,584.72
006,4095,4095,4095,4095,,,18,12,2018,20,3,9,556.20,34.63,944.70,584.94
006,1320,4095,1473,1855,,,18,12,2018,20,8,9,559.60,31.46,944.36,587.94
006,1336,4095,1495,1931,,,18,12,2018,20,13,9,561.00,34.04,944.41,587.48
006,1344,4095,1475,1888,,,18,12,2018,20,18,9,558.40,33.38,944.62,585.64
006,1411,4095,1680,1889,,,18,12,2018,20,23,9,559.30,32.90,945.20,580.56
006,1328,4095,1593,1811,,,18,12,2018,20,28,9,559.80,31.87,945.49,577.99
006,4095,4095,4095,4095,,,18,12,2018,20,33,9,561.80,34.40,945.64,576.64
006,1287,4095,1632,1807,,,18,12,2018,20,38,9,557.20,30.70,945.83,574.99
006,1217,4095,1529,1697,,,18,12,2018,20,43,9,556.60,33.27,945.98,573.73
006,1576,4095,1603,1697,,,18,12,2018,20,48,9,559.00,31.79,946.20,571.73
006,1504,4095,4095,4094,,,18,12,2018,20,53,9,557.70,32.01,946.30,570.88
006,4095,4095,4095,4095,,,18,12,2018,20,58,9,559.10,33.91,946.36,570.32
006,4095,4095,4095,4095,,,18,12,2018,21,3,9,559.80,31.53,946.39,570.04
006,4095,4095,4095,4095,,,18,12,2018,21,8,9,561.90,31.50,946.45,569.59
006,4095,4095,4095,4095,,,18,12,2018,21,13,9,557.50,30.72,946.52,568.98
006,4095,4095,4095,4095,,,18,12,2018,21,18,9,557.60,32.18,946.57,568.48
006,4095,4095,4095,4095,,,18,12,2018,21,23,9,556.50,32.22,946.67,567.65
006,4095,4095,4095,4095,,,18,12,2018,21,28,9,555.20,31.84,946.64,567.90
006,4095,4095,4095,4095,,,18,12,2018,21,33,9,555.20,33.02,946.78,566.63
006,4095,4095,4095,4095,,,18,12,2018,21,38,9,553.10,31.25,946.94,565.23
006,4095,4095,4095,4095,,,18,12,2018,21,43,9,556.50,30.56,946.83,566.23
006,4095,4095,4095,4095,,,18,12,2018,21,48,9,559.40,28.89,946.75,566.95
006,4095,4095,4095,4095,,,18,12,2018,21,53,9,557.40,31.05,947.10,563.85
006,4095,4095,4095,4095,,,18,12,2018,21,58,9,558.80,29.97,947.08,564.05
006,4095,2047,4095,4095,,,18,12,2018,22,3,9,558.00,29.78,947.22,562.79
006,4095,4095,4095,4095,,,18,12,2018,22,8,9,555.30,31.22,947.44,560.82
006,4095,4095,4095,4095,,,18,12,2018,22,13,9,553.50,29.57,947.33,561.84
006,4095,4095,4095,4095,,,18,12,2018,22,18,9,556.30,29.40,947.58,559.65
006,4095,4095,4095,4095,,,18,12,2018,22,23,9,554.40,27.84,947.61,559.39
006,4095,4095,4095,4095,,,18,12,2018,22,28,9,556.30,26.83,947.80,557.69
006,4095,4095,4095,4095,,,18,12,2018,22,33,9,559.00,26.59,947.88,556.96
006,4095,4095,4095,4095,,,18,12,2018,22,38,9,555.20,26.15,947.92,556.60
006,4095,4095,4095,4095,,,18,12,2018,22,43,9,553.40,25.86,948.35,552.85
006,4095,4095,4095,4095,,,18,12,2018,22,48,9,553.40,25.33,948.48,551.67
006,4095,4095,4095,4095,,,18,12,2018,22,53,9,555.80,24.35,948.94,547.62
006,4095,4095,4095,4095,,,18,12,2018,22,58,9,554.50,23.12,949.17,545.69
006,4095,4095,4095,4095,,,18,12,2018,23,3,9,555.50,22.94,949.32,544.31
006,4095,4095,4095,4095,,,18,12,2018,23,8,9,557.40,22.93,949.45,543.21
006,4095,4095,4095,4095,,,18,12,2018,23,13,9,557.80,22.55,949.40,543.65
006,4095,4095,191,183,,,19,12,2018,10,18,9,561.90,13.71,950.65,532.66
006,4095,4095,204,211,,,19,12,2018,10,23,9,561.70,14.65,950.62,532.95
006,4095,4095,198,204,,,19,12,2018,10,28,9,561.80,14.83,950.64,532.76
006,4095,4095,227,219,,,19,12,2018,10,33,9,566.50,15.08,950.75,531.80
006,4095,4095,258,243,,,19,12,2018,10,48,9,567.60,15.04,950.69,532.35
006,4095,4095,255,243,,,19,12,2018,10,53,9,563.00,16.57,950.71,532.15
006,4095,4095,273,255,,,19,12,2018,10,58,9,564.50,16.42,950.67,532.46
006,4095,4095,280,279,,,19,12,2018,11,3,9,566.20,18.33,950.84,531.00
006,4095,4095,305,271,,,19,12,2018,11,8,9,563.20,18.59,950.77,531.63
006,4095,4095,293,274,,,19,12,2018,11,13,9,564.60,18.86,950.77,531.59
006,4095,4095,304,284,,,19,12,2018,11,18,9,568.10,20.01,950.82,531.16
006,4095,4095,311,294,,,19,12,2018,11,23,9,561.80,18.72,950.75,531.78
006,4095,4095,314,288,,,19,12,2018,11,28,9,561.20,20.97,950.75,531.81
006,4095,4095,325,306,,,19,12,2018,11,33,9,565.20,20.49,950.70,532.19
006,4095,4095,339,311,,,19,12,2018,11,38,9,560.20,20.06,950.64,532.73
006,4095,4095,323,307,,,19,12,2018,11,43,9,559.80,18.15,950.53,533.75
006,4095,4095,331,324,,,19,12,2018,11,48,9,564.50,18.81,950.51,533.92
006,4095,4095,333,311,,,19,12,2018,11,53,9,562.90,20.27,950.47,534.27
006,4095,4095,347,343,,,19,12,2018,11,58,9,565.40,18.73,950.47,534.23
006,4095,4095,337,315,,,19,12,2018,12,3,9,566.70,21.49,950.60,533.11
006,4095,4095,338,316,,,19,12,2018,12,8,9,564.20,19.84,950.52,533.81
006,4095,4095,4060,4080,,,19,12,2018,12,13,9,565.20,21.47,950.55,533.52
006,4095,4095,339,308,,,19,12,2018,12,18,9,565.40,21.41,950.50,533.98
006,4095,4095,367,336,,,19,12,2018,12,23,9,562.20,21.04,950.43,534.56
006,4095,2047,4095,4095,,,19,12,2018,12,28,9,560.10,22.84,950.53,533.72
006,4095,4095,4095,4095,,,19,12,2018,12,33,9,559.50,21.14,950.43,534.61
006,4095,4095,4095,4095,,,19,12,2018,12,38,9,559.40,24.10,950.57,533.39
006,4095,4095,4095,4095,,,19,12,2018,12,43,9,560.40,22.46,950.52,533.84
006,836,4095,351,322,,,19,12,2018,12,48,9,560.00,25.67,950.57,533.39
006,621,4095,347,324,,,19,12,2018,12,53,9,560.80,22.01,950.51,533.90
006,285,4095,347,337,,,19,12,2018,12,58,9,559.60,23.68,950.56,533.42
006,492,4095,355,353,,,19,12,2018,13,3,9,556.90,22.82,950.58,533.32
006,294,4095,361,3847,,,19,12,2018,13,8,9,558.60,25.18,950.71,532.10
006,4095,4095,4095,4095,,,19,12,2018,13,13,9,559.90,24.09,950.56,533.41
006,4095,4095,355,4095,,,19,12,2018,13,18,9,559.20,22.01,950.49,534.06
006,4095,4095,4095,4095,,,19,12,2018,13,23,9,558.70,23.48,950.63,532.85
006,4095,4095,4095,4095,,,19,12,2018,13,28,9,560.20,24.93,950.60,533.10
006,4095,4095,4095,4095,,,19,12,2018,13,33,9,574.70,25.42,950.62,532.96
006,4095,4095,4095,4095,,,19,12,2018,13,38,9,563.90,29.13,950.69,532.35
006,4095,4095,4095,4095,,,19,12,2018,13,43,9,555.40,30.03,950.70,532.20
006,4095,4095,4095,4095,,,19,12,2018,13,48,9,558.30,30.94,950.61,532.99
006,4095,4095,4095,4095,,,19,12,2018,13,53,9,556.90,29.22,950.55,533.50
006,4095,4095,4095,4095,,,19,12,2018,13,58,9,556.20,30.98,950.60,533.09
006,4095,4095,4095,4095,,,19,12,2018,14,3,9,558.60,33.84,950.55,533.54
006,4095,4095,4095,4095,,,19,12,2018,14,8,9,556.40,30.25,949.87,539.54
006,4095,4095,4095,4095,,,19,12,2018,14,13,9,557.80,34.18,948.71,549.73
006,427,4095,446,332,,,19,12,2018,14,18,9,556.20,28.44,948.28,553.48
006,326,4095,348,336,,,19,12,2018,14,23,9,559.90,34.24,948.48,551.67
006,315,4095,356,352,,,19,12,2018,14,28,9,564.10,35.64,948.32,553.14
006,352,4095,359,342,,,19,12,2018,14,33,9,560.90,37.71,948.30,553.31
006,328,4095,818,343,,,19,12,2018,14,38,9,559.60,34.59,948.07,555.31
006,326,4095,371,352,,,19,12,2018,14,43,9,565.30,36.77,948.03,555.65
006,333,4095,374,368,,,19,12,2018,14,48,9,558.30,35.46,948.02,555.78
006,346,4095,368,359,,,19,12,2018,14,53,9,555.00,36.06,947.82,557.50
006,504,4095,385,388,,,19,12,2018,14,58,9,556.30,34.76,947.76,558.06
006,355,4095,361,387,,,19,12,2018,15,3,9,555.70,34.91,947.57,559.69
006,374,4095,379,375,,,19,12,2018,15,8,9,563.60,32.50,947.32,561.92
006,355,4095,364,391,,,19,12,2018,15,13,9,556.50,35.49,947.43,560.89
006,425,4095,374,402,,,19,12,2018,15,18,9,555.20,35.52,947.31,561.95
006,387,4095,384,416,,,19,12,2018,15,23,9,555.10,34.97,947.20,562.98
006,374,4095,379,402,,,19,12,2018,15,28,9,552.00,38.95,948.83,548.61
006,423,4095,379,401,,,19,12,2018,15,33,9,556.40,35.19,947.07,564.06
006,416,4095,380,396,,,19,12,2018,15,38,9,550.20,39.44,948.95,547.57
006,407,4095,373,438,,,19,12,2018,15,43,9,554.50,37.83,949.06,546.65
006,431,4095,423,428,,,19,12,2018,15,48,9,554.80,35.70,947.06,564.22
006,484,4095,413,455,,,19,12,2018,15,53,9,554.90,36.01,947.03,564.43
006,433,4095,452,455,,,19,12,2018,15,58,9,557.80,33.90,946.61,568.11
006,436,4095,427,452,,,19,12,2018,16,3,9,553.20,34.05,946.60,568.26
006,443,4095,464,467,,,19,12,2018,16,8,9,553.20,34.88,946.51,569.02
006,4092,4095,473,4095,,,19,12,2018,16,13,9,554.60,34.29,946.44,569.65
006,4095,4095,433,4095,,,19,12,2018,16,18,9,554.70,35.71,946.48,569.30
006,4087,4095,555,4065,,,19,12,2018,16,23,9,551.40,34.02,946.22,571.57
006,4095,4095,4095,4095,,,19,12,2018,16,28,9,553.40,33.80,946.21,571.67
006,4095,4095,4095,4095,,,19,12,2018,16,33,9,557.70,31.17,945.79,575.33
006,451,4095,4095,4087,,,19,12,2018,16,38,9,556.60,31.92,946.01,573.46
006,455,4095,528,4071,,,19,12,2018,16,43,9,554.10,31.01,945.76,575.59
006,4095,4095,4095,4095,,,19,12,2018,16,48,9,551.30,31.87,945.68,576.34
006,4095,4095,4095,4095,,,19,12,2018,16,53,9,555.10,29.48,945.39,578.90
006,4095,4095,4095,4095,,,19,12,2018,16,58,9,560.00,32.42,945.63,576.80
006,4095,4095,4095,4095,,,19,12,2018,17,3,9,560.70,29.71,945.26,580.00
006,4095,4095,4095,4095,,,19,12,2018,17,8,9,556.90,31.86,945.16,580.93
006,4095,4095,4095,4095,,,19,12,2018,17,13,9,554.70,29.90,945.19,580.63
006,4095,4095,4095,4095,,,19,12,2018,17,18,9,550.30,29.48,944.71,584.84
006,4095,4095,4095,4095,,,19,12,2018,17,23,9,550.30,28.62,944.63,585.55
006,4095,4095,4095,4095,,,19,12,2018,17,28,9,552.00,29.42,944.47,587.03
006,4095,4095,4095,4095,,,19,12,2018,17,33,9,552.10,31.82,944.77,584.32
006,4095,4095,4095,4095,,,19,12,2018,17,38,9,552.90,28.94,944.51,586.61
006,4095,4095,4095,4095,,,19,12,2018,17,43,9,553.50,30.55,944.98,582.46
006,4095,4095,4095,4095,,,19,12,2018,17,48,9,554.80,28.99,945.05,581.84
006,4095,4095,4095,4095,,,19,12,2018,17,53,9,556.00,30.71,945.54,577.52
006,4095,4095,4095,4095,,,19,12,2018,17,58,9,554.60,30.69,945.66,576.52
006,4095,4095,4095,4095,,,19,12,2018,18,3,9,560.60,31.05,945.88,574.53
006,4095,4095,4095,4095,,,19,12,2018,18,8,9,556.30,30.73,946.13,572.36
006,4095,4095,4095,4095,,,19,12,2018,18,13,9,556.10,30.39,946.24,571.40
006,4095,4095,4095,4095,,,19,12,2018,18,18,9,553.30,30.25,946.36,570.31
006,4095,4095,4095,4095,,,19,12,2018,18,23,9,557.80,28.43,946.21,571.67
006,4095,4095,4095,4095,,,19,12,2018,18,28,9,557.50,31.63,946.59,568.30
006,4095,4095,4095,4095,,,19,12,2018,18,33,9,553.30,29.45,946.39,570.10
006,4095,4095,4095,4095,,,19,12,2018,18,38,9,555.30,28.92,946.48,569.25
006,4095,4095,4095,4095,,,19,12,2018,18,43,9,555.60,30.24,946.65,567.81
006,4095,4095,4095,4095,,,19,12,2018,18,48,9,553.70,33.21,946.77,566.69
006,4095,4095,4095,4095,,,19,12,2018,18,53,9,553.10,30.06,946.61,568.18
006,4095,4095,4095,4095,,,19,12,2018,18,58,9,558.20,29.61,946.29,570.96
006,4095,4095,4095,4095,,,19,12,2018,19,3,9,556.70,30.38,946.21,571.66
006,4095,4095,4095,4095,,,19,12,2018,19,8,9,558.50,28.20,945.76,575.66
006,4095,4095,4095,4095,,,19,12,2018,19,13,9,562.30,30.36,945.83,575.01
006,4095,4095,4095,4095,,,19,12,2018,19,18,9,562.20,31.58,946.33,570.59
006,4095,4095,4095,4095,,,19,12,2018,19,23,9,558.60,32.02,947.05,564.30
006,4095,4095,4095,4095,,,19,12,2018,19,28,9,556.60,30.99,946.92,565.45
006,4095,4095,4095,4095,,,19,12,2018,19,33,9,555.50,29.95,947.06,564.14
006,4095,4095,4095,4095,,,19,12,2018,19,38,9,553.30,31.82,947.73,558.29
006,4095,4095,4095,4095,,,19,12,2018,19,43,9,551.70,30.55,948.08,555.19
006,4095,4095,4095,4095,,,19,12,2018,19,48,9,553.10,29.69,948.15,554.63
006,4095,4095,4095,4095,,,19,12,2018,19,53,9,556.60,31.72,948.45,551.94
006,4095,4095,4095,4095,,,19,12,2018,19,58,9,559.20,30.80,948.57,550.95
006,4095,4095,4095,4095,,,19,12,2018,20,3,9,558.20,29.62,948.64,550.27
006,4095,4095,4095,4095,,,19,12,2018,20,8,9,561.30,28.98,948.77,549.16
006,4095,4095,4095,4095,,,19,12,2018,20,13,9,560.70,29.73,948.80,548.86
006,4095,4095,4095,4095,,,19,12,2018,20,18,9,557.30,29.54,948.81,548.77
006,4095,4095,4095,4095,,,19,12,2018,20,23,9,558.50,29.66,948.75,549.31
006,4095,4095,4095,4095,,,19,12,2018,20,28,9,560.40,31.33,948.93,547.73
006,4095,4095,4095,4095,,,19,12,2018,20,33,9,556.80,29.73,948.83,548.65
006,4095,4095,4095,4095,,,19,12,2018,20,38,9,556.60,29.73,949.00,547.12
006,4095,4095,4095,4095,,,19,12,2018,20,43,9,556.20,30.07,949.01,547.03
006,4095,4095,4095,4095,,,19,12,2018,20,48,9,557.60,28.28,948.89,548.10
006,4095,4095,4095,4095,,,19,12,2018,20,53,9,558.30,28.64,949.03,546.84
006,4095,4095,4095,4095,,,19,12,2018,20,58,9,559.70,27.94,948.99,547.21
006,4095,4095,4095,4095,,,19,12,2018,21,3,9,560.70,28.73,949.02,546.93
006,4095,4095,4095,4095,,,19,12,2018,21,8,9,559.30,29.35,949.11,546.15
006,4095,4095,4095,4095,,,19,12,2018,21,13,9,560.70,28.01,949.25,544.98
006,4095,4095,4095,4095,,,19,12,2018,21,18,9,564.20,27.80,949.14,545.93
006,4095,4095,4095,4095,,,19,12,2018,21,23,9,554.10,29.68,949.15,545.81
006,4095,4095,4095,4095,,,19,12,2018,21,28,9,553.30,28.32,948.88,548.16
006,4095,4095,4095,4095,,,19,12,2018,21,33,9,556.20,30.04,949.24,545.05
006,4095,4095,4095,4095,,,19,12,2018,21,38,9,555.90,29.44,949.18,545.52
006,4095,4095,4095,4095,,,19,12,2018,21,43,9,558.40,30.62,949.42,543.43
006,4095,4095,4095,4095,,,19,12,2018,21,48,9,555.90,29.05,949.41,543.51
006,4095,4095,4095,4095,,,19,12,2018,21,53,9,556.10,31.01,949.50,542.74
006,4095,4095,4095,4095,,,19,12,2018,21,58,9,559.80,27.46,949.31,544.38
006,4095,4095,4095,4095,,,19,12,2018,22,3,9,556.50,28.30,949.45,543.23
006,4095,4095,4095,4095,,,19,12,2018,22,8,9,555.70,28.28,949.38,543.82
006,4095,4095,4095,4095,,,19,12,2018,22,13,9,555.90,27.79,949.58,542.04
006,4095,4095,4095,4095,,,19,12,2018,22,18,9,555.50,29.10,949.63,541.59
006,4095,4095,4095,4095,,,19,12,2018,22,23,9,558.20,28.20,949.69,541.06
006,4095,4095,4095,4095,,,19,12,2018,22,28,9,564.10,28.35,949.78,540.25
006,4095,4095,4095,4095,,,19,12,2018,22,33,9,558.60,27.01,949.78,540.25
006,4095,4095,4095,4095,,,19,12,2018,22,38,9,556.20,28.15,949.93,538.94
006,4095,4095,4095,4095,,,19,12,2018,22,43,9,554.60,26.02,949.99,538.42
006,4095,4095,4095,4095,,,19,12,2018,22,48,9,557.30,24.72,950.11,537.39
006,4095,4095,4095,4095,,,19,12,2018,22,53,9,560.10,24.78,950.41,534.74
006,4095,4095,4095,4095,,,19,12,2018,22,58,9,556.50,23.07,950.59,533.18
006,4095,4095,4095,4095,,,19,12,2018,23,3,9,555.00,22.95,950.62,532.95
006,4095,4095,4095,4095,,,19,12,2018,23,8,9,556.10,22.86,950.72,532.03
006,4095,4095,4095,4095,,,19,12,2018,23,13,9,561.10,22.69,950.70,532.23
006,4095,4095,4095,4095,,,20,12,2018,10,18,9,560.00,12.67,950.56,533.42
006,4095,4095,187,194,,,20,12,2018,10,23,9,562.20,13.61,950.36,535.20
006,4095,4095,185,192,,,20,12,2018,10,28,9,562.90,13.97,950.28,535.93
006,4095,4095,199,227,,,20,12,2018,10,33,9,562.70,14.22,950.41,534.76
006,4095,4095,218,231,,,20,12,2018,10,38,9,562.30,13.89,950.31,535.67
006,4095,4095,443,227,,,20,12,2018,10,43,9,557.50,14.44,950.31,535.64
006,4095,4095,240,242,,,20,12,2018,10,48,9,562.10,14.63,950.30,535.75
006,4095,4095,235,238,,,20,12,2018,10,53,9,563.00,14.39,950.19,536.65
006,4095,4095,251,261,,,20,12,2018,10,58,9,563.30,15.44,950.40,534.90
006,4095,4095,258,247,,,20,12,2018,11,3,9,564.30,15.48,950.26,536.06
006,4095,4095,259,263,,,20,12,2018,11,8,9,561.50,16.97,950.46,534.32
006,4095,4095,279,288,,,20,12,2018,11,18,9,566.30,17.05,950.18,536.80
006,4095,4095,288,290,,,20,12,2018,11,23,9,560.10,17.17,950.23,536.32
006,4095,4095,394,288,,,20,12,2018,11,28,9,563.80,16.63,950.26,536.11
006,4095,4095,291,289,,,20,12,2018,11,33,9,563.70,17.23,950.20,536.60
006,4095,4095,305,296,,,20,12,2018,11,38,9,564.00,19.44,950.29,535.81
006,4095,4095,320,303,,,20,12,2018,11,43,9,565.90,19.49,950.22,536.45
006,4095,4095,322,295,,,20,12,2018,11,48,9,562.40,18.65,950.15,537.02
006,4095,4095,303,299,,,20,12,2018,11,53,9,559.20,20.10,950.20,536.61
006,4095,4095,295,300,,,20,12,2018,11,58,9,566.00,17.93,950.17,536.84
006,4095,4095,288,296,,,20,12,2018,12,3,9,565.10,20.74,950.26,536.11
006,4095,4095,293,301,,,20,12,2018,12,8,9,564.80,21.39,950.13,537.24
006,4095,4095,299,301,,,20,12,2018,12,13,9,563.10,22.30,950.05,537.88
006,4095,4095,307,303,,,20,12,2018,12,18,9,563.60,20.19,949.97,538.59
006,4095,4095,299,304,,,20,12,2018,12,23,9,562.00,20.38,949.90,539.25
006,4095,4095,306,324,,,20,12,2018,12,28,9,560.50,22.24,949.96,538.72
006,4095,4095,307,303,,,20,12,2018,12,33,9,561.20,22.92,949.92,539.05
006,4095,4095,305,303,,,20,12,2018,12,38,9,562.40,20.32,949.86,539.57
006,4095,4095,4095,4095,,,20,12,2018,12,43,9,556.90,20.50,949.73,540.74
006,4095,4095,303,301,,,20,12,2018,12,48,9,561.90,21.82,949.58,542.05
006,4095,4095,318,303,,,20,12,2018,12,53,9,559.90,21.25,949.42,543.47
006,4095,4095,464,308,,,20,12,2018,12,58,9,559.30,22.03,949.42,543.48
006,4095,4095,295,307,,,20,12,2018,13,3,9,560.20,23.91,949.27,544.75
006,4095,4095,315,336,,,20,12,2018,13,8,9,561.00,22.12,949.24,545.02
006,4095,4095,4095,4095,,,20,12,2018,13,13,9,561.80,22.84,949.16,545.69
006,1639,4095,314,302,,,20,12,2018,13,18,9,559.00,22.48,949.10,546.30
006,4095,4095,312,312,,,20,12,2018,13,23,9,560.50,25.91,949.07,546.57
006,1831,4095,301,306,,,20,12,2018,13,28,9,568.20,23.14,948.93,547.77
006,2528,4095,291,293,,,20,12,2018,13,33,9,558.00,25.05,948.72,549.56
006,4095,4095,4095,4033,,,20,12,2018,13,38,9,556.10,22.87,948.83,548.63
006,4095,4095,289,303,,,20,12,2018,13,43,9,560.10,22.22,949.00,547.12
006,4095,4095,4095,4095,,,20,12,2018,13,48,9,557.30,22.05,948.94,547.64
006,4095,4095,4095,4095,,,20,12,2018,13,53,9,556.80,21.21,948.93,547.76
006,4095,4095,4094,307,,,20,12,2018,13,58,9,556.50,21.52,948.74,549.42
006,4095,4095,308,316,,,20,12,2018,14,3,9,554.30,20.42,947.30,562.05
006,4095,4095,4095,2047,,,20,12,2018,14,8,9,552.70,23.58,946.93,565.37
006,4095,4095,4095,4095,,,20,12,2018,14,13,9,553.30,24.22,946.99,564.78
006,4095,4095,4095,4095,,,20,12,2018,14,18,9,554.00,24.22,946.61,568.15
006,4095,4095,4095,4095,,,20,12,2018,14,23,9,559.50,24.50,946.76,566.82
006,4095,4095,363,331,,,20,12,2018,14,28,9,558.80,24.03,946.76,566.79
006,4095,4095,4095,4095,,,20,12,2018,14,33,9,554.00,24.13,946.77,566.77
006,4095,4095,4095,4095,,,20,12,2018,14,38,9,554.00,23.92,946.71,567.29
006,4095,4095,350,342,,,20,12,2018,14,43,9,554.70,25.69,946.84,566.11
006,1520,4095,387,343,,,20,12,2018,14,48,9,553.70,25.64,946.78,566.66
006,1544,4095,329,332,,,20,12,2018,14,53,9,554.30,27.05,946.73,567.08
006,1179,4095,316,374,,,20,12,2018,14,58,9,545.80,28.67,946.68,567.53
006,463,4095,329,359,,,20,12,2018,15,3,9,556.30,30.06,946.82,566.27
006,4095,4095,4095,4095,,,20,12,2018,15,8,9,548.00,30.72,946.60,568.24
006,1175,4095,688,370,,,20,12,2018,15,13,9,551.90,30.74,946.54,568.73
006,4095,4095,4095,4095,,,20,12,2018,15,18,9,564.40,31.72,946.67,567.59
006,4095,4095,4095,4095,,,20,12,2018,15,23,9,556.30,33.07,948.18,554.32
006,668,4095,358,410,,,20,12,2018,15,28,9,552.80,33.18,946.40,570.00
006,4095,4095,4095,4095,,,20,12,2018,15,33,9,554.80,33.88,947.80,557.70
006,4095,4095,4095,4095,,,20,12,2018,15,38,9,552.70,30.17,945.91,574.26
006,695,4095,681,432,,,20,12,2018,15,43,9,550.90,32.50,945.92,574.17
006,4095,4095,4095,4095,,,20,12,2018,15,48,9,554.40,36.02,946.02,573.34
006,361,4095,340,406,,,20,12,2018,15,53,9,554.40,34.16,945.89,574.48
006,344,4095,333,403,,,20,12,2018,15,58,9,555.20,31.72,945.54,577.56
006,496,4095,361,416,,,20,12,2018,16,3,9,553.20,30.25,945.38,578.96
006,376,4095,377,3607,,,20,12,2018,16,8,9,554.00,31.22,945.26,580.01
006,4095,4095,4095,4095,,,20,12,2018,16,13,9,554.30,31.61,945.17,580.80
006,4095,4095,4095,4095,,,20,12,2018,16,18,9,553.60,30.41,944.98,582.51
006,4095,4095,4095,4095,,,20,12,2018,16,23,9,555.50,34.11,945.03,582.01
006,344,4095,370,433,,,20,12,2018,16,28,9,555.50,33.02,944.81,583.96
006,403,4095,397,4095,,,20,12,2018,16,33,9,557.80,35.64,944.77,584.37
006,365,4095,4095,4092,,,20,12,2018,16,38,9,559.40,33.90,944.59,585.89
006,345,4095,375,451,,,20,12,2018,16,43,9,551.10,34.86,944.56,586.23
006,443,4095,365,466,,,20,12,2018,16,48,9,549.80,37.83,944.66,585.31
006,455,4095,1040,480,,,20,12,2018,16,53,9,556.70,37.05,944.46,587.11
006,4095,4095,4095,4095,,,20,12,2018,16,58,9,555.20,37.48,944.32,588.34
006,373,4095,389,487,,,20,12,2018,17,3,9,554.70,36.18,944.18,589.53
006,363,4095,415,511,,,20,12,2018,17,8,9,554.10,34.06,943.85,592.43
006,482,4095,464,3852,,,20,12,2018,17,13,9,553.20,34.30,943.81,592.83
006,371,4095,407,560,,,20,12,2018,17,18,9,555.00,33.80,943.80,592.89
006,369,4095,449,615,,,20,12,2018,17,23,9,556.10,34.73,943.76,593.28
006,371,4095,449,611,,,20,12,2018,17,28,9,558.60,34.40,943.88,592.22
006,4095,4095,4095,4095,,,20,12,2018,17,33,9,556.40,33.68,943.80,592.89
006,4095,4095,4095,4095,,,20,12,2018,17,38,9,551.80,31.80,943.99,591.20
006,4095,4095,4095,4095,,,20,12,2018,17,43,9,555.10,36.48,944.28,588.66
006,4095,4095,4095,4095,,,20,12,2018,17,48,9,553.70,32.18,944.30,588.47
006,4095,4095,4095,4095,,,20,12,2018,17,53,9,552.50,33.64,944.50,586.69
006,4095,4095,4095,4095,,,20,12,2018,17,58,9,559.70,40.25,945.06,581.77
006,4095,4095,4095,4095,,,20,12,2018,18,3,9,556.20,34.44,945.04,582.01
006,4095,4095,4095,4095,,,20,12,2018,18,8,9,551.90,38.49,945.19,580.62
006,791,4095,798,4037,,,20,12,2018,18,13,9,554.80,37.11,945.38,578.93
006,4095,4095,4095,4095,,,20,12,2018,18,18,9,553.20,34.99,945.32,579.51
006,4095,4095,4095,4095,,,20,12,2018,18,23,9,553.50,33.61,944.95,582.73
006,4095,4095,4095,4095,,,20,12,2018,18,28,9,554.00,31.55,944.74,584.61
006,4095,4095,4095,4095,,,20,12,2018,18,33,9,554.70,34.18,944.85,583.66
006,4095,4095,4095,4095,,,20,12,2018,18,38,9,551.90,32.90,944.86,583.51
006,4095,4095,4095,4095,,,20,12,2018,18,43,9,553.80,34.29,944.87,583.42
006,4095,4095,4095,4095,,,20,12,2018,18,48,9,548.80,32.56,944.78,584.28
006,1860,4095,2173,1324,,,20,12,2018,18,53,9,551.90,34.03,949.55,542.32
006,1906,4095,2033,1347,,,20,12,2018,18,58,9,553.30,34.19,949.54,542.39
006,1875,4095,2028,1340,,,20,12,2018,19,3,9,554.30,33.82,949.42,543.44
006,1889,4095,1985,1329,,,20,12,2018,19,8,9,553.60,34.13,949.43,543.34
006,1841,4095,1955,1315,,,20,12,2018,19,13,9,551.50,33.61,949.43,543.38
006,1830,4095,1963,1299,,,20,12,2018,19,18,9,557.70,32.71,949.45,543.22
