006,32,6,18,7,,,28,8,2018,17,47,39,120.80,23.78,952.07,520.25
006,1612,1763,4095,1383,,,3,9,2018,16,32,45,546.20,35.79,951.87,521.98
006,1618,1779,4095,1279,,,3,9,2018,16,43,10,550.00,36.76,951.93,521.44
006,1560,1739,4095,1272,,,3,9,2018,16,48,10,548.50,36.42,951.85,522.18
006,1598,1763,4095,1273,,,3,9,2018,16,53,10,552.10,37.20,951.84,522.23
006,1561,1745,4095,1252,,,3,9,2018,17,3,10,554.40,36.05,951.67,523.73
006,1520,1697,4095,1211,,,3,9,2018,17,8,10,556.00,35.78,951.64,523.98
006,1560,1719,4095,1212,,,3,9,2018,17,13,10,550.50,36.13,951.62,524.12
006,1526,1681,4095,1174,,,3,9,2018,17,18,10,554.90,36.58,951.54,524.86
006,1523,1696,4095,1201,,,3,9,2018,17,23,10,555.40,37.58,951.61,524.25
006,1514,1699,4095,1186,,,3,9,2018,17,28,10,559.10,37.31,951.45,525.68
006,1488,1632,4095,1155,,,3,9,2018,17,33,10,550.90,36.90,951.37,526.34
006,1488,1633,4095,1129,,,3,9,2018,17,38,10,554.60,37.22,951.30,526.99
006,1486,1641,4095,1148,,,3,9,2018,17,43,10,550.80,36.56,951.27,527.21
006,1447,1619,4095,1137,,,3,9,2018,17,48,10,551.60,36.18,951.18,528.00
006,1475,1611,4095,1121,,,3,9,2018,17,53,10,555.80,36.36,951.16,528.19
006,1420,1571,4095,1077,,,3,9,2018,17,58,10,558.40,35.78,951.12,528.55
006,1425,1585,4095,1091,,,3,9,2018,18,3,10,552.40,36.67,950.95,530.07
006,1424,1561,4095,1075,,,3,9,2018,18,8,10,552.00,36.53,950.80,531.33
006,1395,1561,4095,1017,,,3,9,2018,18,13,10,552.70,36.44,950.79,531.44
006,1417,1531,4095,1042,,,3,9,2018,18,18,10,553.90,36.36,950.67,532.45
006,1361,1521,4095,1031,,,3,9,2018,18,23,10,558.20,37.25,950.61,533.04
006,1360,1508,2158,1015,,,3,9,2018,18,28,10,557.20,38.21,950.57,533.34
006,1299,1507,4095,1058,,,3,9,2018,18,33,10,551.10,38.02,950.41,534.73
006,1353,1515,4095,1035,,,3,9,2018,18,38,10,556.60,37.95,950.38,535.00
006,1347,1505,4095,978,,,3,9,2018,18,43,10,550.80,37.97,950.28,535.88
006,1361,1528,2899,1019,,,3,9,2018,18,48,10,555.80,38.21,950.18,536.74
006,1260,1341,2131,987,,,3,9,2018,18,53,10,554.20,38.30,950.23,536.36
006,1361,1479,2324,992,,,3,9,2018,18,58,10,554.80,38.73,950.07,537.75
006,1324,1457,4095,972,,,3,9,2018,19,3,10,552.50,38.54,949.95,538.78
006,1304,1463,4095,967,,,3,9,2018,19,8,10,537.60,37.94,949.91,539.19
006,1295,1432,2171,947,,,3,9,2018,19,13,10,552.30,37.81,949.88,539.39
006,1236,1392,3352,920,,,3,9,2018,19,18,10,548.00,37.78,949.84,539.78
006,1201,1388,3251,847,,,3,9,2018,19,23,10,559.00,36.38,949.80,540.15
006,23,8,2685,8,,,3,9,2018,19,28,10,559.10,30.86,949.60,541.85
006,699,1004,4094,784,,,3,9,2018,19,33,10,560.60,30.30,949.55,542.30
006,1175,1307,4095,752,,,3,9,2018,19,38,10,560.60,32.08,949.58,542.07
006,1204,1339,4095,881,,,3,9,2018,19,43,10,560.10,34.62,949.60,541.87
006,1151,1283,4095,854,,,3,9,2018,19,48,10,555.60,35.58,949.59,541.99
006,687,819,4095,729,,,3,9,2018,19,53,10,558.80,35.60,949.45,543.22
006,1121,1233,4095,814,,,3,9,2018,19,58,10,555.80,36.29,949.46,543.11
006,1043,1137,4095,732,,,3,9,2018,20,3,10,557.10,36.61,949.44,543.29
006,962,1028,4095,701,,,3,9,2018,20,8,10,553.40,36.11,949.47,542.99
006,923,1036,4095,683,,,3,9,2018,20,13,10,553.20,36.00,949.42,543.42
006,929,1034,4095,683,,,3,9,2018,20,18,10,550.70,35.68,949.36,543.95
006,855,971,4095,626,,,3,9,2018,20,23,10,550.00,35.78,949.37,543.86
006,729,827,4095,560,,,3,9,2018,20,28,10,552.00,35.49,949.31,544.45
006,701,763,4095,515,,,3,9,2018,20,33,10,553.30,34.82,949.25,544.92
006,695,761,4095,467,,,3,9,2018,20,38,10,557.00,34.24,949.30,544.52
006,693,775,4095,499,,,3,9,2018,20,43,10,554.00,33.60,949.29,544.59
006,619,711,4095,451,,,3,9,2018,20,48,10,553.60,32.70,949.25,544.98
006,601,691,4095,414,,,3,9,2018,20,53,10,553.00,32.70,949.27,544.81
006,24,8,4095,8,,,3,9,2018,20,58,10,556.90,32.99,949.26,544.82
006,25,8,4095,8,,,3,9,2018,21,3,10,551.80,32.90,949.24,545.06
006,25,8,4095,8,,,3,9,2018,21,8,10,547.60,33.31,949.23,545.16
006,24,8,4095,8,,,3,9,2018,21,13,10,553.00,31.95,949.20,545.34
006,26,8,4095,9,,,3,9,2018,21,18,10,549.30,31.61,949.22,545.22
006,26,8,4095,8,,,3,9,2018,21,23,10,552.40,31.50,949.22,545.25
006,24,8,4087,8,,,3,9,2018,21,28,10,552.80,28.36,949.15,545.82
006,24,8,4079,8,,,3,9,2018,21,33,10,552.40,26.80,949.14,545.93
006,25,8,4081,8,,,3,9,2018,21,38,10,549.00,25.90,949.15,545.83
006,27,8,3454,8,,,3,9,2018,21,43,10,549.20,26.36,949.24,545.07
006,25,8,3804,8,,,3,9,2018,21,48,10,550.70,27.45,949.28,544.72
006,27,484,658,7,,,4,9,2018,11,38,10,547.20,12.64,947.39,561.26
006,29,465,1139,7,,,4,9,2018,11,43,10,547.90,13.74,947.30,562.09
006,252,1340,1212,132,,,4,9,2018,11,48,10,556.30,14.88,947.47,560.60
006,314,1459,1569,191,,,4,9,2018,11,53,10,557.90,16.29,947.50,560.34
006,363,1553,1824,192,,,4,9,2018,11,58,10,555.30,17.07,947.46,560.64
006,403,1667,433,313,,,4,9,2018,12,3,10,553.80,17.03,947.49,560.45
006,497,1761,2001,366,,,4,9,2018,12,8,10,554.00,17.32,947.49,560.41
006,551,1843,1903,396,,,4,9,2018,12,13,10,553.10,18.39,947.53,560.03
006,540,1955,1502,434,,,4,9,2018,12,18,10,548.10,19.51,947.57,559.67
006,672,2103,2179,431,,,4,9,2018,12,23,10,551.90,18.41,947.50,560.36
006,704,2188,2057,503,,,4,9,2018,12,28,10,556.90,19.27,947.61,559.36
006,796,1777,2345,452,,,4,9,2018,12,33,10,555.60,19.97,947.66,558.95
006,597,551,1720,283,,,4,9,2018,12,38,10,554.20,21.19,947.64,559.07
006,547,471,1409,329,,,4,9,2018,12,43,10,554.10,22.17,947.71,558.51
006,855,1136,999,631,,,4,9,2018,12,48,10,553.80,22.75,947.70,558.60
006,937,1313,1783,674,,,4,9,2018,12,53,10,555.80,23.36,947.75,558.15
006,947,1976,1635,687,,,4,9,2018,12,58,10,555.50,23.84,947.83,557.45
006,939,1600,1120,707,,,4,9,2018,13,3,10,554.50,24.53,947.81,557.61
006,1028,1187,2337,762,,,4,9,2018,13,13,10,552.40,25.07,947.64,559.12
006,1048,1127,2331,625,,,4,9,2018,13,18,10,552.60,25.83,947.71,558.44
006,654,911,1983,756,,,4,9,2018,13,23,10,549.70,26.14,947.65,558.96
006,1057,1288,1923,839,,,4,9,2018,13,28,10,553.00,25.98,947.66,558.90
006,1172,1345,2468,853,,,4,9,2018,13,33,10,549.60,26.35,947.70,558.58
006,1169,1319,2878,838,,,4,9,2018,13,38,10,551.30,26.48,947.67,558.85
006,1203,1331,2632,869,,,4,9,2018,13,43,10,550.70,26.52,947.65,558.98
006,1185,1373,2151,859,,,4,9,2018,13,48,10,552.20,26.71,947.61,559.39
006,1203,1395,2439,897,,,4,9,2018,13,53,10,552.10,27.52,947.60,559.47
006,987,1139,2220,819,,,4,9,2018,13,58,10,551.40,28.37,947.62,559.24
006,1264,1575,2368,921,,,4,9,2018,14,3,10,550.50,28.78,947.60,559.46
006,1147,1590,2071,952,,,4,9,2018,14,8,10,553.60,29.29,947.57,559.72
006,1361,2003,2428,995,,,4,9,2018,14,13,10,553.00,29.89,947.59,559.52
006,1363,1571,1895,1009,,,4,9,2018,14,18,10,553.40,30.07,947.49,560.43
006,1332,1907,1798,976,,,4,9,2018,14,23,10,550.00,30.47,947.54,559.97
006,1379,1755,2631,1007,,,4,9,2018,14,28,10,554.60,31.08,947.50,560.28
006,1391,1961,3057,1028,,,4,9,2018,14,33,10,551.80,30.94,947.60,559.46
006,1405,2211,2790,1025,,,4,9,2018,14,38,10,547.60,31.38,947.64,559.13
006,1358,2065,1607,1060,,,4,9,2018,14,43,10,552.60,32.01,947.56,559.81
006,1387,2171,3431,1031,,,4,9,2018,14,48,10,550.20,32.08,947.57,559.74
006,1440,2248,3323,1027,,,4,9,2018,14,53,10,549.40,32.08,947.60,559.40
006,1304,1771,1615,1029,,,4,9,2018,14,58,10,553.30,32.75,947.60,559.45
006,1056,1091,2173,1019,,,4,9,2018,15,3,10,547.70,32.91,947.61,559.34
006,1488,1640,2716,1048,,,4,9,2018,15,8,10,549.40,33.34,947.62,559.29
006,1456,1827,2726,1057,,,4,9,2018,15,13,10,549.40,33.17,947.50,560.34
006,1476,1817,2708,1069,,,4,9,2018,15,18,10,550.80,33.72,947.57,559.73
006,1479,1771,1915,1088,,,4,9,2018,15,23,10,551.60,34.10,947.49,560.43
006,1550,2227,3448,1111,,,4,9,2018,15,28,10,548.50,33.88,947.47,560.59
006,1543,1777,3203,1113,,,4,9,2018,15,33,10,550.20,34.96,947.40,561.20
006,1527,1717,2087,1143,,,4,9,2018,15,38,10,546.20,35.39,947.43,560.95
006,1587,1776,2630,1163,,,4,9,2018,15,43,10,545.80,36.18,947.33,561.81
006,1556,1737,2495,1143,,,4,9,2018,15,48,10,547.60,36.90,947.45,560.73
006,1531,1761,3138,1139,,,4,9,2018,15,53,10,550.70,37.17,947.32,561.88
006,1579,1761,2696,1139,,,4,9,2018,15,58,10,550.90,37.46,947.33,561.82
006,1574,1881,2830,1144,,,4,9,2018,16,3,10,555.80,37.69,947.21,562.88
006,1530,1735,3791,1120,,,4,9,2018,16,8,10,553.60,38.08,947.18,563.11
006,1571,1760,4095,1159,,,4,9,2018,16,13,10,552.00,37.82,947.13,563.57
006,1584,1785,3175,1157,,,4,9,2018,16,18,10,553.10,37.85,947.05,564.23
006,1649,1783,3175,1158,,,4,9,2018,16,23,10,552.40,38.10,947.01,564.66
006,1641,1843,3427,1184,,,4,9,2018,16,28,10,548.70,39.00,946.99,564.83
006,1648,1827,1897,1187,,,4,9,2018,16,33,10,554.30,39.75,946.99,564.84
006,1617,1817,2718,1177,,,4,9,2018,16,38,10,550.60,40.05,946.86,565.98
006,1676,1856,2912,1201,,,4,9,2018,16,43,10,552.40,39.98,946.77,566.70
006,1729,1923,2467,1251,,,4,9,2018,16,48,10,553.10,40.04,946.77,566.77
006,1721,1929,2824,1251,,,4,9,2018,16,53,10,553.40,41.21,946.69,567.43
006,1727,1897,2753,1241,,,4,9,2018,16,58,10,551.60,41.28,946.52,568.95
006,1688,1892,2640,1219,,,4,9,2018,17,3,10,552.80,41.14,946.55,568.65
006,1648,1857,2832,1206,,,4,9,2018,17,8,10,553.20,40.50,946.34,570.53
006,1608,1829,2915,1188,,,4,9,2018,17,13,10,555.50,41.00,946.36,570.38
006,1601,1897,2961,1176,,,4,9,2018,17,18,10,559.00,40.88,946.28,571.01
006,1571,1817,2599,1151,,,4,9,2018,17,23,10,558.60,41.34,946.30,570.85
006,1561,1800,2407,1137,,,4,9,2018,17,28,10,554.40,40.68,946.16,572.12
006,1597,1792,3169,1153,,,4,9,2018,17,33,10,552.70,41.05,946.23,571.52
006,1596,1785,2208,1134,,,4,9,2018,17,38,10,556.20,41.19,946.15,572.16
006,1585,1811,2724,1161,,,4,9,2018,17,43,10,554.90,41.42,946.09,572.76
006,1535,1793,2521,1153,,,4,9,2018,17,48,10,556.40,42.22,946.03,573.28
006,1577,1841,2851,1143,,,4,9,2018,17,53,10,555.40,42.40,946.04,573.15
006,1585,1789,2780,1135,,,4,9,2018,17,58,10,558.70,41.70,945.98,573.72
006,1489,1688,2339,1067,,,4,9,2018,18,3,10,557.30,41.46,945.94,574.04
006,1351,1513,2147,971,,,4,9,2018,18,8,10,556.60,40.88,945.91,574.34
006,1382,1497,2361,1001,,,4,9,2018,18,13,10,555.60,38.92,945.86,574.72
006,1340,1499,2877,960,,,4,9,2018,18,18,10,555.90,39.12,945.88,574.58
006,1350,1553,2225,1023,,,4,9,2018,18,23,10,558.40,39.05,945.90,574.42
006,1345,1545,2584,991,,,4,9,2018,18,28,10,554.80,37.76,945.86,574.77
006,1383,1547,2737,969,,,4,9,2018,18,33,10,550.30,37.16,945.91,574.27
006,1520,1672,2759,1049,,,4,9,2018,18,38,10,559.30,35.56,945.81,575.20
006,1476,1683,2765,1043,,,4,9,2018,18,43,10,558.30,34.85,945.91,574.34
006,1523,1697,2691,1068,,,4,9,2018,18,48,10,541.20,34.04,945.93,574.15
006,1516,1731,2790,1079,,,4,9,2018,18,53,10,549.10,34.34,945.97,573.75
006,1509,1715,2625,1099,,,4,9,2018,18,58,10,548.00,34.40,946.00,573.49
006,1542,1735,2654,1095,,,4,9,2018,19,3,10,545.80,32.88,946.00,573.50
006,1491,1686,2449,1083,,,4,9,2018,19,8,10,556.60,32.39,946.08,572.76
006,1473,1705,2713,1090,,,4,9,2018,19,13,10,547.20,32.61,946.16,572.09
006,1467,1681,2670,1047,,,4,9,2018,19,18,10,554.10,32.85,946.14,572.24
006,1397,1535,1854,979,,,4,9,2018,19,23,10,556.50,31.14,946.26,571.24
006,24,8,1075,8,,,4,9,2018,19,28,10,560.90,30.43,946.28,571.06
006,1283,1481,1776,945,,,4,9,2018,19,33,10,559.30,30.78,946.33,570.65
006,1329,1505,2563,944,,,4,9,2018,19,38,10,556.60,31.10,946.32,570.67
006,1273,1411,2583,913,,,4,9,2018,19,43,10,557.40,31.05,946.36,570.36
006,1259,1395,4083,824,,,4,9,2018,19,48,10,559.80,31.01,946.48,569.31
006,1233,1395,4095,857,,,4,9,2018,19,53,10,557.10,31.19,946.42,569.78
006,1240,1391,4095,879,,,4,9,2018,19,58,10,558.60,31.28,946.42,569.81
006,1163,1361,4095,823,,,4,9,2018,20,3,10,556.00,31.12,946.35,570.47
006,1159,1286,2065,817,,,4,9,2018,20,8,10,551.50,29.91,946.17,571.97
006,1081,1259,2142,750,,,4,9,2018,20,13,10,551.00,29.05,946.40,569.96
006,1059,1223,1855,753,,,4,9,2018,20,18,10,552.80,28.95,946.44,569.61
006,25,8,1766,8,,,4,9,2018,20,23,10,552.30,28.94,946.38,570.14
006,1031,1151,4072,750,,,4,9,2018,20,28,10,554.50,28.06,946.47,569.35
006,974,1107,4095,700,,,4,9,2018,20,33,10,549.80,28.20,946.57,568.49
006,971,1062,4095,639,,,4,9,2018,20,38,10,550.10,27.98,946.61,568.17
006,883,1015,3334,604,,,4,9,2018,20,43,10,551.00,27.74,946.82,566.28
006,857,960,4095,592,,,4,9,2018,20,48,10,550.20,27.93,946.78,566.65
006,819,919,2799,567,,,4,9,2018,20,53,10,548.90,27.58,946.83,566.18
006,700,823,4095,514,,,4,9,2018,20,58,10,549.50,27.77,946.81,566.35
006,683,795,3203,477,,,4,9,2018,21,3,10,553.60,26.12,947.02,564.56
006,485,555,3196,451,,,4,9,2018,21,8,10,554.00,25.46,947.04,564.40
006,603,686,2036,403,,,4,9,2018,21,13,10,551.50,25.01,947.20,562.99
006,29,7,1968,9,,,4,9,2018,21,18,10,547.90,24.70,947.27,562.32
006,7,0,0,6,,,10,9,2018,15,21,19,,26.40,951.46,525.54
006,1289,2540,1619,929,,,10,9,2018,15,33,10,560.90,31.77,951.46,525.56
006,1301,2819,2313,935,,,10,9,2018,15,38,10,558.90,32.11,951.54,524.87
006,1331,2832,1480,955,,,10,9,2018,15,43,10,556.00,32.58,951.50,525.26
006,1344,2332,2478,951,,,10,9,2018,15,48,10,558.40,33.81,951.53,524.94
006,1363,2453,1688,951,,,10,9,2018,15,53,10,558.20,34.41,951.43,525.84
006,1409,2635,2429,995,,,10,9,2018,15,58,10,557.80,35.47,951.43,525.84
006,1349,1528,2063,979,,,10,9,2018,16,3,10,556.70,35.17,951.44,525.73
006,1348,4095,1561,967,,,10,9,2018,16,8,10,555.20,34.01,951.45,525.65
006,1376,4095,3009,992,,,10,9,2018,16,13,10,559.70,33.67,951.46,525.59
006,1360,4095,1950,990,,,10,9,2018,16,18,10,555.90,34.04,951.36,526.41
006,1388,4095,2945,1001,,,10,9,2018,16,23,10,555.70,35.17,951.38,526.30
006,1406,4095,2726,1016,,,10,9,2018,16,28,10,566.30,35.29,951.37,526.34
006,1392,4095,2808,1012,,,10,9,2018,16,33,10,564.20,34.93,951.29,527.08
006,1463,4095,2643,1049,,,10,9,2018,16,38,10,567.10,35.10,951.25,527.38
006,1457,4095,2739,1041,,,10,9,2018,16,43,10,563.80,35.57,951.16,528.17
006,1482,4095,3068,1043,,,10,9,2018,16,48,10,561.00,35.63,951.07,528.96
006,1476,4095,3006,1073,,,10,9,2018,16,53,10,566.80,35.39,951.01,529.54
006,1433,4095,3121,1056,,,10,9,2018,16,58,10,565.20,35.87,950.94,530.08
006,1441,3772,3015,1027,,,10,9,2018,17,3,10,562.00,35.78,950.97,529.86
006,1441,4095,2071,1056,,,10,9,2018,17,8,10,564.70,36.80,950.96,529.96
006,1436,4095,2433,1047,,,10,9,2018,17,13,10,564.50,37.61,950.86,530.78
006,1385,4095,2035,993,,,10,9,2018,17,18,10,564.20,36.32,950.77,531.57
006,1407,4095,1617,1019,,,10,9,2018,17,23,10,563.30,36.12,950.68,532.42
006,1427,4095,1600,1044,,,10,9,2018,17,28,10,565.70,37.34,950.61,532.98
006,1426,4095,1623,1043,,,10,9,2018,17,33,10,563.60,38.06,950.66,532.57
006,1351,4095,1565,945,,,10,9,2018,17,38,10,564.00,36.59,950.61,533.01
006,1364,4095,1745,1037,,,10,9,2018,17,43,10,565.00,37.00,950.56,533.41
006,1388,3465,1609,987,,,10,9,2018,17,48,10,561.20,37.24,950.49,534.10
006,1335,3283,1542,968,,,10,9,2018,17,53,10,558.30,37.45,950.47,534.27
006,1345,2446,1639,961,,,10,9,2018,17,58,10,560.00,36.99,950.34,535.36
006,1341,1551,1713,967,,,10,9,2018,18,3,10,558.10,35.12,950.30,535.77
006,1664,4046,1900,1188,,,10,9,2018,18,8,10,555.90,35.02,950.23,536.31
006,1601,3632,1859,1167,,,10,9,2018,18,13,10,550.80,35.39,950.11,537.41
006,1521,3704,1795,1124,,,10,9,2018,18,18,10,554.10,35.29,950.11,537.42
006,1577,4095,1807,1145,,,10,9,2018,18,23,10,550.60,35.90,949.94,538.88
006,1553,4095,1768,1145,,,10,9,2018,18,28,10,550.80,35.43,950.03,538.08
006,1545,4095,1801,1067,,,10,9,2018,18,33,10,558.40,37.40,950.01,538.23
006,1475,4095,1687,1073,,,10,9,2018,18,38,10,565.20,36.41,949.91,539.15
006,1489,4095,1704,1063,,,10,9,2018,18,43,10,561.80,35.60,949.90,539.26
006,1478,4095,1696,1059,,,10,9,2018,18,48,10,566.70,35.69,949.71,540.87
006,1443,1778,1649,1016,,,10,9,2018,18,53,10,566.80,34.89,949.77,540.38
006,1510,4095,1648,1035,,,10,9,2018,18,58,10,563.40,34.48,949.77,540.42
006,1447,4095,1619,1027,,,10,9,2018,19,3,10,562.20,35.40,949.76,540.44
006,1378,4095,1579,993,,,10,9,2018,19,8,10,562.30,35.93,949.74,540.68
006,1333,2280,1504,947,,,10,9,2018,19,13,10,555.70,33.83,949.76,540.46
006,1238,4095,1415,903,,,10,9,2018,19,18,10,559.50,34.55,949.69,541.11
006,1196,4095,1367,835,,,10,9,2018,19,23,10,560.40,33.68,949.72,540.83
006,1155,4091,1312,841,,,10,9,2018,19,28,10,560.50,31.61,949.79,540.23
006,1185,2721,1350,831,,,10,9,2018,19,33,10,555.70,31.92,949.79,540.25
006,1225,3768,1378,865,,,10,9,2018,19,38,10,548.80,31.75,949.73,540.74
006,1140,4095,1329,827,,,10,9,2018,19,43,10,549.80,31.67,949.70,540.96
006,1165,4095,1347,851,,,10,9,2018,19,48,10,546.30,31.15,949.76,540.49
006,1121,4095,1248,806,,,10,9,2018,19,53,10,547.70,30.97,949.72,540.80
006,1061,4095,1177,759,,,10,9,2018,19,58,10,545.60,31.07,949.74,540.62
006,1048,4095,1188,743,,,10,9,2018,20,3,10,553.10,30.56,949.72,540.83
006,983,3687,1138,700,,,10,9,2018,20,8,10,552.70,30.95,949.77,540.38
006,1001,3879,1147,684,,,10,9,2018,20,13,10,552.30,30.46,949.85,539.71
006,947,4095,1086,683,,,10,9,2018,20,18,10,553.80,29.47,949.83,539.87
006,936,4095,1041,650,,,10,9,2018,20,23,10,552.90,29.30,949.76,540.49
006,851,3761,963,596,,,10,9,2018,20,28,10,551.80,28.40,949.69,541.08
006,844,3627,951,596,,,10,9,2018,20,33,10,555.40,27.74,949.80,540.12
006,825,3640,935,583,,,10,9,2018,20,38,10,562.00,28.05,949.78,540.33
006,778,2704,887,527,,,10,9,2018,20,43,10,558.40,28.22,949.78,540.30
006,747,2864,812,502,,,10,9,2018,20,48,10,553.90,27.08,949.86,539.58
006,683,3304,763,474,,,10,9,2018,20,53,10,554.30,26.12,949.91,539.15
006,619,3297,697,433,,,10,9,2018,20,58,10,554.20,25.51,949.82,539.92
006,577,2918,635,377,,,10,9,2018,21,3,10,554.40,24.84,949.88,539.44
006,524,2768,587,371,,,10,9,2018,21,8,10,552.30,24.64,949.94,538.90
006,20,7,4,7,,,1,10,2018,17,18,22,,21.26,955.33,491.68
006,1553,1863,4095,1103,,,,,,,,,,26.20,953.23,510.05
006,1601,1876,4095,1151,,,2,10,2018,18,48,9,556.50,26.74,953.28,509.63
006,1480,1929,4095,1088,,,2,10,2018,18,53,9,561.50,25.99,953.34,509.11
006,1519,1784,4095,1091,,,2,10,2018,18,58,9,553.90,26.10,953.18,510.52
006,1531,1774,4095,1095,,,2,10,2018,19,3,9,556.10,25.42,953.31,509.37
006,1561,1809,4095,1104,,,2,10,2018,19,8,9,561.30,24.90,953.36,508.96
006,1511,1776,4095,1089,,,2,10,2018,19,13,9,554.70,24.97,953.27,509.75
006,1491,1736,4095,1074,,,2,10,2018,19,18,9,554.60,25.44,953.31,509.38
006,1505,1745,4095,1079,,,2,10,2018,19,23,9,551.60,25.38,953.35,508.99
006,1483,1736,4095,1079,,,2,10,2018,19,28,9,556.40,26.07,953.42,508.43
006,1465,1717,4095,1052,,,2,10,2018,19,33,9,560.60,26.96,953.37,508.83
006,1443,1689,4095,1027,,,2,10,2018,19,38,9,557.70,23.95,953.48,507.89
006,1425,1659,4095,1026,,,2,10,2018,19,43,9,554.90,25.56,953.44,508.22
006,1392,1603,4095,991,,,2,10,2018,19,48,9,550.60,26.17,953.43,508.36
006,1362,1587,4095,971,,,2,10,2018,19,53,9,554.90,24.87,953.50,507.73
006,1345,1554,4095,963,,,2,10,2018,19,58,9,549.60,25.12,953.46,508.09
006,1297,1495,4095,913,,,2,10,2018,20,3,9,548.00,24.36,953.47,508.01
006,1243,1484,4095,887,,,2,10,2018,20,8,9,554.20,25.15,953.51,507.59
006,1275,1463,4095,899,,,2,10,2018,20,13,9,553.90,24.70,953.53,507.49
006,1255,1457,4095,881,,,2,10,2018,20,18,9,552.10,24.76,953.58,506.99
006,1217,1420,4095,869,,,2,10,2018,20,23,9,560.80,23.76,953.43,508.28
006,1175,1379,4095,847,,,2,10,2018,20,28,9,561.30,24.01,953.60,506.83
006,1121,1323,4095,817,,,2,10,2018,20,33,9,556.80,24.40,953.65,506.43
006,1106,1295,4095,791,,,2,10,2018,20,38,9,556.00,24.62,953.59,506.94
006,1011,1232,4095,743,,,2,10,2018,20,43,9,553.70,24.68,953.53,507.42
006,955,1167,4095,723,,,2,10,2018,20,48,9,555.20,23.96,953.54,507.38
006,977,1144,4095,683,,,2,10,2018,20,53,9,545.30,24.35,953.59,506.93
006,934,1097,4095,655,,,2,10,2018,20,58,9,551.30,24.72,953.59,506.88
006,929,1067,4095,646,,,2,10,2018,21,3,9,553.80,23.92,953.51,507.64
006,852,1007,4095,609,,,2,10,2018,21,8,9,549.60,24.01,953.64,506.48
006,827,963,4095,582,,,2,10,2018,21,13,9,545.30,23.79,953.63,506.56
006,763,915,4095,546,,,2,10,2018,21,18,9,555.70,23.69,953.60,506.86
006,724,851,4095,499,,,2,10,2018,21,23,9,546.50,23.33,953.73,505.68
006,643,779,4095,459,,,2,10,2018,21,28,9,555.80,23.44,953.68,506.10
006,613,723,4095,427,,,2,10,2018,21,33,9,554.80,22.28,953.71,505.83
006,591,673,4095,375,,,2,10,2018,21,38,9,556.30,22.05,953.78,505.29
006,495,594,4095,338,,,2,10,2018,21,43,9,555.00,21.27,953.75,505.54
006,443,499,4095,291,,,2,10,2018,21,48,9,555.00,21.81,953.72,505.76
006,254,391,4095,223,,,2,10,2018,21,53,9,552.00,20.78,953.74,505.63
006,92,114,4095,108,,,2,10,2018,21,58,9,546.90,20.56,953.75,505.48
006,24,20,4095,12,,,2,10,2018,22,3,9,551.20,19.86,953.77,505.34
006,68,111,4095,95,,,2,10,2018,22,8,9,553.60,19.72,953.77,505.31
006,1668,208,140,128,,,3,10,2018,10,58,9,562.20,7.71,953.60,506.80
006,2417,263,199,136,,,3,10,2018,11,3,9,557.60,8.61,953.55,507.24
006,2335,326,247,160,,,3,10,2018,11,8,9,558.10,9.51,953.53,507.43
006,1472,7,13,7,,,3,10,2018,11,13,9,556.10,10.93,953.49,507.81
006,2119,455,386,199,,,3,10,2018,11,18,9,559.20,10.79,953.43,508.30
006,1697,7,12,7,,,3,10,2018,11,23,9,557.10,12.14,953.41,508.52
006,2321,633,519,326,,,3,10,2018,11,28,9,554.90,12.72,953.50,507.71
006,1698,691,595,386,,,3,10,2018,11,33,9,560.10,13.69,953.53,507.48
006,1731,760,651,405,,,3,10,2018,11,38,9,555.40,14.17,953.44,508.25
006,1436,835,751,451,,,3,10,2018,11,43,9,550.90,14.29,953.54,507.39
006,1563,900,771,471,,,3,10,2018,11,48,9,551.80,14.40,953.50,507.71
006,1771,999,875,537,,,3,10,2018,11,53,9,554.80,14.66,953.66,506.29
006,1432,945,798,599,,,3,10,2018,11,58,9,553.60,14.60,953.61,506.77
006,1191,1092,589,574,,,3,10,2018,12,3,9,555.30,15.05,953.77,505.35
006,1359,939,1043,431,,,3,10,2018,12,8,9,552.50,16.16,953.72,505.75
006,959,1169,1046,663,,,3,10,2018,12,13,9,547.10,16.18,953.70,505.94
006,1009,1223,1110,694,,,3,10,2018,12,18,9,552.10,16.47,953.77,505.37
006,1067,1265,1113,671,,,3,10,2018,12,23,9,548.50,16.29,953.77,505.33
006,1039,1131,1123,379,,,3,10,2018,12,28,9,546.10,14.99,953.75,505.56
006,1061,1301,1134,694,,,3,10,2018,12,33,9,552.10,14.91,953.80,505.09
006,1155,1331,1230,775,,,3,10,2018,12,38,9,556.50,14.87,953.75,505.48
006,1089,1321,1222,774,,,3,10,2018,12,43,9,552.80,16.36,953.84,504.75
006,1076,1359,1151,820,,,3,10,2018,12,48,9,551.70,17.76,953.83,504.81
006,747,1017,863,811,,,3,10,2018,12,53,9,557.70,17.61,953.72,505.80
006,1284,1504,1359,860,,,3,10,2018,12,58,9,558.00,19.45,953.69,506.07
006,1320,1574,1430,889,,,3,10,2018,13,3,9,556.70,19.35,953.69,506.07
006,1299,1568,1415,879,,,3,10,2018,13,8,9,545.30,19.63,953.80,505.11
006,1380,1632,1459,930,,,3,10,2018,13,13,9,550.10,20.76,953.72,505.79
006,1395,1657,1532,941,,,3,10,2018,13,18,9,550.80,21.79,953.74,505.60
006,1457,1703,1547,963,,,3,10,2018,13,23,9,551.90,22.72,953.72,505.81
006,1489,1729,1587,963,,,3,10,2018,13,28,9,553.50,22.07,953.60,506.81
006,1488,1747,2535,967,,,3,10,2018,13,33,9,551.80,23.20,953.58,507.04
006,1494,1778,2860,998,,,3,10,2018,13,38,9,551.80,22.73,953.67,506.21
006,1529,1763,1609,1015,,,3,10,2018,13,43,9,549.90,21.14,953.62,506.67
006,1528,1763,3251,993,,,3,10,2018,13,48,9,551.00,23.60,953.66,506.27
006,1575,1849,3363,1023,,,3,10,2018,13,53,9,561.10,24.77,953.71,505.84
006,1463,1806,1662,1011,,,3,10,2018,13,58,9,555.40,25.20,953.70,505.97
006,1571,1835,2564,1038,,,3,10,2018,14,3,9,555.80,24.06,953.57,507.12
006,1633,1857,1702,1043,,,3,10,2018,14,8,9,557.10,24.06,953.52,507.54
006,1671,1919,3814,1090,,,3,10,2018,14,13,9,551.90,24.27,953.46,508.05
006,1717,1982,2771,1104,,,3,10,2018,14,18,9,553.00,24.97,953.48,507.87
006,1737,1969,2703,1137,,,3,10,2018,14,23,9,557.00,25.97,953.37,508.81
006,1713,1992,2704,1098,,,3,10,2018,14,28,9,561.30,27.08,953.33,509.22
006,1733,2003,4095,1124,,,3,10,2018,14,33,9,555.30,25.37,953.16,510.71
006,1817,2043,2657,1158,,,3,10,2018,14,38,9,559.70,24.90,953.14,510.88
006,1809,2019,4095,1131,,,3,10,2018,14,43,9,562.90,26.24,953.09,511.25
006,1814,2033,4095,1150,,,3,10,2018,14,48,9,561.20,25.61,953.00,512.09
006,1820,2043,4095,1154,,,3,10,2018,14,53,9,551.30,26.68,952.91,512.91
006,1831,2044,4095,1171,,,3,10,2018,14,58,9,565.10,26.97,952.85,513.35
006,1768,2001,4095,1137,,,3,10,2018,15,3,9,564.00,26.07,952.70,514.68
006,1809,2042,4095,1155,,,3,10,2018,15,8,9,569.30,25.42,952.66,515.02
006,1828,2001,4095,1123,,,3,10,2018,15,13,9,565.20,27.96,952.68,514.91
006,1328,1473,4095,1083,,,3,10,2018,15,18,9,561.70,26.19,952.67,515.00
006,1843,1956,4095,1113,,,3,10,2018,15,23,9,559.60,27.06,952.64,515.22
006,1846,1977,4095,1099,,,3,10,2018,15,28,9,562.90,28.28,952.63,515.32
006,1841,1969,4095,1113,,,3,10,2018,15,33,9,560.80,27.34,952.54,516.10
006,1849,1961,4095,1097,,,3,10,2018,15,38,9,555.10,27.66,952.47,516.69
006,1835,1989,4095,1121,,,3,10,2018,15,43,9,560.90,30.07,952.49,516.58
006,1931,2057,4095,1139,,,3,10,2018,15,48,9,561.40,30.32,952.49,516.57
006,1929,2051,2919,1121,,,3,10,2018,15,53,9,558.30,31.07,952.40,517.29
006,1952,2184,1839,1141,,,3,10,2018,15,58,9,556.40,30.92,952.37,517.62
006,2047,2227,4095,1176,,,3,10,2018,16,3,9,558.00,30.63,952.32,518.03
006,2114,3071,4095,1253,,,3,10,2018,16,8,9,556.30,31.63,952.35,517.79
006,2104,2531,3160,1196,,,3,10,2018,16,13,9,556.50,31.95,952.33,517.98
006,2129,2923,4095,1185,,,3,10,2018,16,18,9,561.10,31.62,952.16,519.44
006,2231,2241,4095,1181,,,3,10,2018,16,23,9,563.80,28.20,952.01,520.76
006,2179,2339,4095,1197,,,3,10,2018,16,28,9,560.40,29.24,951.92,521.50
006,2272,2855,4095,1185,,,3,10,2018,16,33,9,559.30,30.15,951.87,521.97
006,2316,2867,4095,1188,,,3,10,2018,16,38,9,554.40,28.78,951.84,522.25
006,2431,3267,4095,1144,,,3,10,2018,16,43,9,550.70,29.30,951.77,522.87
006,2312,3279,4095,1161,,,3,10,2018,16,48,9,564.30,30.59,951.73,523.16
006,2040,3143,4095,1156,,,3,10,2018,16,53,9,565.00,30.87,951.67,523.74
006,2216,3112,4095,1143,,,3,10,2018,16,58,9,569.00,28.55,951.56,524.71
006,1871,3252,4095,1120,,,3,10,2018,17,3,9,565.30,30.00,951.59,524.40
006,2083,2929,4095,1067,,,3,10,2018,17,8,9,557.90,29.32,951.42,525.96
006,1838,3271,4095,1095,,,3,10,2018,17,13,9,556.50,30.26,951.37,526.32
006,1736,3297,4095,1107,,,3,10,2018,17,18,9,558.60,31.80,951.26,527.29
006,1711,3223,2318,1087,,,3,10,2018,17,23,9,562.50,33.37,951.25,527.41
006,1715,1761,3344,1094,,,3,10,2018,17,28,9,564.10,34.53,951.13,528.49
006,1745,1742,1758,1083,,,3,10,2018,17,33,9,566.50,35.61,951.12,528.54
006,1613,1688,1648,1031,,,3,10,2018,17,38,9,565.60,33.64,951.04,529.27
006,1625,3084,1685,1043,,,3,10,2018,17,43,9,560.20,33.10,950.96,529.91
006,1584,3430,1636,999,,,3,10,2018,17,48,9,557.40,34.99,951.05,529.16
006,1452,3795,1489,926,,,3,10,2018,17,53,9,556.80,32.99,950.85,530.92
006,1377,3470,1429,879,,,3,10,2018,17,58,9,557.30,33.04,950.83,531.09
006,1441,3112,1486,913,,,3,10,2018,18,3,9,561.00,30.93,950.69,532.31
006,1520,1570,1584,961,,,3,10,2018,18,8,9,552.30,32.58,950.66,532.61
006,1623,3884,1614,984,,,3,10,2018,18,13,9,550.60,31.49,950.61,533.00
006,1745,1699,1707,1044,,,3,10,2018,18,18,9,553.10,28.59,950.50,533.99
006,1779,1803,1799,1099,,,3,10,2018,18,23,9,554.60,28.69,950.39,534.93
006,1841,2502,1875,1169,,,3,10,2018,18,28,9,553.30,27.84,950.41,534.74
006,1895,3889,1862,1164,,,3,10,2018,18,33,9,557.10,27.99,950.36,535.17
006,1888,3889,1836,1131,,,3,10,2018,18,38,9,555.40,27.46,950.38,535.01
006,1953,2665,1875,1169,,,3,10,2018,18,43,9,550.30,27.06,950.33,535.43
006,1816,2064,1859,1159,,,3,10,2018,18,48,9,553.30,26.95,950.25,536.14
006,1868,2691,1874,1145,,,3,10,2018,18,53,9,552.90,30.30,950.36,535.18
006,1867,3401,1861,1171,,,3,10,2018,18,58,9,548.20,30.02,950.33,535.47
006,1844,2968,1809,1112,,,3,10,2018,19,3,9,553.90,29.45,950.27,535.99
006,1835,1843,1831,1150,,,3,10,2018,19,8,9,557.60,31.00,950.26,536.06
006,1806,4094,1667,1097,,,3,10,2018,19,13,9,559.10,27.98,950.21,536.56
006,1907,3468,1756,1099,,,3,10,2018,19,18,9,555.30,29.13,950.12,537.27
006,1905,3342,1736,1089,,,3,10,2018,19,23,9,552.20,29.28,950.13,537.19
006,1872,2951,1739,1071,,,3,10,2018,19,28,9,552.20,31.24,950.09,537.58
006,1851,4000,1733,1071,,,3,10,2018,19,33,9,551.20,33.20,950.09,537.54
006,1815,4095,1687,1061,,,3,10,2018,19,38,9,552.70,33.63,950.13,537.19
006,1708,4095,1666,1048,,,3,10,2018,19,43,9,552.50,30.62,950.06,537.84
006,1710,3443,1595,1001,,,3,10,2018,19,48,9,551.40,32.23,950.02,538.18
006,1712,3805,1524,944,,,3,10,2018,19,53,9,559.70,30.23,949.93,538.98
006,1729,2801,1507,937,,,3,10,2018,19,58,9,553.80,32.22,949.97,538.59
006,1660,3089,1508,943,,,3,10,2018,20,3,9,560.60,29.32,949.96,538.76
006,1649,3673,1475,929,,,3,10,2018,20,8,9,558.00,28.47,949.93,538.98
006,1594,2835,1427,882,,,3,10,2018,20,13,9,555.30,28.04,949.86,539.58
006,1660,2144,1449,903,,,3,10,2018,20,18,9,559.00,27.73,949.80,540.12
006,1616,2026,1377,870,,,3,10,2018,20,23,9,558.70,28.37,949.81,540.00
006,1580,2127,1405,875,,,3,10,2018,20,28,9,560.80,27.34,949.74,540.68
006,1620,2210,1358,859,,,3,10,2018,20,33,9,560.00,28.19,949.77,540.35
006,1403,2095,1319,811,,,3,10,2018,20,38,9,551.90,27.90,949.75,540.55
006,1500,2263,1159,790,,,3,10,2018,20,43,9,553.80,27.46,949.74,540.68
006,1416,1648,1171,742,,,3,10,2018,20,48,9,548.20,27.29,949.73,540.70
006,1323,1831,1137,727,,,3,10,2018,20,53,9,553.10,27.96,949.76,540.50
006,1267,1731,972,689,,,3,10,2018,20,58,9,550.60,28.64,949.78,540.31
006,1331,1889,1081,611,,,3,10,2018,21,3,9,551.70,28.08,949.69,541.10
006,1203,2032,980,612,,,3,10,2018,21,8,9,553.50,28.88,949.77,540.41
006,1177,2123,951,594,,,3,10,2018,21,13,9,552.00,29.03,949.77,540.34
006,1177,2639,898,563,,,3,10,2018,21,18,9,549.40,28.74,949.74,540.67
006,1049,2887,835,519,,,3,10,2018,21,23,9,554.90,26.29,949.70,541.03
006,902,2220,768,473,,,3,10,2018,21,28,9,558.80,25.84,949.59,541.98
006,872,2328,707,446,,,3,10,2018,21,33,9,555.90,25.74,949.63,541.59
006,743,2083,670,407,,,3,10,2018,21,38,9,555.50,26.31,949.62,541.66
006,715,2224,591,373,,,3,10,2018,21,43,9,561.10,25.71,949.68,541.20
006,623,1799,507,320,,,3,10,2018,21,48,9,561.70,25.46,949.75,540.54
006,502,1577,384,262,,,3,10,2018,21,53,9,555.50,24.87,949.73,540.73
006,175,1385,139,100,,,3,10,2018,21,58,9,564.00,24.25,949.67,541.26
006,24,462,13,8,,,3,10,2018,22,3,9,558.60,24.38,949.79,540.22
006,79,1478,149,84,,,3,10,2018,22,8,9,556.50,23.61,949.84,539.75
006,14,1091,12,8,,,3,10,2018,22,13,9,548.10,23.18,949.95,538.77
006,1230,2566,935,21,,,4,10,2018,10,58,9,551.30,10.35,948.39,552.52
006,1119,2169,84,32,,,4,10,2018,11,3,9,559.00,10.77,948.34,552.96
006,462,1623,11,7,,,4,10,2018,11,8,9,556.20,11.13,948.40,552.45
006,814,2547,124,31,,,4,10,2018,11,13,9,558.70,11.45,948.42,552.20
006,592,2519,113,86,,,4,10,2018,11,18,9,559.20,11.76,948.46,551.88
006,1589,2769,253,148,,,4,10,2018,11,23,9,564.20,12.62,948.59,550.71
006,1252,2815,175,133,,,4,10,2018,11,28,9,558.00,13.35,948.63,550.39
006,1522,2769,339,158,,,4,10,2018,11,33,9,555.10,13.92,948.66,550.16
006,1529,2760,329,195,,,4,10,2018,11,38,9,557.30,14.79,948.72,549.60
006,1537,2919,471,232,,,4,10,2018,11,43,9,559.70,15.75,948.77,549.18
006,1791,2721,362,233,,,4,10,2018,11,48,9,550.30,16.58,948.81,548.79
006,2068,3059,647,363,,,4,10,2018,11,53,9,551.70,17.99,948.95,547.62
006,1783,3096,586,346,,,4,10,2018,11,58,9,547.50,19.56,949.09,546.35
006,2028,2961,581,367,,,4,10,2018,12,3,9,551.80,20.16,949.08,546.43
006,1860,2641,353,283,,,4,10,2018,12,8,9,551.40,19.46,949.15,545.78
006,2382,2915,609,381,,,4,10,2018,12,13,9,551.00,20.33,949.26,544.88
006,518,3019,583,355,,,4,10,2018,12,18,9,551.40,21.44,949.24,545.04
006,511,2798,576,354,,,4,10,2018,12,23,9,546.90,22.00,949.27,544.79
006,656,3079,747,462,,,4,10,2018,12,28,9,548.70,22.22,949.43,543.37
006,731,1687,791,418,,,4,10,2018,12,33,9,553.30,22.99,949.51,542.70
006,540,1403,619,265,,,4,10,2018,12,38,9,552.50,22.90,949.59,541.98
006,689,1775,801,533,,,4,10,2018,12,43,9,566.30,23.54,949.61,541.78
006,611,1530,696,389,,,4,10,2018,12,48,9,562.80,23.79,949.65,541.39
006,755,1806,864,521,,,4,10,2018,12,53,9,558.30,23.67,949.62,541.72
006,786,2027,883,563,,,4,10,2018,12,58,9,554.00,23.84,949.69,541.08
006,664,1720,811,531,,,4,10,2018,13,3,9,555.80,24.99,949.71,540.88
006,584,1489,664,475,,,4,10,2018,13,8,9,554.30,25.64,949.70,540.95
006,659,1609,1298,498,,,4,10,2018,13,13,9,552.90,25.93,949.66,541.31
006,649,1598,2432,439,,,4,10,2018,13,18,9,551.70,26.16,949.62,541.69
006,4095,2047,4095,4095,,,4,10,2018,13,23,9,553.50,27.65,949.69,541.05
006,776,2439,2480,534,,,4,10,2018,13,28,9,557.40,28.33,949.76,540.50
006,611,2710,3015,529,,,4,10,2018,13,33,9,555.80,27.17,949.78,540.31
006,645,2785,2351,457,,,4,10,2018,13,38,9,554.40,27.82,949.76,540.48
006,528,3036,2831,390,,,4,10,2018,13,43,9,554.60,27.72,949.78,540.32
006,569,3335,2503,370,,,4,10,2018,13,48,9,557.60,27.97,949.70,540.97
006,597,3166,2920,294,,,4,10,2018,13,53,9,551.60,27.20,949.74,540.68
006,573,3363,2547,371,,,4,10,2018,13,58,9,555.90,26.96,949.73,540.77
006,631,3241,4095,446,,,4,10,2018,14,3,9,559.10,28.03,949.85,539.68
006,481,2583,4071,453,,,4,10,2018,14,8,9,554.20,29.47,949.90,539.20
006,558,2964,2159,485,,,4,10,2018,14,13,9,561.40,29.55,949.91,539.14
006,731,2480,1934,557,,,4,10,2018,14,18,9,557.90,30.15,949.91,539.18
006,769,2163,2798,503,,,4,10,2018,14,23,9,555.50,30.13,950.02,538.18
006,807,3347,2439,616,,,4,10,2018,14,28,9,563.00,30.85,949.95,538.80
006,835,4095,4095,583,,,4,10,2018,14,33,9,553.50,30.18,949.91,539.11
006,637,4095,3878,459,,,4,10,2018,14,38,9,554.30,31.54,949.83,539.82
006,598,3921,3811,606,,,4,10,2018,14,43,9,557.90,30.84,949.84,539.75
006,628,4088,4095,457,,,4,10,2018,14,48,9,557.50,32.14,949.79,540.24
006,651,2911,1742,483,,,4,10,2018,14,53,9,568.40,33.58,949.81,540.00
006,816,3433,1799,587,,,4,10,2018,14,58,9,564.80,33.25,949.69,541.11
006,635,3275,3324,420,,,4,10,2018,15,3,9,561.80,32.69,949.78,540.32
006,491,4095,1777,336,,,4,10,2018,15,8,9,562.40,32.90,949.77,540.37
006,369,3457,476,266,,,4,10,2018,15,13,9,562.60,33.72,949.75,540.57
006,569,3793,662,407,,,4,10,2018,15,18,9,560.40,35.63,949.64,541.53
006,433,1397,515,305,,,4,10,2018,15,23,9,560.60,33.72,949.63,541.58
006,465,1748,544,340,,,4,10,2018,15,28,9,558.10,32.11,949.60,541.87
006,524,1608,611,355,,,4,10,2018,15,33,9,560.70,31.59,949.57,542.13
006,947,1417,1120,663,,,4,10,2018,15,38,9,559.00,31.22,949.40,543.59
006,784,1291,947,591,,,4,10,2018,15,43,9,559.80,28.87,949.34,544.16
006,945,2360,1095,631,,,4,10,2018,15,48,9,558.50,30.77,949.39,543.71
006,937,2818,1073,576,,,4,10,2018,15,53,9,558.80,31.48,949.29,544.61
006,1040,2656,1163,807,,,4,10,2018,15,58,9,559.50,32.01,949.32,544.30
006,1200,3023,1296,801,,,4,10,2018,16,3,9,556.10,29.76,949.25,544.95
006,1241,2904,1427,915,,,4,10,2018,16,8,9,558.90,32.87,949.34,544.18
006,1211,3740,1395,899,,,4,10,2018,16,13,9,559.90,29.76,949.26,544.85
006,1249,2744,1420,952,,,4,10,2018,16,18,9,560.20,31.45,949.18,545.57
006,1161,2761,1336,837,,,4,10,2018,16,23,9,560.90,31.51,949.21,545.26
006,1139,2791,1319,830,,,4,10,2018,16,28,9,557.90,31.28,949.21,545.25
006,1312,2734,1520,919,,,4,10,2018,16,33,9,556.40,30.92,949.19,545.49
006,1335,3334,1561,958,,,4,10,2018,16,38,9,556.30,31.48,949.14,545.90
006,1463,2355,1671,1062,,,4,10,2018,16,43,9,561.60,33.99,949.19,545.47
006,1331,4095,1628,1023,,,4,10,2018,16,48,9,563.10,34.61,949.10,546.27
006,1384,4095,1628,967,,,4,10,2018,16,53,9,562.30,34.68,949.12,546.09
006,1224,3096,1415,1041,,,4,10,2018,16,58,9,557.20,31.51,949.08,546.44
006,509,2209,577,354,,,4,10,2018,17,3,9,560.40,32.25,949.08,546.41
006,273,1681,303,221,,,4,10,2018,17,8,9,558.00,30.66,948.94,547.68
006,632,2169,716,479,,,4,10,2018,17,13,9,560.30,29.16,948.95,547.59
006,678,2158,814,253,,,4,10,2018,17,18,9,568.00,29.79,948.86,548.32
006,796,2435,965,635,,,4,10,2018,17,23,9,561.90,31.67,948.96,547.53
006,1006,2862,1170,739,,,4,10,2018,17,28,9,564.10,33.02,948.89,548.13
006,729,2418,865,563,,,4,10,2018,17,33,9,563.30,31.54,948.73,549.48
006,1149,3057,1431,905,,,4,10,2018,17,38,9,566.70,30.84,948.84,548.55
006,1184,3003,1596,1049,,,4,10,2018,17,43,9,556.30,29.47,948.78,549.09
006,38,1232,37,24,,,4,10,2018,17,48,9,564.70,28.27,948.78,549.08
006,1447,3584,1641,1044,,,4,10,2018,17,53,9,557.30,29.53,948.78,549.05
006,480,1968,567,420,,,4,10,2018,17,58,9,557.60,27.84,948.80,548.88
006,733,2192,811,517,,,4,10,2018,18,3,9,556.40,28.88,948.74,549.46
006,1606,3465,1800,1187,,,4,10,2018,18,8,9,553.10,28.50,948.77,549.19
006,1618,3390,1902,1161,,,4,10,2018,18,13,9,557.90,29.88,948.78,549.11
006,595,2512,563,648,,,4,10,2018,18,18,9,557.50,27.99,948.60,550.64
006,1505,3425,1704,1111,,,4,10,2018,18,23,9,555.90,27.65,948.61,550.58
006,1543,3487,1777,1081,,,4,10,2018,18,28,9,556.00,29.21,948.65,550.25
006,712,2109,836,420,,,4,10,2018,18,33,9,554.70,27.74,948.70,549.81
006,337,1891,346,227,,,4,10,2018,18,38,9,555.90,26.64,948.67,550.08
006,1380,3457,1601,996,,,4,10,2018,18,43,9,553.80,29.62,948.71,549.73
006,935,2700,1019,569,,,4,10,2018,18,48,9,551.70,29.57,948.69,549.90
006,1203,3063,1377,841,,,4,10,2018,18,53,9,557.30,28.50,948.65,550.18
006,1174,3136,1419,887,,,4,10,2018,18,58,9,556.20,29.00,948.58,550.84
006,1268,3164,1439,915,,,4,10,2018,19,3,9,555.10,27.41,948.76,549.24
006,783,2656,894,615,,,4,10,2018,19,8,9,554.50,27.15,948.79,548.96
006,561,2251,755,605,,,4,10,2018,19,13,9,553.10,28.11,948.80,548.91
006,1063,3196,1104,886,,,4,10,2018,19,18,9,557.00,29.92,948.76,549.23
006,1395,3568,1535,981,,,4,10,2018,19,23,9,549.90,27.44,948.66,550.10
006,1401,3619,1614,1023,,,4,10,2018,19,28,9,553.10,26.86,948.72,549.64
006,1376,3575,1589,967,,,4,10,2018,19,33,9,555.00,26.73,948.64,550.28
006,796,2412,857,623,,,4,10,2018,19,38,9,553.80,26.26,948.55,551.11
006,1177,3172,1358,834,,,4,10,2018,19,43,9,551.30,27.58,948.66,550.13
006,1201,3398,1395,857,,,4,10,2018,19,48,9,553.00,27.74,948.76,549.27
006,1188,3441,1348,927,,,4,10,2018,19,53,9,551.80,27.28,948.85,548.50
006,1316,3624,1531,888,,,4,10,2018,19,58,9,567.90,27.75,948.91,547.93
006,1297,3496,1491,876,,,4,10,2018,20,3,9,556.90,26.68,948.87,548.31
006,1220,3466,1427,883,,,4,10,2018,20,8,9,552.90,25.75,948.95,547.58
006,1175,3327,1340,849,,,4,10,2018,20,13,9,556.10,25.22,948.95,547.59
006,1140,3224,1324,818,,,4,10,2018,20,18,9,557.50,26.04,949.03,546.87
006,1075,3150,1260,768,,,4,10,2018,20,23,9,548.80,26.48,949.11,546.20
006,1008,3118,1167,735,,,4,10,2018,20,28,9,553.10,25.25,949.01,547.03
006,929,3056,1079,662,,,4,10,2018,20,33,9,545.90,25.64,949.12,546.09
006,915,3065,1031,672,,,4,10,2018,20,38,9,558.60,25.00,949.17,545.60
006,847,3009,940,633,,,4,10,2018,20,43,9,550.10,24.90,949.30,544.49
006,805,2958,910,580,,,4,10,2018,20,48,9,550.30,25.78,949.29,544.60
006,793,2924,898,560,,,4,10,2018,20,53,9,550.00,25.65,949.29,544.62
006,743,2872,847,537,,,4,10,2018,20,58,9,549.10,25.86,949.42,543.44
006,689,2865,787,467,,,4,10,2018,21,3,9,550.80,24.63,949.39,543.70
006,609,2498,691,427,,,4,10,2018,21,8,9,553.70,23.40,949.53,542.49
006,929,2545,630,403,,,4,10,2018,21,13,9,554.10,23.04,949.46,543.07
006,1624,2480,525,340,,,4,10,2018,21,18,9,555.80,22.50,949.43,543.36
006,1395,2567,423,268,,,4,10,2018,21,23,9,559.20,22.29,949.67,541.22
006,1408,2150,238,156,,,4,10,2018,21,28,9,558.60,21.48,949.57,542.12
006,1297,1889,129,96,,,4,10,2018,21,33,9,554.30,21.28,949.65,541.40
006,1002,2036,127,97,,,4,10,2018,21,38,9,555.80,21.19,949.64,541.48
006,956,2043,109,77,,,4,10,2018,21,43,9,551.90,21.15,949.64,541.48
006,811,1681,41,23,,,4,10,2018,21,48,9,551.90,20.77,949.77,540.39
006,423,524,11,7,,,4,10,2018,21,53,9,554.30,20.66,949.91,539.13
006,488,506,12,8,,,4,10,2018,21,58,9,557.70,19.92,949.94,538.92
006,365,475,16,8,,,4,10,2018,22,3,9,550.30,19.53,950.02,538.17
006,612,435,12,8,,,4,10,2018,22,8,9,547.00,19.18,950.10,537.50
006,406,397,12,7,,,4,10,2018,22,13,9,554.20,18.80,950.13,537.22
006,160,867,403,7,,,5,10,2018,10,58,9,558.70,8.70,951.65,523.94
006,322,1548,452,7,,,5,10,2018,11,8,9,555.10,9.19,951.81,522.46
006,239,1412,422,7,,,5,10,2018,11,13,9,555.30,9.15,951.81,522.50
006,242,1446,419,7,,,5,10,2018,11,18,9,556.50,9.29,951.86,522.06
006,735,2854,678,108,,,5,10,2018,11,23,9,560.30,9.57,951.73,523.18
006,990,2407,815,104,,,5,10,2018,11,28,9,559.00,10.34,951.80,522.56
006,391,3129,846,207,,,5,10,2018,11,33,9,554.40,11.61,951.80,522.54
006,423,3187,1271,294,,,5,10,2018,11,38,9,557.10,13.12,951.94,521.36
006,440,3169,993,330,,,5,10,2018,11,43,9,555.50,14.44,951.88,521.92
006,523,3398,545,359,,,5,10,2018,11,48,9,552.50,15.58,951.91,521.63
006,583,3172,1676,399,,,5,10,2018,11,53,9,561.30,16.60,951.83,522.28
006,641,3207,1056,443,,,5,10,2018,11,58,9,553.10,16.83,951.86,522.07
006,563,2897,753,443,,,5,10,2018,12,3,9,548.30,17.32,951.93,521.45
006,577,2913,1604,326,,,5,10,2018,12,8,9,548.60,17.03,951.86,522.04
006,711,3389,2159,503,,,5,10,2018,12,13,9,546.60,17.58,951.94,521.38
006,732,3620,2377,532,,,5,10,2018,12,18,9,548.40,17.37,951.90,521.70
006,727,3281,899,286,,,5,10,2018,12,23,9,551.60,17.22,951.90,521.74
006,807,3617,915,574,,,5,10,2018,12,28,9,551.50,17.13,951.89,521.82
006,867,3537,983,402,,,5,10,2018,12,33,9,548.80,17.95,951.77,522.88
006,905,3776,3159,604,,,5,10,2018,12,38,9,562.30,18.90,951.83,522.28
006,931,3735,2673,636,,,5,10,2018,12,43,9,567.70,16.74,951.85,522.13
006,755,2705,3294,634,,,5,10,2018,12,48,9,559.50,16.70,951.86,522.05
006,921,3619,3168,526,,,5,10,2018,12,53,9,556.60,16.72,951.88,521.85
006,998,3806,2979,674,,,5,10,2018,12,58,9,557.90,17.45,951.89,521.79
006,1057,3712,2707,743,,,5,10,2018,13,3,9,554.20,17.31,951.84,522.20
006,1074,3793,4090,713,,,5,10,2018,13,8,9,557.60,16.62,951.77,522.86
006,1115,3865,3407,804,,,5,10,2018,13,13,9,552.10,18.57,951.71,523.35
006,1145,3888,3806,806,,,5,10,2018,13,18,9,555.80,19.18,951.64,523.99
006,1148,4008,3874,807,,,5,10,2018,13,23,9,558.90,19.61,951.52,525.01
006,1147,4019,1294,751,,,5,10,2018,13,28,9,556.70,19.67,951.54,524.85
006,1191,4094,2870,827,,,5,10,2018,13,33,9,552.60,21.36,951.60,524.36
006,1152,3495,1360,783,,,5,10,2018,13,38,9,548.00,22.05,951.61,524.26
006,1201,3563,2628,851,,,5,10,2018,13,43,9,557.20,22.17,951.60,524.30
006,1211,3160,2371,857,,,5,10,2018,13,48,9,557.40,21.84,951.69,523.57
006,1193,3120,1409,841,,,5,10,2018,13,53,9,555.40,22.41,951.59,524.45
006,1152,3315,1815,893,,,5,10,2018,13,58,9,554.80,23.68,951.73,523.22
006,1249,3360,2510,892,,,5,10,2018,14,3,9,553.30,24.54,951.71,523.40
006,1269,3296,3311,877,,,5,10,2018,14,8,9,556.10,22.15,951.73,523.23
006,1219,3462,1415,878,,,5,10,2018,14,13,9,557.70,24.15,951.71,523.39
006,1233,3616,1963,891,,,5,10,2018,14,18,9,560.90,25.15,951.73,523.22
006,1239,3580,1435,916,,,5,10,2018,14,23,9,562.00,26.28,951.88,521.92
006,1297,3645,1504,943,,,5,10,2018,14,28,9,552.80,26.63,951.78,522.79
006,1315,3535,3777,945,,,5,10,2018,14,33,9,554.60,25.05,951.79,522.71
006,1377,3168,3057,985,,,5,10,2018,14,38,9,558.00,25.75,951.84,522.23
006,1296,3232,4095,939,,,5,10,2018,14,43,9,561.80,27.17,951.88,521.91
006,1285,3471,2299,925,,,5,10,2018,14,48,9,562.90,26.22,951.84,522.28
006,1271,3292,4095,963,,,5,10,2018,14,53,9,563.10,25.75,951.87,521.93
006,1332,3088,2296,940,,,5,10,2018,14,58,9,561.30,26.94,951.89,521.75
006,1285,3367,3742,928,,,5,10,2018,15,3,9,557.70,25.87,951.87,521.94
006,956,3091,3527,875,,,5,10,2018,15,8,9,559.60,24.54,951.78,522.75
006,1341,3264,2318,967,,,5,10,2018,15,13,9,566.50,26.04,951.80,522.62
006,1304,3345,3203,954,,,5,10,2018,15,18,9,558.30,22.55,951.82,522.43
006,1363,3708,2371,981,,,5,10,2018,15,23,9,558.10,22.55,951.90,521.74
006,1336,3491,2626,972,,,5,10,2018,15,28,9,560.60,22.36,951.85,522.13
006,1416,3697,3581,993,,,5,10,2018,15,33,9,565.80,22.20,951.79,522.63
006,1440,3491,3401,1033,,,5,10,2018,15,38,9,558.90,24.48,951.80,522.58
006,1417,3623,3905,1019,,,5,10,2018,15,43,9,558.30,23.51,951.59,524.41
006,1424,3608,3993,1047,,,5,10,2018,15,48,9,555.80,24.28,951.55,524.74
006,1456,3491,4095,1055,,,5,10,2018,15,53,9,558.10,24.20,951.56,524.73
006,1532,3649,3361,1056,,,5,10,2018,15,58,9,556.40,23.81,951.42,525.93
006,1233,3096,2899,1032,,,5,10,2018,16,3,9,558.90,24.16,951.45,525.69
006,1465,3422,4095,1071,,,5,10,2018,16,8,9,561.80,26.10,951.34,526.57
006,1433,3261,4095,1038,,,5,10,2018,16,13,9,561.70,26.29,951.32,526.81
006,1474,3228,4094,1075,,,5,10,2018,16,18,9,559.40,26.47,951.26,527.34
006,1506,3355,4095,1091,,,5,10,2018,16,23,9,558.70,28.04,951.20,527.80
006,1499,3271,2761,1080,,,5,10,2018,16,28,9,553.70,28.02,951.08,528.90
006,1529,3185,3504,1095,,,5,10,2018,16,33,9,558.40,28.54,951.08,528.90
006,1521,3267,4095,1089,,,5,10,2018,16,38,9,556.10,27.39,950.93,530.23
006,1513,3137,4095,1104,,,5,10,2018,16,43,9,544.00,27.19,950.97,529.87
006,1540,3164,4095,1104,,,5,10,2018,16,48,9,564.60,26.87,950.98,529.81
006,1521,3243,3312,1092,,,5,10,2018,16,53,9,559.40,27.32,950.90,530.45
006,1523,3295,3107,1080,,,5,10,2018,16,58,9,561.50,26.10,950.81,531.24
006,1545,3331,2500,1097,,,5,10,2018,17,3,9,558.70,25.78,950.70,532.27
006,1561,3488,2929,1122,,,5,10,2018,17,8,9,564.10,25.92,950.63,532.80
006,1559,3448,4095,1127,,,5,10,2018,17,13,9,561.70,27.56,950.56,533.41
006,1592,3488,3321,1140,,,5,10,2018,17,18,9,561.40,28.45,950.64,532.78
006,1569,3619,4091,1147,,,5,10,2018,17,23,9,561.50,28.41,950.49,534.04
006,1606,3408,4095,1181,,,5,10,2018,17,28,9,563.00,28.40,950.42,534.67
006,1665,3815,4095,1199,,,5,10,2018,17,33,9,564.30,26.27,950.41,534.74
006,1659,3471,4095,1184,,,5,10,2018,17,38,9,560.80,25.22,950.41,534.74
006,1671,3516,2942,1198,,,5,10,2018,17,43,9,564.20,27.74,950.42,534.71
006,1712,3489,3064,1219,,,5,10,2018,17,48,9,557.70,26.87,950.44,534.53
006,1598,3788,2939,1187,,,5,10,2018,17,53,9,551.50,26.51,950.42,534.70
006,1635,3203,4095,1175,,,5,10,2018,17,58,9,555.20,25.88,950.40,534.89
006,1521,3518,3468,1107,,,5,10,2018,18,3,9,557.50,25.67,950.49,534.09
006,1511,3390,4087,1107,,,5,10,2018,18,8,9,554.50,26.27,950.56,533.46
006,1585,3248,4095,1120,,,5,10,2018,18,13,9,555.10,25.33,950.65,532.66
006,1505,3441,2641,1070,,,5,10,2018,18,18,9,557.60,23.74,950.53,533.76
006,1330,3152,2663,1051,,,5,10,2018,18,23,9,556.20,23.97,950.62,532.94
006,1196,2745,2216,870,,,5,10,2018,18,28,9,559.10,23.44,950.55,533.56
006,775,2140,3310,639,,,5,10,2018,18,33,9,555.10,24.63,950.50,533.96
006,1036,2483,3011,615,,,5,10,2018,18,38,9,556.20,24.23,950.45,534.40
006,1473,3425,3120,1062,,,5,10,2018,18,43,9,557.90,24.02,950.57,533.36
006,664,1744,1909,478,,,5,10,2018,18,48,9,554.60,22.88,950.60,533.14
006,704,1895,2280,510,,,5,10,2018,18,53,9,553.00,22.48,950.46,534.29
006,431,1715,2006,382,,,5,10,2018,18,58,9,554.40,22.88,950.57,533.37
006,1410,2945,3336,996,,,5,10,2018,19,3,9,558.60,24.16,950.53,533.69
006,1398,2926,4095,992,,,5,10,2018,19,8,9,555.70,24.59,950.41,534.76
006,1175,2993,4095,819,,,5,10,2018,19,13,9,555.50,24.80,950.31,535.60
006,1319,3121,3011,935,,,5,10,2018,19,18,9,551.50,23.21,950.49,534.06
006,1347,3029,3023,942,,,5,10,2018,19,23,9,554.00,23.60,950.57,533.37
006,1360,3179,3550,951,,,5,10,2018,19,28,9,551.00,23.96,950.54,533.65
006,1271,2880,2929,900,,,5,10,2018,19,33,9,549.70,23.35,950.63,532.85
006,1279,3401,2456,931,,,5,10,2018,19,38,9,552.50,22.93,950.61,532.98
006,1297,3238,2355,937,,,5,10,2018,19,43,9,554.30,23.01,950.52,533.78
006,1252,3168,2384,865,,,5,10,2018,19,48,9,557.20,22.24,950.62,532.88
006,1216,2883,2924,867,,,5,10,2018,19,53,9,545.30,22.57,950.62,532.89
006,1215,3156,2759,871,,,5,10,2018,19,58,9,557.00,22.90,950.69,532.31
006,1179,3057,2876,699,,,5,10,2018,20,3,9,554.50,23.17,950.71,532.16
006,1137,2820,2755,814,,,5,10,2018,20,8,9,556.10,23.86,950.79,531.42
006,1101,3004,2520,803,,,5,10,2018,20,13,9,554.10,23.19,950.75,531.80
006,1095,3246,2342,787,,,5,10,2018,20,18,9,561.20,23.48,950.90,530.45
006,1069,3015,3407,758,,,5,10,2018,20,23,9,549.80,23.24,950.92,530.29
006,1023,2609,2899,718,,,5,10,2018,20,28,9,553.50,23.19,950.82,531.14
006,1019,2849,3334,715,,,5,10,2018,20,33,9,554.50,23.81,950.88,530.68
006,952,2417,2684,690,,,5,10,2018,20,38,9,549.20,23.45,950.94,530.11
006,871,2919,2855,567,,,5,10,2018,20,43,9,549.10,23.81,950.99,529.65
006,851,2582,2472,610,,,5,10,2018,20,48,9,554.90,23.67,950.98,529.79
006,819,2609,2737,543,,,5,10,2018,20,53,9,547.10,23.46,951.14,528.39
006,783,2540,2086,529,,,5,10,2018,20,58,9,555.20,22.26,951.18,527.97
006,748,2428,2441,531,,,5,10,2018,21,3,9,549.10,22.46,951.25,527.40
006,664,2023,2412,435,,,5,10,2018,21,8,9,548.60,22.76,951.16,528.18
006,675,2448,2227,480,,,5,10,2018,21,13,9,541.50,22.64,951.27,527.24
006,635,2507,1971,436,,,5,10,2018,21,18,9,551.10,22.30,951.31,526.90
006,609,2209,2023,421,,,5,10,2018,21,23,9,555.40,22.01,951.26,527.33
006,558,2526,2560,394,,,5,10,2018,21,28,9,558.90,22.31,951.29,527.09
006,521,2019,1803,363,,,5,10,2018,21,33,9,561.40,21.60,951.30,526.99
