006,4095,7,7,7,,,10,5,2019,19,43,44,568.50,20.16,952.56,515.93
006,4095,590,547,470,,,10,5,2019,20,8,11,552.50,19.92,952.75,514.30
006,4095,558,457,423,,,10,5,2019,20,13,11,557.50,19.82,952.70,514.71
006,4095,28,27,9,,,10,5,2019,20,18,11,557.80,19.81,952.79,513.89
006,4095,8,28,8,,,10,5,2019,20,23,11,555.20,19.95,952.82,513.66
006,4095,8,18,8,,,10,5,2019,20,28,11,556.00,20.46,952.92,512.76
006,4095,8,18,8,,,10,5,2019,20,33,11,550.70,20.11,952.92,512.81
006,4095,8,16,8,,,10,5,2019,20,38,11,554.00,19.41,953.04,511.70
006,4095,8,20,8,,,10,5,2019,20,43,11,562.10,19.79,953.02,511.89
006,4095,8,17,8,,,10,5,2019,20,48,11,556.60,19.53,952.95,512.52
006,4095,8,25,9,,,10,5,2019,20,53,11,547.80,18.67,952.91,512.89
006,4095,8,15,8,,,10,5,2019,20,58,11,547.70,18.86,952.91,512.87
006,4095,8,15,8,,,10,5,2019,21,3,11,554.10,18.57,952.88,513.14
006,4095,8,17,8,,,10,5,2019,21,8,11,552.70,18.57,952.89,513.01
006,4095,8,13,8,,,10,5,2019,21,13,11,550.70,18.42,952.87,513.19
006,2337,8,12,8,,,11,5,2019,12,8,11,558.30,8.65,955.23,492.60
006,1580,8,13,8,,,11,5,2019,12,13,11,557.20,9.88,955.22,492.66
006,2003,7,11,7,,,11,5,2019,12,18,11,558.50,10.70,955.22,492.65
006,3096,103,77,119,,,11,5,2019,12,23,11,559.10,10.78,955.20,492.83
006,2809,173,157,132,,,11,5,2019,12,28,11,559.70,10.70,955.18,493.00
006,4095,238,196,160,,,11,5,2019,12,33,11,568.90,11.07,955.23,492.55
006,1152,282,182,166,,,11,5,2019,12,38,11,559.70,11.95,955.29,492.09
006,1489,310,272,187,,,11,5,2019,12,43,11,563.10,12.70,955.35,491.50
006,1856,358,290,240,,,11,5,2019,12,48,11,556.30,12.98,955.43,490.83
006,3706,391,353,239,,,11,5,2019,12,53,11,552.50,12.12,955.41,491.02
006,3251,374,408,306,,,11,5,2019,12,58,11,554.30,12.03,955.46,490.57
006,4091,543,463,375,,,11,5,2019,13,8,11,558.60,11.98,955.58,489.51
006,3079,553,490,404,,,11,5,2019,13,13,11,556.00,13.89,955.71,488.37
006,4095,578,511,415,,,11,5,2019,13,18,11,557.00,14.36,955.68,488.65
006,4095,606,522,438,,,11,5,2019,13,23,11,557.00,14.55,955.65,488.93
006,3040,634,564,444,,,11,5,2019,13,28,11,558.30,15.13,955.72,488.28
006,4076,661,603,491,,,11,5,2019,13,33,11,556.30,16.24,955.72,488.30
006,4095,592,631,456,,,11,5,2019,13,38,11,552.00,16.48,955.72,488.27
006,4095,622,619,465,,,11,5,2019,13,43,11,553.10,16.55,955.73,488.24
006,4095,743,657,535,,,11,5,2019,13,48,11,558.50,16.86,955.81,487.52
006,4095,757,701,544,,,11,5,2019,13,53,11,558.40,18.18,955.83,487.37
006,4095,780,663,494,,,11,5,2019,13,58,11,560.80,17.55,955.82,487.44
006,4095,792,738,611,,,11,5,2019,14,3,11,558.40,17.13,955.77,487.91
006,4095,753,766,626,,,11,5,2019,14,8,11,558.90,17.80,955.75,488.08
006,4095,848,803,637,,,11,5,2019,14,13,11,555.80,18.14,955.73,488.25
006,4095,930,860,655,,,11,5,2019,14,18,11,559.00,18.83,955.72,488.33
006,4095,935,814,655,,,11,5,2019,14,23,11,552.30,18.72,955.74,488.12
006,4095,962,862,660,,,11,5,2019,14,28,11,555.80,19.53,955.75,488.05
006,4095,993,950,739,,,11,5,2019,14,33,11,554.00,20.82,955.67,488.77
006,4095,999,961,760,,,11,5,2019,14,38,11,547.90,21.27,955.55,489.80
006,4095,1023,934,763,,,11,5,2019,14,43,11,551.00,21.70,955.53,489.99
006,4095,1029,1035,751,,,11,5,2019,14,48,11,557.90,21.72,955.60,489.35
006,4095,1031,999,798,,,11,5,2019,14,53,11,556.30,22.80,955.66,488.83
006,4095,1037,995,768,,,11,5,2019,14,58,11,551.80,23.64,955.50,490.27
006,4095,1041,974,737,,,11,5,2019,15,3,11,557.20,23.13,955.57,489.62
006,4095,1016,975,742,,,11,5,2019,15,8,11,556.70,23.23,955.56,489.73
006,4095,987,950,740,,,11,5,2019,15,13,11,550.20,21.58,955.45,490.66
006,4095,1064,1016,763,,,11,5,2019,15,18,11,552.00,22.80,955.51,490.14
006,4095,1085,972,787,,,11,5,2019,15,23,11,558.80,22.95,955.46,490.60
006,4095,1049,1016,711,,,11,5,2019,15,28,11,555.80,23.49,955.42,490.97
006,4095,1047,998,795,,,11,5,2019,15,33,11,558.40,23.74,955.40,491.14
006,4095,1076,1018,801,,,11,5,2019,15,38,11,563.50,24.81,955.34,491.59
006,4095,995,1003,755,,,11,5,2019,15,43,11,556.70,23.70,955.38,491.27
006,4095,1052,999,715,,,11,5,2019,15,48,11,559.30,23.06,955.43,490.84
006,4095,1059,1003,734,,,11,5,2019,15,53,11,559.30,22.07,955.43,490.82
006,4095,1043,1015,763,,,11,5,2019,15,58,11,559.20,23.32,955.34,491.58
006,4095,1075,979,794,,,11,5,2019,16,3,11,555.90,21.82,955.27,492.20
006,4095,1067,1031,798,,,11,5,2019,16,8,11,554.50,21.74,955.33,491.69
006,4095,1090,1046,807,,,11,5,2019,16,13,11,553.00,21.00,955.35,491.57
006,4095,1006,995,763,,,11,5,2019,16,18,11,559.20,21.46,955.37,491.40
006,4095,1113,1084,830,,,11,5,2019,16,23,11,555.50,23.03,955.40,491.07
006,4095,1145,1011,843,,,11,5,2019,16,28,11,557.90,22.99,955.29,492.05
006,4095,1091,1123,713,,,11,5,2019,16,33,11,560.10,22.33,955.25,492.44
006,4095,1212,1180,887,,,11,5,2019,16,38,11,550.40,23.38,955.10,493.70
006,4095,1216,1065,907,,,11,5,2019,16,43,11,553.50,25.17,955.14,493.37
006,4095,1191,1124,867,,,11,5,2019,16,48,11,559.80,26.14,955.11,493.63
006,4095,1169,1116,871,,,11,5,2019,16,53,11,561.40,25.67,955.12,493.58
006,4095,1174,1139,835,,,11,5,2019,16,58,11,556.70,25.97,955.11,493.66
006,4095,1138,1145,841,,,11,5,2019,17,3,11,563.20,25.73,955.08,493.93
006,4095,1033,1049,811,,,11,5,2019,17,8,11,555.90,24.49,955.04,494.28
006,4095,1116,1043,850,,,11,5,2019,17,13,11,551.10,22.95,955.19,492.92
006,4095,1137,1063,818,,,11,5,2019,17,18,11,551.50,22.97,955.18,492.99
006,4095,1094,1035,828,,,11,5,2019,17,23,11,551.70,23.50,955.10,493.74
006,4095,1091,1012,711,,,11,5,2019,17,28,11,552.40,23.05,955.05,494.13
006,4095,1095,1084,763,,,11,5,2019,17,33,11,554.20,24.35,955.03,494.37
006,4095,1094,1015,809,,,11,5,2019,17,38,11,550.10,26.38,954.94,495.10
006,4095,1120,1046,820,,,11,5,2019,17,43,11,554.00,24.77,954.95,495.00
006,4095,1073,1046,801,,,11,5,2019,17,48,11,553.30,24.97,954.98,494.74
006,4095,1056,1052,742,,,11,5,2019,17,53,11,551.70,24.03,954.92,495.33
006,4095,978,859,782,,,11,5,2019,17,58,11,563.20,24.61,954.86,495.78
006,4095,1058,1001,763,,,11,5,2019,18,3,11,559.20,24.54,954.79,496.43
006,4095,1099,1031,809,,,11,5,2019,18,8,11,563.90,24.35,954.75,496.77
006,4095,1083,1059,807,,,11,5,2019,18,13,11,561.00,25.02,954.74,496.83
006,4095,1080,1078,816,,,11,5,2019,18,18,11,561.30,24.76,954.62,497.91
006,4095,1107,1052,792,,,11,5,2019,18,23,11,562.50,24.39,954.64,497.74
006,4095,966,1043,775,,,11,5,2019,18,28,11,557.80,24.69,954.74,496.90
006,4095,1033,952,753,,,11,5,2019,18,33,11,550.60,26.21,954.57,498.33
006,4095,1071,994,720,,,11,5,2019,18,38,11,557.70,24.48,954.56,498.40
006,4095,1091,864,767,,,11,5,2019,18,43,11,549.20,24.41,954.51,498.89
006,4095,1067,969,802,,,11,5,2019,18,48,11,553.40,23.82,954.60,498.12
006,4095,961,946,684,,,11,5,2019,18,53,11,554.60,23.40,954.43,499.54
006,4095,1042,995,737,,,11,5,2019,18,58,11,554.80,21.93,954.37,500.12
006,4095,1007,757,721,,,11,5,2019,19,3,11,555.80,22.95,954.37,500.07
006,4095,1031,937,738,,,11,5,2019,19,8,11,555.00,24.01,954.36,500.20
006,4095,904,918,691,,,11,5,2019,19,13,11,556.50,24.56,954.35,500.29
006,4095,950,888,658,,,11,5,2019,19,18,11,554.90,25.26,954.38,499.98
006,4095,918,887,678,,,11,5,2019,19,23,11,560.60,23.38,954.27,500.95
006,4095,4095,4095,4095,,,11,5,2019,19,28,11,564.80,24.78,954.31,500.61
006,4095,831,816,585,,,11,5,2019,19,33,11,562.40,24.42,954.23,501.33
006,4095,800,691,542,,,11,5,2019,19,38,11,556.70,24.01,954.19,501.68
006,4095,711,679,496,,,11,5,2019,19,43,11,562.20,22.69,954.07,502.72
006,4095,734,667,502,,,11,5,2019,19,48,11,555.00,22.71,954.23,501.33
006,4095,643,597,483,,,11,5,2019,19,53,11,556.40,22.91,954.21,501.46
006,4095,643,616,465,,,11,5,2019,19,58,11,554.00,22.27,954.21,501.53
006,4095,638,575,481,,,11,5,2019,20,3,11,557.30,21.44,954.23,501.31
006,4095,595,543,421,,,11,5,2019,20,8,11,557.20,21.85,954.24,501.28
006,4095,596,499,402,,,11,5,2019,20,13,11,557.00,21.47,954.12,502.32
006,4095,496,430,392,,,11,5,2019,20,18,11,563.60,21.68,953.96,503.66
006,4095,8,10,8,,,11,5,2019,20,23,11,560.80,22.22,954.06,502.82
006,4095,8,12,8,,,11,5,2019,20,28,11,561.90,20.99,954.09,502.53
006,4095,9,11,9,,,11,5,2019,20,33,11,560.30,20.95,954.16,501.92
006,4095,8,12,8,,,11,5,2019,20,38,11,558.30,20.60,954.24,501.27
006,4095,9,11,8,,,11,5,2019,20,43,11,557.70,20.02,954.35,500.24
006,4095,8,13,8,,,11,5,2019,20,48,11,556.10,19.67,954.45,499.39
006,4095,9,12,8,,,11,5,2019,20,53,11,555.30,19.59,954.42,499.65
006,4095,9,12,9,,,11,5,2019,20,58,11,553.00,18.94,954.53,498.74
006,4095,8,13,8,,,11,5,2019,21,3,11,556.60,18.70,954.58,498.31
006,4095,8,12,8,,,11,5,2019,21,8,11,549.60,18.36,954.54,498.60
006,4095,9,14,8,,,11,5,2019,21,13,11,550.60,18.22,954.71,497.16
006,3910,8,11,8,,,12,5,2019,12,13,11,552.10,10.02,953.91,504.16
006,4095,8,11,8,,,12,5,2019,12,18,11,561.00,11.17,954.03,503.04
006,4095,9,11,8,,,12,5,2019,12,23,11,560.00,12.01,953.96,503.66
006,2373,206,147,130,,,12,5,2019,12,28,11,555.80,11.72,954.09,502.54
006,2512,231,191,170,,,12,5,2019,12,33,11,553.40,11.27,954.14,502.13
006,3494,285,216,186,,,12,5,2019,12,38,11,561.30,10.84,954.21,501.49
006,3235,316,274,217,,,12,5,2019,12,43,11,557.20,10.87,954.24,501.27
006,3735,358,316,251,,,12,5,2019,12,48,11,556.70,11.74,954.23,501.33
006,2919,407,334,293,,,12,5,2019,12,53,11,551.20,12.50,954.32,500.50
006,4095,470,412,333,,,12,5,2019,12,58,11,555.10,12.16,954.37,500.06
006,4095,508,403,352,,,12,5,2019,13,3,11,553.40,12.89,954.36,500.18
006,3462,492,440,395,,,12,5,2019,13,8,11,551.70,13.19,954.35,500.31
006,3340,630,576,424,,,12,5,2019,13,13,11,560.10,13.52,954.36,500.17
006,4095,612,530,461,,,12,5,2019,13,18,11,559.20,14.34,954.34,500.38
006,3623,707,626,490,,,12,5,2019,13,23,11,562.60,14.56,954.34,500.34
006,4095,750,676,492,,,12,5,2019,13,28,11,562.30,15.06,954.33,500.44
006,4095,750,663,563,,,12,5,2019,13,33,11,559.20,15.07,954.40,499.82
006,4095,849,759,604,,,12,5,2019,13,38,11,558.20,15.81,954.34,500.38
006,4095,826,770,630,,,12,5,2019,13,43,11,554.30,14.47,954.41,499.73
006,4095,852,796,614,,,12,5,2019,13,48,11,555.00,14.76,954.51,498.92
006,4095,887,846,675,,,12,5,2019,13,53,11,558.10,15.35,954.55,498.50
006,4095,927,824,658,,,12,5,2019,13,58,11,562.40,15.15,954.52,498.79
006,4095,999,902,708,,,12,5,2019,14,3,11,559.80,15.94,954.59,498.20
006,4095,990,895,746,,,12,5,2019,14,8,11,555.00,15.95,954.55,498.55
006,4095,1005,947,743,,,12,5,2019,14,13,11,559.30,16.27,954.67,497.52
006,4095,1043,993,780,,,12,5,2019,14,18,11,559.60,17.04,954.65,497.64
006,4095,1120,1009,822,,,12,5,2019,14,23,11,554.00,17.32,954.70,497.21
006,4095,1154,1043,812,,,12,5,2019,14,28,11,555.50,18.16,954.77,496.65
006,4095,1152,1072,817,,,12,5,2019,14,33,11,553.60,18.96,954.80,496.31
006,4095,1175,1111,867,,,12,5,2019,14,38,11,555.30,20.34,954.80,496.38
006,4095,1182,1113,867,,,12,5,2019,14,43,11,556.30,21.34,954.90,495.51
006,4095,1213,1138,874,,,12,5,2019,14,48,11,547.00,21.22,954.83,496.09
006,4095,1230,1111,889,,,12,5,2019,14,53,11,552.50,20.63,954.82,496.20
006,4095,1243,1171,887,,,12,5,2019,14,58,11,561.90,22.35,954.85,495.87
006,4095,1206,1196,922,,,12,5,2019,15,3,11,555.90,22.91,954.82,496.18
006,4095,1249,1182,928,,,12,5,2019,15,8,11,554.90,24.10,954.85,495.86
006,4095,1199,1207,903,,,12,5,2019,15,13,11,552.00,23.44,954.77,496.57
006,4095,1282,1217,967,,,12,5,2019,15,18,11,557.50,23.97,954.75,496.81
006,4095,1335,1169,1004,,,12,5,2019,15,23,11,562.30,25.41,954.78,496.49
006,4095,1298,1264,979,,,12,5,2019,15,28,11,560.10,26.22,954.79,496.45
006,4095,1359,1250,974,,,12,5,2019,15,33,11,563.80,27.01,954.76,496.68
006,4095,1282,1289,999,,,12,5,2019,15,38,11,563.40,26.82,954.68,497.42
006,4095,1283,1323,964,,,12,5,2019,15,43,11,558.80,25.87,954.62,497.93
006,4095,1367,1283,863,,,12,5,2019,15,48,11,559.10,24.94,954.69,497.32
006,4095,1335,1256,983,,,12,5,2019,15,53,11,559.40,25.35,954.61,497.98
006,4095,1356,1303,1005,,,12,5,2019,15,58,11,558.40,24.45,954.57,498.39
006,4095,1186,1287,1007,,,12,5,2019,16,3,11,553.50,24.80,954.49,499.07
006,4095,1395,1279,992,,,12,5,2019,16,8,11,556.20,26.78,954.54,498.64
006,4095,1332,1308,986,,,12,5,2019,16,13,11,558.40,28.03,954.48,499.15
006,4095,1332,1287,1005,,,12,5,2019,16,18,11,565.30,28.11,954.48,499.18
006,4095,1369,1255,1019,,,12,5,2019,16,23,11,566.30,26.52,954.33,500.41
006,4095,1274,1273,929,,,12,5,2019,16,28,11,568.80,27.39,954.39,499.88
006,4095,1303,1282,933,,,12,5,2019,16,33,11,555.20,27.34,954.29,500.78
006,4095,1374,1276,1011,,,12,5,2019,16,38,11,548.80,26.68,954.17,501.84
006,4095,1355,1260,996,,,12,5,2019,16,43,11,560.30,26.43,954.15,502.01
006,4095,1336,1273,993,,,12,5,2019,16,48,11,564.40,27.06,954.05,502.89
006,4095,1374,1307,992,,,12,5,2019,16,53,11,559.30,27.29,953.97,503.64
006,4095,1345,1271,926,,,12,5,2019,16,58,11,561.90,26.81,953.91,504.14
006,4095,1377,1314,982,,,12,5,2019,17,3,11,552.40,28.41,953.88,504.36
006,4095,1392,1294,1025,,,12,5,2019,17,8,11,553.20,27.70,953.80,505.12
006,4095,1396,1315,1007,,,12,5,2019,17,13,11,550.20,28.13,953.74,505.58
006,4095,1420,1337,1047,,,12,5,2019,17,18,11,551.80,29.55,953.73,505.70
006,4095,1412,1350,1009,,,12,5,2019,17,23,11,556.60,29.42,953.62,506.68
006,4095,1384,1316,1017,,,12,5,2019,17,28,11,556.20,27.79,953.64,506.51
006,4095,1377,1280,1012,,,12,5,2019,17,33,11,551.90,27.40,953.61,506.79
006,4095,1392,1361,1033,,,12,5,2019,17,38,11,561.40,28.11,953.60,506.87
006,4095,1358,1276,1047,,,12,5,2019,17,43,11,558.30,27.76,953.57,507.07
006,4095,1359,1318,1000,,,12,5,2019,17,48,11,552.60,28.27,953.57,507.07
006,4095,1319,1280,989,,,12,5,2019,17,53,11,561.40,27.64,953.56,507.16
006,4095,1280,1275,986,,,12,5,2019,17,58,11,550.00,28.50,953.55,507.26
006,4095,1286,1269,978,,,12,5,2019,18,3,11,560.70,29.95,953.58,507.03
006,4095,1190,1241,978,,,12,5,2019,18,8,11,558.40,28.76,953.56,507.18
006,4095,1251,1201,918,,,12,5,2019,18,13,11,563.60,29.23,953.55,507.27
006,4095,1227,1207,919,,,12,5,2019,18,18,11,558.20,28.83,953.55,507.31
006,4095,1179,1163,912,,,12,5,2019,18,23,11,558.50,29.65,953.49,507.78
006,4095,1178,1100,950,,,12,5,2019,18,28,11,554.00,29.83,953.47,507.99
006,4095,1191,1124,866,,,12,5,2019,18,33,11,552.80,28.94,953.49,507.77
006,4095,1176,1057,800,,,12,5,2019,18,38,11,552.50,29.61,953.49,507.80
006,4095,1106,1051,870,,,12,5,2019,18,43,11,553.30,29.73,953.45,508.12
006,4095,1043,960,868,,,12,5,2019,18,48,11,557.70,30.22,953.41,508.48
006,4095,1094,1078,817,,,12,5,2019,18,53,11,554.30,30.46,953.43,508.35
006,4095,1069,1021,803,,,12,5,2019,18,58,11,552.60,27.98,953.36,508.93
006,4095,941,1075,831,,,12,5,2019,19,3,11,549.60,27.08,953.40,508.55
006,4095,1072,1035,766,,,12,5,2019,19,8,11,555.00,27.29,953.41,508.52
006,4095,1049,983,753,,,12,5,2019,19,13,11,556.10,27.92,953.35,508.98
006,4095,1081,1068,797,,,12,5,2019,19,18,11,551.70,28.32,953.32,509.31
006,4095,984,934,740,,,12,5,2019,19,23,11,560.90,25.69,953.28,509.65
006,4095,1001,984,731,,,12,5,2019,19,28,11,555.00,25.69,953.28,509.67
006,4095,1049,969,771,,,12,5,2019,19,33,11,546.90,26.61,953.39,508.66
006,4095,992,890,691,,,12,5,2019,19,38,11,560.80,26.80,953.39,508.71
006,4095,999,950,732,,,12,5,2019,19,43,11,552.90,26.09,953.41,508.51
006,4095,901,860,635,,,12,5,2019,19,48,11,561.00,25.49,953.43,508.33
006,4095,922,846,671,,,12,5,2019,19,53,11,555.50,25.88,953.41,508.47
006,4095,915,862,655,,,12,5,2019,19,58,11,553.10,24.24,953.47,507.93
006,4095,787,697,568,,,12,5,2019,20,3,11,553.30,24.81,953.49,507.75
006,4095,686,673,463,,,12,5,2019,20,8,11,557.50,25.58,953.49,507.77
006,4095,715,667,519,,,12,5,2019,20,13,11,556.40,24.87,953.58,507.03
006,4095,587,571,448,,,12,5,2019,20,18,11,552.50,24.80,953.46,508.09
006,4095,613,558,438,,,12,5,2019,20,23,11,547.60,25.09,953.60,506.81
006,4095,591,534,411,,,12,5,2019,20,28,11,548.70,24.35,953.49,507.79
006,4095,547,482,397,,,12,5,2019,20,33,11,552.50,24.30,953.56,507.21
006,4095,9,11,8,,,12,5,2019,20,38,11,555.50,23.77,953.51,507.60
006,4095,8,12,9,,,12,5,2019,20,43,11,551.60,23.64,953.50,507.73
006,4095,8,13,9,,,12,5,2019,20,48,11,545.80,23.36,953.48,507.85
006,4095,9,11,8,,,12,5,2019,20,53,11,555.50,22.58,953.52,507.56
006,4095,9,13,8,,,12,5,2019,20,58,11,547.00,22.96,953.54,507.40
006,4095,9,12,8,,,12,5,2019,21,3,11,551.00,22.22,953.53,507.47
006,4095,9,14,8,,,12,5,2019,21,8,11,548.60,21.94,953.62,506.64
006,4095,9,13,9,,,12,5,2019,21,13,11,548.30,21.99,953.59,506.89
006,1953,8,11,8,,,13,5,2019,12,13,11,559.20,11.93,953.61,506.75
006,2135,8,11,8,,,13,5,2019,12,18,11,562.70,13.12,953.65,506.35
006,3279,230,175,151,,,13,5,2019,12,23,11,558.10,14.07,953.79,505.15
006,3871,332,264,211,,,13,5,2019,12,28,11,555.80,14.03,953.75,505.49
006,4095,351,334,253,,,13,5,2019,12,33,11,565.70,13.77,953.87,504.48
006,4095,299,248,247,,,13,5,2019,12,38,11,559.00,14.63,953.79,505.20
006,4095,482,418,324,,,13,5,2019,12,43,11,560.40,13.50,953.77,505.32
006,4095,549,439,362,,,13,5,2019,12,48,11,551.30,13.64,953.82,504.93
006,4087,518,507,395,,,13,5,2019,12,53,11,554.50,14.92,953.86,504.59
006,3411,610,515,436,,,13,5,2019,12,58,11,552.20,15.49,953.89,504.29
006,4095,670,595,475,,,13,5,2019,13,3,11,553.20,15.88,953.96,503.72
006,4095,683,691,558,,,13,5,2019,13,13,11,559.40,15.00,953.91,504.14
006,4095,838,774,574,,,13,5,2019,13,18,11,556.40,15.39,953.86,504.56
006,4095,886,786,656,,,13,5,2019,13,23,11,561.50,14.53,953.94,503.85
006,4095,902,872,660,,,13,5,2019,13,28,11,560.50,15.27,954.02,503.17
006,4095,962,884,659,,,13,5,2019,13,33,11,556.00,17.12,954.11,502.38
006,4095,971,884,715,,,13,5,2019,13,38,11,563.30,19.41,954.06,502.77
006,4095,959,908,715,,,13,5,2019,13,43,11,563.30,20.82,954.17,501.82
006,4095,1059,961,772,,,13,5,2019,13,48,11,565.20,21.80,954.11,502.34
006,4095,1086,979,777,,,13,5,2019,13,53,11,566.40,21.65,954.05,502.91
006,4095,1110,532,774,,,13,5,2019,13,58,11,563.00,21.25,954.05,502.87
006,4095,1186,1039,812,,,13,5,2019,14,3,11,561.10,21.28,954.12,502.28
006,4095,1110,1130,825,,,13,5,2019,14,8,11,560.90,21.90,954.03,503.06
006,4095,1250,1100,912,,,13,5,2019,14,13,11,559.60,21.72,954.07,502.76
006,4095,1206,1148,910,,,13,5,2019,14,18,11,559.20,22.42,954.01,503.28
006,4095,1198,1201,922,,,13,5,2019,14,23,11,559.00,23.84,954.08,502.60
006,4095,1131,1203,849,,,13,5,2019,14,28,11,556.40,24.00,954.08,502.68
006,4095,1258,1217,926,,,13,5,2019,14,33,11,555.50,24.48,954.07,502.68
006,4095,1257,1225,919,,,13,5,2019,14,38,11,554.00,24.39,953.92,504.02
006,4095,1315,1255,963,,,13,5,2019,14,43,11,551.70,25.28,953.96,503.72
006,4095,1304,1259,945,,,13,5,2019,14,48,11,555.00,25.71,954.01,503.29
006,4095,1308,1246,866,,,13,5,2019,14,53,11,556.00,25.85,953.98,503.53
006,4095,1344,1257,978,,,13,5,2019,14,58,11,555.70,26.12,953.99,503.46
006,4095,1356,1279,1023,,,13,5,2019,15,3,11,553.90,26.66,953.93,503.93
006,4095,1387,1251,987,,,13,5,2019,15,8,11,552.20,25.41,953.86,504.57
006,4095,1344,1250,992,,,13,5,2019,15,13,11,553.80,25.96,953.92,503.99
006,4095,1259,1320,945,,,13,5,2019,15,18,11,556.90,28.44,953.82,504.93
006,4095,1395,1279,1025,,,13,5,2019,15,23,11,556.40,29.32,953.82,504.87
006,4095,1273,1275,1016,,,13,5,2019,15,28,11,557.70,28.63,953.79,505.20
006,4095,1397,1284,1009,,,13,5,2019,15,33,11,558.40,28.63,953.81,505.00
006,4095,1360,1363,1033,,,13,5,2019,15,38,11,556.50,28.89,953.82,504.89
006,4095,1388,1334,1059,,,13,5,2019,15,43,11,556.30,29.17,953.77,505.39
006,4095,1420,1377,1070,,,13,5,2019,15,48,11,557.30,29.74,953.75,505.51
006,4095,1407,1377,1073,,,13,5,2019,15,53,11,558.00,29.47,953.67,506.21
006,4095,1355,1251,1081,,,13,5,2019,15,58,11,556.70,29.88,953.65,506.40
006,4095,1436,1374,1112,,,13,5,2019,16,3,11,556.10,29.76,953.55,507.26
006,4095,1412,1332,1051,,,13,5,2019,16,8,11,557.40,27.67,953.46,508.04
006,4095,1423,1336,1094,,,13,5,2019,16,13,11,559.70,27.89,953.39,508.71
006,4095,1474,1406,1121,,,13,5,2019,16,18,11,564.10,29.59,953.41,508.47
006,4095,1440,1409,1055,,,13,5,2019,16,23,11,561.50,29.80,953.37,508.81
006,4095,1479,1416,1093,,,13,5,2019,16,28,11,555.60,30.74,953.41,508.49
006,4095,1481,1385,1098,,,13,5,2019,16,33,11,556.00,30.69,953.30,509.48
006,4095,1447,1447,1081,,,13,5,2019,16,38,11,557.50,30.31,953.28,509.62
006,4095,1499,1389,1086,,,13,5,2019,16,43,11,563.70,31.28,953.22,510.18
006,4095,1409,1375,1056,,,13,5,2019,16,48,11,555.50,30.58,953.12,511.06
006,4095,1424,1239,1015,,,13,5,2019,16,53,11,560.10,30.66,953.11,511.14
006,4095,1321,1247,966,,,13,5,2019,16,58,11,558.90,31.50,953.06,511.56
006,4095,1364,1334,954,,,13,5,2019,17,3,11,556.40,30.97,953.07,511.50
006,4095,1281,1282,838,,,13,5,2019,17,8,11,550.60,29.37,952.97,512.35
006,4095,1298,1236,945,,,13,5,2019,17,13,11,553.00,29.40,953.01,511.96
006,4095,1319,1219,967,,,13,5,2019,17,18,11,557.40,30.50,953.05,511.64
006,4095,1279,1219,921,,,13,5,2019,17,23,11,555.30,30.94,952.93,512.67
006,4095,1308,1280,992,,,13,5,2019,17,28,11,550.60,30.58,952.93,512.71
006,4095,1235,1235,907,,,13,5,2019,17,33,11,549.70,31.37,952.99,512.15
006,4095,1299,1244,944,,,13,5,2019,17,38,11,552.20,31.12,952.99,512.19
006,4095,1307,1272,980,,,13,5,2019,17,43,11,546.90,31.23,952.95,512.48
006,4095,1295,1259,960,,,13,5,2019,17,48,11,555.30,31.46,952.97,512.38
006,4095,1282,1248,944,,,13,5,2019,17,53,11,554.10,32.06,952.94,512.62
006,4095,1318,1281,995,,,13,5,2019,17,58,11,559.50,31.84,952.87,513.21
006,4095,1296,1305,980,,,13,5,2019,18,3,11,560.20,30.71,952.91,512.87
006,4095,1360,1296,992,,,13,5,2019,18,8,11,562.30,30.65,952.87,513.22
006,4095,1377,1169,1020,,,13,5,2019,18,13,11,559.10,31.57,952.87,513.21
006,4095,1334,1292,980,,,13,5,2019,18,18,11,557.50,32.42,952.89,513.08
006,4095,1310,1257,972,,,13,5,2019,18,23,11,547.70,33.36,952.85,513.41
006,4095,1249,1256,934,,,13,5,2019,18,28,11,553.50,33.47,952.90,512.94
006,4095,1296,1243,951,,,13,5,2019,18,33,11,554.80,33.52,952.81,513.72
006,4095,1315,973,976,,,13,5,2019,18,38,11,554.20,33.22,952.81,513.73
006,4095,1223,1116,871,,,13,5,2019,18,43,11,553.90,33.79,952.76,514.21
006,4095,1112,1051,860,,,13,5,2019,18,48,11,558.90,32.80,952.74,514.38
006,4095,1085,1224,784,,,13,5,2019,18,53,11,557.80,32.80,952.78,513.96
006,4095,1274,1235,911,,,13,5,2019,18,58,11,558.20,33.34,952.81,513.70
006,4095,878,1142,870,,,13,5,2019,19,3,11,557.70,32.08,952.72,514.54
006,4095,1174,797,759,,,13,5,2019,19,8,11,563.00,30.55,952.73,514.41
006,4095,1137,1000,825,,,13,5,2019,19,13,11,562.50,31.00,952.75,514.26
006,4095,1105,1107,844,,,13,5,2019,19,18,11,561.30,31.54,952.72,514.54
006,4095,1137,1087,823,,,13,5,2019,19,23,11,559.10,29.88,952.74,514.31
006,4095,1073,1070,798,,,13,5,2019,19,28,11,550.40,29.78,952.66,515.08
006,4095,904,999,773,,,13,5,2019,19,33,11,552.50,30.31,952.64,515.23
006,4095,1012,983,747,,,13,5,2019,19,38,11,551.00,32.00,952.62,515.40
006,4095,920,921,709,,,13,5,2019,19,43,11,554.70,31.61,952.68,514.84
006,4095,940,871,654,,,13,5,2019,19,51,59,534.80,30.39,952.66,515.06
006,4095,844,800,640,,,13,5,2019,20,8,11,557.20,31.43,952.77,514.11
006,4095,10,12,10,,,13,5,2019,20,13,11,551.70,30.57,952.84,513.52
006,4095,10,13,9,,,13,5,2019,20,18,11,553.30,30.10,952.79,513.95
006,4095,9,12,9,,,13,5,2019,20,23,11,545.10,29.99,952.75,514.24
006,4095,9,12,9,,,13,5,2019,20,28,11,555.20,29.05,952.69,514.78
006,4095,9,13,9,,,13,5,2019,20,33,11,547.00,29.16,952.71,514.61
006,4095,10,13,10,,,13,5,2019,20,38,11,548.60,29.80,952.81,513.71
006,4095,10,11,9,,,13,5,2019,20,43,11,547.70,29.35,952.86,513.35
006,4095,10,13,10,,,13,5,2019,20,48,11,547.70,29.58,952.78,513.98
006,4095,10,15,9,,,13,5,2019,20,53,11,553.40,29.38,952.80,513.82
006,4095,9,12,9,,,13,5,2019,20,58,11,550.40,28.08,952.92,512.79
006,4095,9,12,9,,,13,5,2019,21,3,11,549.70,27.37,952.88,513.17
006,4095,9,17,9,,,13,5,2019,21,8,11,552.40,27.11,952.85,513.42
006,4095,9,13,9,,,13,5,2019,21,13,11,555.30,26.45,952.82,513.66
006,3633,186,120,122,,,,,,,,,,13.29,952.24,518.74
006,4095,215,180,150,,,5,1,2080,23,59,42,,14.39,952.19,519.13
006,3584,281,199,180,,,5,1,2080,23,59,42,,14.83,952.28,518.38
006,4092,323,276,231,,,5,1,2080,23,59,42,,15.04,952.28,518.36
006,4095,370,322,262,,,5,1,2080,23,59,42,,15.69,952.33,517.94
006,4095,406,379,304,,,5,1,2080,23,59,42,,16.55,952.30,518.25
006,4095,419,419,295,,,5,1,2080,23,59,42,,17.10,952.42,517.19
006,4095,531,466,381,,,5,1,2080,23,59,42,,17.82,952.44,517.01
006,4095,516,499,351,,,5,1,2080,23,59,42,,17.61,952.40,517.35
006,4095,607,563,432,,,5,1,2080,23,59,42,,17.74,952.40,517.34
006,4095,670,616,462,,,5,1,2080,23,59,42,,18.15,952.44,516.94
006,4095,727,651,531,,,5,1,2080,23,59,42,,18.51,952.49,516.58
006,4095,786,700,564,,,5,1,2080,23,59,42,,19.11,952.50,516.42
006,4095,814,738,582,,,5,1,2080,23,59,42,,19.94,952.47,516.69
006,4095,862,774,617,,,5,1,2080,23,59,42,,20.56,952.51,516.39
006,4095,888,835,646,,,5,1,2080,23,59,42,,20.39,952.50,516.44
006,4095,883,817,601,,,5,1,2080,23,59,42,,20.48,952.60,515.58
006,4095,891,855,702,,,5,1,2080,23,59,42,,20.55,952.63,515.34
006,4095,962,887,709,,,5,1,2080,23,59,42,,20.99,952.69,514.79
006,4095,1014,928,721,,,5,1,2080,23,59,42,,21.35,952.67,514.96
006,4095,1063,979,772,,,5,1,2080,23,59,42,,21.68,952.74,514.33
006,4095,1051,920,758,,,5,1,2080,23,59,42,,22.29,952.75,514.30
006,4095,1079,992,695,,,5,1,2080,23,59,42,,23.46,952.81,513.72
006,4095,1073,1015,799,,,5,1,2080,23,59,42,,23.27,952.89,513.01
006,4095,1142,1031,836,,,5,1,2080,23,59,42,,23.31,952.75,514.25
006,4095,1163,1088,819,,,5,1,2080,23,59,42,,23.56,952.77,514.06
006,4095,1203,1111,883,,,5,1,2080,23,59,42,,24.68,952.73,514.47
006,4095,1181,1122,875,,,5,1,2080,23,59,42,,25.12,952.74,514.31
006,4095,1164,1150,895,,,5,1,2080,23,59,42,,26.32,952.70,514.73
006,4095,1249,1045,910,,,5,1,2080,23,59,42,,27.38,952.73,514.46
006,4095,1254,1171,924,,,5,1,2080,23,59,42,,27.77,952.67,515.00
006,4095,1229,1196,912,,,,,,,,,,26.28,952.61,515.54
006,4095,1241,1200,934,,,,,,,,,,26.25,952.68,514.87
006,4095,1246,1176,916,,,,,,,,,,26.65,952.66,515.02
006,4095,1289,1239,955,,,,,,,,,,26.61,952.60,515.54
006,4095,1297,1223,951,,,,,,,,,,27.63,952.64,515.27
006,4095,1295,1239,944,,,,,,,,,,28.15,952.54,516.07
006,4095,1314,1238,970,,,,,,,,,,28.27,952.59,515.63
006,4095,1310,1259,984,,,,,,,,,,28.98,952.53,516.18
006,4095,1329,1267,983,,,,,,,,,,30.17,952.60,515.56
006,4095,1317,1259,972,,,,,,,,,,30.03,952.56,515.96
006,4095,1339,1330,979,,,,,,,,,,30.66,952.58,515.78
006,4095,1376,1289,1014,,,,,,,,,,29.88,952.51,516.39
006,4095,1388,1291,1012,,,,,,,,,,29.60,952.52,516.32
006,4095,1395,1339,1022,,,,,,,,,,30.36,952.48,516.60
006,4095,1399,1340,1015,,,,,,,,,,31.25,952.49,516.52
006,4095,1398,1330,1030,,,,,,,,,,30.88,952.45,516.87
006,4095,1354,1313,1015,,,,,,,,,,29.62,952.45,516.88
006,4095,1399,1339,1016,,,,,,,,,,30.35,952.44,516.99
006,4095,1402,1367,1038,,,,,,,,,,31.12,952.43,517.03
006,4095,1380,1367,1052,,,,,,,,,,31.57,952.43,517.05
006,4095,1411,1340,1049,,,,,,,,,,31.14,952.42,517.17
006,4095,1385,1300,984,,,,,,,,,,31.27,952.36,517.66
006,4095,1420,1332,1023,,,,,,,,,,31.63,952.34,517.89
006,4095,1404,1345,977,,,,,,,,,,30.71,952.20,519.10
006,4095,1388,1351,1019,,,,,,,,,,31.98,952.15,519.52
006,4095,1329,1350,1040,,,,,,,,,,31.17,952.03,520.54
006,4095,1399,1338,1051,,,,,,,,,,31.34,952.02,520.69
006,4095,1401,1393,1019,,,,,,,,,,31.82,951.94,521.38
006,4095,1409,1392,1043,,,,,,,,,,31.98,951.82,522.40
006,4095,1427,1361,1033,,,,,,,,,,30.68,951.77,522.86
006,4095,1367,1331,1020,,,,,,,,,,31.09,951.74,523.10
006,4095,1344,1302,992,,,,,,,,,,31.58,951.75,523.00
006,4095,1307,1273,967,,,,,,,,,,31.97,951.64,523.98
006,4095,1350,1267,1000,,,,,,,,,,33.75,951.67,523.73
006,4095,1153,1233,931,,,,,,,,,,33.22,951.60,524.31
006,4095,1215,1219,914,,,,,,,,,,33.63,951.54,524.88
006,4095,1248,1204,921,,,,,,,,,,33.05,951.49,525.33
006,4095,1231,1209,915,,,,,,,,,,33.93,951.50,525.24
006,4095,1289,1239,951,,,,,,,,,,33.04,951.42,525.95
006,4095,1271,1231,942,,,,,,,,,,34.31,951.34,526.63
006,4095,1373,1342,990,,,,,,,,,,34.96,951.35,526.50
006,4095,1279,1285,965,,,,,,,,,,35.47,951.30,526.92
006,4095,1254,1177,875,,,,,,,,,,34.74,951.23,527.56
006,4095,1227,1195,898,,,,,,,,,,32.72,951.22,527.66
006,4095,1193,1135,889,,,,,,,,,,32.69,951.12,528.50
006,4095,1212,1139,855,,,,,,,,,,33.28,951.14,528.40
006,4095,1166,1083,855,,,,,,,,,,33.72,951.10,528.70
006,4095,1142,1139,806,,,,,,,,,,33.47,951.04,529.22
006,4095,1103,1070,828,,,,,,,,,,32.32,951.11,528.61
006,4095,1094,1089,786,,,,,,,,,,32.70,951.02,529.42
006,4095,1138,1069,826,,,,,,,,,,32.73,951.14,528.34
006,4095,1127,1075,823,,,,,,,,,,33.93,951.14,528.40
006,4095,1088,927,779,,,,,,,,,,33.86,951.18,528.02
006,4095,1065,1012,790,,,,,,,,,,33.55,951.09,528.79
006,4095,1107,1024,804,,,,,,,,,,32.60,951.05,529.12
006,4095,1134,1083,802,,,,,,,,,,33.41,951.00,529.61
006,4095,1059,1023,785,,,,,,,,,,32.67,950.98,529.75
006,4095,983,950,600,,,,,,,,,,32.83,951.01,529.53
006,4095,983,919,706,,,,,,,,,,33.17,950.95,529.99
006,4095,903,864,652,,,,,,,,,,32.96,950.95,530.07
006,4095,848,797,620,,,,,,,,,,33.47,950.85,530.92
006,4095,898,864,645,,,,,,,,,,33.16,950.79,531.44
006,4095,869,820,632,,,,,,,,,,32.80,950.83,531.11
006,4095,835,720,585,,,,,,,,,,32.53,950.77,531.62
006,4095,769,726,559,,,,,,,,,,32.32,950.77,531.62
006,4095,715,724,549,,,,,,,,,,32.91,950.75,531.82
006,4095,711,686,514,,,,,,,,,,32.77,950.81,531.30
006,4095,692,647,451,,,,,,,,,,32.94,950.70,532.25
006,4095,10,13,10,,,,,,,,,,33.06,950.69,532.30
006,4095,10,14,9,,,,,,,,,,32.97,950.66,532.61
006,4095,10,14,10,,,,,,,,,,32.62,950.61,532.98
006,4095,11,14,10,,,,,,,,,,32.05,950.59,533.15
006,4095,9,14,10,,,,,,,,,,31.75,950.53,533.70
006,4095,9,15,10,,,,,,,,,,31.01,950.57,533.40
006,4095,10,13,9,,,,,,,,,,30.53,950.56,533.47
006,4095,11,16,10,,,,,,,,,,29.87,950.57,533.38
006,4095,10,16,10,,,,,,,,,,28.78,950.56,533.47
006,4095,10,19,10,,,,,,,,,,28.15,950.54,533.58
006,3939,93,15,8,,,,,,,,,,12.40,950.05,537.92
006,3550,93,16,8,,,,,,,,,,12.90,950.16,536.98
006,2237,1167,146,133,,,,,,,,,,12.51,950.19,536.72
006,2654,1275,191,174,,,,,,,,,,12.74,950.23,536.31
006,2361,1396,234,198,,,,,,,,,,13.21,950.31,535.68
006,3776,1399,277,233,,,,,,,,,,14.45,950.33,535.44
006,4095,1478,317,260,,,,,,,,,,15.47,950.40,534.87
006,4095,1521,365,297,,,,,,,,,,16.47,950.40,534.88
006,4095,1571,426,327,,,,,,,,,,16.55,950.33,535.49
006,4095,1635,464,357,,,,,,,,,,16.27,950.41,534.80
006,4095,1654,490,373,,,,,,,,,,16.77,950.42,534.64
006,4095,1711,489,410,,,,,,,,,,17.12,950.46,534.29
006,4095,1715,559,462,,,,,,,,,,18.01,950.64,532.74
006,4095,1767,611,487,,,,,,,,,,19.28,950.75,531.79
006,4095,1769,651,501,,,,,,,,,,20.46,950.73,531.97
006,4095,1840,670,542,,,,,,,,,,21.40,950.67,532.47
006,4095,1900,747,570,,,,,,,,,,21.82,950.60,533.10
006,4095,1927,778,618,,,,,,,,,,22.62,950.61,533.05
006,4095,1937,799,641,,,,,,,,,,23.34,950.58,533.27
006,4095,1998,802,664,,,,,,,,,,23.60,950.59,533.18
006,4095,1995,844,667,,,,,,,,,,23.16,950.71,532.15
006,4095,2003,851,679,,,,,,,,,,23.22,950.70,532.24
006,4095,2023,886,699,,,,,,,,,,23.77,950.69,532.35
006,4095,1993,869,711,,,,,,,,,,23.90,950.75,531.81
006,4095,2053,937,727,,,,,,,,,,24.23,950.71,532.14
006,4095,1960,940,734,,,,,,,,,,24.62,950.63,532.86
006,4095,2073,967,738,,,,,,,,,,24.92,950.59,533.19
006,4095,2128,999,779,,,,,,,,,,24.31,950.59,533.19
006,4095,2110,1000,785,,,,,,,,,,24.81,950.60,533.14
006,4095,2127,1043,811,,,,,,,,,,25.08,950.57,533.40
006,4095,2097,1055,803,,,,,,,,,,25.87,950.71,532.14
006,4095,2215,1144,864,,,,,,,,,,25.92,950.66,532.58
006,4095,2195,1159,865,,,,,,,,,,25.55,950.62,532.94
006,4095,2209,1153,896,,,,,,,,,,26.21,950.70,532.26
006,4095,2247,1180,897,,,,,,,,,,26.19,950.70,532.20
006,4095,2227,1198,920,,,,,,,,,,25.29,950.64,532.78
006,4095,2199,1191,926,,,,,,,,,,27.05,950.64,532.71
006,4095,2183,1156,902,,,,,,,,,,27.72,950.65,532.65
006,4095,2221,1184,920,,,,,,,,,,28.09,950.64,532.75
006,4095,2265,1209,931,,,,,,,,,,28.47,950.58,533.28
006,4095,2339,1219,944,,,,,,,,,,30.35,950.61,533.02
006,4095,2320,1230,953,,,,,,,,,,28.84,950.65,532.69
006,4095,2236,1223,937,,,,,,,,,,28.52,950.69,532.34
006,4095,2256,1298,964,,,,,,,,,,29.32,950.63,532.81
006,4095,2336,1254,1001,,,,,,,,,,29.38,950.56,533.43
006,4095,2262,1307,989,,,,,,,,,,29.78,950.49,534.04
006,4095,2461,1337,1023,,,,,,,,,,30.73,950.56,533.49
006,4095,2400,1307,992,,,,,,,,,,31.22,950.73,531.93
006,4095,2487,1299,1000,,,,,,,,,,32.43,950.72,532.08
006,4095,2450,1250,971,,,,,,,,,,31.46,950.56,533.45
006,4095,2386,1248,956,,,,,,,,,,30.95,950.51,533.92
006,4095,2435,1331,1011,,,,,,,,,,30.76,950.41,534.76
006,4095,2438,1314,976,,,,,,,,,,31.65,950.30,535.76
006,4095,2313,1283,984,,,,,,,,,,30.41,950.27,536.02
006,4095,2209,1159,909,,,,,,,,,,31.30,950.22,536.43
006,4095,2153,1143,821,,,,,,,,,,31.20,950.13,537.26
006,4095,2037,1072,833,,,,,,,,,,30.63,950.04,537.99
006,4095,1959,902,728,,,,,,,,,,30.02,949.91,539.19
006,4095,2215,1155,894,,,,,,,,,,31.01,949.89,539.30
006,4095,2054,1023,769,,,,,,,,,,28.98,949.79,540.24
006,4095,1947,1109,817,,,,,,,,,,27.67,949.84,539.79
006,4095,1911,1215,933,,,,,,,,,,27.87,949.72,540.81
006,4095,1851,1283,990,,,,,,,,,,28.78,949.78,540.33
006,4095,2052,1296,992,,,,,,,,,,27.72,949.78,540.32
006,4095,1660,1059,855,,,,,,,,,,26.26,949.67,541.25
006,4095,1076,801,672,,,,,,,,,,26.52,949.73,540.75
006,4095,1022,1014,707,,,,,,,,,,26.26,949.63,541.57
006,4095,1213,1100,819,,,,,,,,,,26.67,949.62,541.71
006,4095,1329,1210,894,,,,,,,,,,26.50,949.57,542.18
006,4095,1243,1215,944,,,,,,,,,,26.80,949.63,541.60
006,4095,1272,1224,937,,,,,,,,,,26.68,949.59,541.94
006,4095,1313,1287,1010,,,,,,,,,,25.26,949.51,542.62
006,4095,1286,1260,1025,,,,,,,,,,27.43,949.44,543.32
006,4095,1210,1274,960,,,,,,,,,,26.75,949.41,543.52
006,4095,1110,1186,887,,,,,,,,,,26.68,949.45,543.20
006,4095,1271,1233,998,,,,,,,,,,26.97,949.40,543.66
006,4095,1291,1286,990,,,,,,,,,,26.45,949.30,544.50
006,4095,1323,1329,1001,,,,,,,,,,26.94,949.30,544.53
006,4095,1219,1287,958,,,,,,,,,,26.23,949.36,543.97
006,4095,1255,1213,961,,,,,,,,,,26.89,949.36,544.00
006,4095,1232,1178,916,,,,,,,,,,25.70,949.37,543.92
006,4095,1819,1249,937,,,,,,,,,,26.66,949.26,544.88
006,4095,1872,1233,948,,,,,,,,,,26.07,949.33,544.24
006,4095,1768,1142,881,,,,,,,,,,24.46,949.29,544.58
006,4095,1718,1097,866,,,,,,,,,,25.88,949.33,544.24
006,4095,1678,1055,813,,,,,,,,,,26.62,949.33,544.22
006,4095,1655,1067,820,,,,,,,,,,24.92,949.23,545.14
006,4095,1564,1014,805,,,,,,,,,,25.01,949.17,545.63
006,4095,1505,1031,791,,,,,,,,,,26.18,949.14,545.91
006,4095,1547,1017,777,,,,,,,,,,26.04,949.06,546.62
006,4095,1437,905,718,,,,,,,,,,25.33,949.15,545.79
006,4095,1427,899,723,,,,,,,,,,25.08,949.12,546.05
006,4095,1371,867,615,,,,,,,,,,24.24,949.12,546.07
006,4095,1286,807,618,,,,,,,,,,24.32,949.21,545.33
006,4095,1139,724,555,,,,,,,,,,23.98,949.22,545.20
006,4095,1075,711,544,,,,,,,,,,23.11,949.23,545.12
006,4095,1102,678,519,,,,,,,,,,22.86,949.22,545.19
006,4095,933,603,468,,,,,,,,,,21.68,949.30,544.50
006,4095,9,12,9,,,,,,,,,,23.04,949.30,544.52
006,4095,742,494,355,,,,,,,,,,21.07,949.39,543.74
006,4095,764,417,327,,,,,,,,,,21.14,949.52,542.61
006,4095,10,14,9,,,,,,,,,,20.74,949.59,541.97
006,4095,10,15,9,,,,,,,,,,20.59,949.68,541.14
006,4095,14,14,9,,,,,,,,,,19.96,949.74,540.65
006,4095,12,14,9,,,,,,,,,,20.20,949.79,540.17
006,4095,12,17,9,,,,,,,,,,19.93,949.76,540.47
006,4095,15,14,9,,,,,,,,,,19.87,949.82,539.91
006,4095,12,15,9,,,,,,,,,,19.26,949.89,539.29
006,4095,15,16,9,,,,,,,,,,18.56,949.95,538.83
006,1535,9,57,9,,,,,,,,,,7.47,952.44,516.98
006,1264,10,61,9,,,,,,,,,,7.65,952.46,516.82
006,1266,10,55,8,,,,,,,,,,7.88,952.47,516.70
006,1619,10,57,8,,,,,,,,,,8.02,952.50,516.42
006,1631,13,65,8,,,,,,,,,,7.57,952.59,515.64
006,1719,13,55,8,,,,,,,,,,7.67,952.59,515.67
006,1606,12,56,8,,,,,,,,,,7.49,952.44,517.00
006,1499,12,61,8,,,,,,,,,,7.54,952.50,516.43
006,1792,10,58,8,,,,,,,,,,7.85,952.39,517.46
006,1767,10,60,9,,,,,,,,,,7.79,952.45,516.87
006,1699,10,62,8,,,,,,,,,,7.15,952.43,517.07
006,1716,11,59,9,,,,,,,,,,6.45,952.48,516.60
006,1664,9,57,8,,,,,,,,,,6.57,952.35,517.74
006,1927,9,60,9,,,,,,,,,,7.00,952.52,516.24
006,1920,10,58,8,,,,,,,,,,7.30,952.42,517.17
006,2395,10,55,8,,,,,,,,,,8.11,952.50,516.47
006,2159,9,46,8,,,,,,,,,,8.81,952.53,516.21
006,1477,9,53,8,,,,,,,,,,9.37,952.47,516.72
006,1400,9,45,8,,,,,,,,,,9.33,952.43,517.10
006,1479,10,36,8,,,,,,,,,,9.49,952.42,517.17
006,1607,10,28,8,,,,,,,,,,9.65,952.38,517.52
006,1638,9,23,8,,,,,,,,,,9.86,952.50,516.44
006,1710,10,24,8,,,,,,,,,,9.78,952.36,517.67
006,1425,10,24,8,,,,,,,,,,10.12,952.38,517.47
006,1207,11,23,8,,,,,,,,,,10.41,952.39,517.45
006,1195,10,25,8,,,,,,,,,,10.31,952.48,516.65
