008,225,548,808,50,,,22,5,2019,15,58,44,543.70,18.84,956.16,484.51
008,1550,994,1420,1366,,,22,5,2019,16,8,38,552.80,18.14,956.19,484.19
008,1532,1020,1422,1374,,,22,5,2019,16,13,13,554.40,17.92,955.99,485.99
008,1560,1060,1464,1454,,,22,5,2019,16,18,13,554.70,17.92,955.92,486.56
008,1570,1073,1476,1467,,,22,5,2019,16,23,13,552.50,18.73,955.92,486.54
008,1580,1051,1448,1462,,,22,5,2019,16,28,13,551.60,19.13,955.86,487.13
008,1524,1046,1420,1411,,,22,5,2019,16,33,13,559.00,19.50,955.80,487.60
008,1512,1036,1422,1346,,,22,5,2019,16,38,13,555.00,19.44,955.79,487.69
008,1457,936,1382,1334,,,22,5,2019,16,43,13,548.90,19.89,955.77,487.85
008,1468,1000,1358,1348,,,22,5,2019,16,48,13,549.10,20.54,955.64,488.98
008,1423,956,1348,1322,,,22,5,2019,16,53,13,549.40,20.08,955.59,489.47
008,1422,941,1324,1330,,,22,5,2019,16,58,13,552.70,20.43,955.45,490.68
008,1392,919,1280,1256,,,22,5,2019,17,3,13,548.90,19.90,955.40,491.07
008,1390,934,1280,1263,,,22,5,2019,17,8,13,553.10,19.89,955.49,490.32
008,1329,884,1212,1220,,,22,5,2019,17,13,13,548.70,20.38,955.43,490.82
008,1335,916,1246,1244,,,22,5,2019,17,18,13,559.70,21.22,955.31,491.85
008,1372,916,1244,1208,,,22,5,2019,17,23,13,562.60,21.50,955.26,492.28
008,1292,858,1228,1206,,,22,5,2019,17,28,13,559.80,21.42,955.20,492.82
008,1302,887,1192,1198,,,22,5,2019,17,33,13,558.20,21.40,955.16,493.16
008,1372,896,1228,1219,,,22,5,2019,17,38,13,559.10,21.50,955.12,493.54
008,1350,919,1260,1262,,,22,5,2019,17,43,13,555.40,21.47,955.09,493.78
008,1335,916,1257,1224,,,22,5,2019,17,48,13,555.40,22.15,954.94,495.16
008,1356,855,1213,1220,,,22,5,2019,17,53,13,554.60,21.89,954.96,494.95
008,1294,810,1180,1159,,,22,5,2019,17,58,13,553.00,21.91,954.89,495.58
008,1252,824,1136,1130,,,22,5,2019,18,3,13,560.30,21.65,954.97,494.90
008,1231,761,1062,1116,,,22,5,2019,18,8,13,558.80,20.54,954.92,495.29
008,1164,764,1079,1062,,,22,5,2019,18,13,13,557.60,21.58,954.83,496.05
008,1300,837,1224,1238,,,22,5,2019,18,18,13,554.20,22.36,954.79,496.41
008,1256,839,1196,1137,,,22,5,2019,18,23,13,553.30,22.01,954.82,496.21
008,1208,784,1094,1088,,,22,5,2019,18,28,13,553.50,23.19,954.75,496.78
008,1213,752,1100,1078,,,22,5,2019,18,33,13,550.60,23.71,954.72,497.02
008,1191,796,1104,1112,,,22,5,2019,18,38,13,559.00,22.86,954.69,497.34
008,1183,792,1144,1082,,,22,5,2019,18,43,13,558.50,21.87,954.69,497.30
008,1172,796,1120,1124,,,22,5,2019,18,48,13,557.20,21.09,954.80,496.32
008,1255,804,1132,1127,,,22,5,2019,18,53,13,554.70,20.60,954.80,496.35
008,1186,792,1100,1089,,,22,5,2019,18,57,23,553.40,20.98,954.70,497.24
008,1162,747,1053,1060,,,22,5,2019,19,3,14,560.50,21.80,954.66,497.53
008,1180,788,1080,1057,,,22,5,2019,19,8,14,559.70,21.57,954.72,497.01
008,1110,742,1036,1060,,,22,5,2019,19,13,14,557.10,21.46,954.75,496.81
008,1059,692,974,924,,,22,5,2019,19,18,14,553.70,22.40,954.66,497.58
008,1022,680,950,943,,,22,5,2019,19,23,14,554.60,21.68,954.81,496.25
008,1007,676,936,928,,,22,5,2019,19,28,14,554.40,20.97,954.85,495.87
008,944,630,916,898,,,22,5,2019,19,33,14,554.20,20.73,954.95,495.05
008,988,638,892,860,,,22,5,2019,19,38,14,552.00,20.42,954.98,494.79
008,872,577,791,782,,,22,5,2019,19,43,14,553.60,20.95,955.03,494.35
008,806,537,748,748,,,22,5,2019,19,48,14,554.10,20.03,955.08,493.93
008,822,542,761,745,,,22,5,2019,19,53,14,555.50,20.40,955.05,494.14
008,768,505,684,684,,,22,5,2019,19,58,14,550.50,20.33,955.10,493.70
008,804,536,748,722,,,22,5,2019,20,3,14,553.10,21.30,954.99,494.68
008,772,504,680,684,,,22,5,2019,20,8,14,545.30,21.91,955.01,494.55
008,718,490,668,662,,,22,5,2019,20,13,14,546.10,21.63,955.08,493.86
008,658,429,585,592,,,22,5,2019,20,18,14,550.10,21.74,955.09,493.84
008,510,366,521,526,,,22,5,2019,20,23,14,546.40,22.21,955.01,494.47
008,556,356,476,470,,,22,5,2019,20,28,14,543.00,21.09,955.07,494.00
008,465,306,404,436,,,22,5,2019,20,33,14,548.30,20.35,955.20,492.87
008,19,13,19,9,,,22,5,2019,20,38,14,549.10,20.87,955.10,493.76
008,278,274,332,172,,,22,5,2019,20,43,14,547.80,21.34,955.05,494.12
008,328,229,280,310,,,22,5,2019,20,48,14,546.70,21.21,955.11,493.62
008,294,198,244,260,,,22,5,2019,20,53,14,552.80,21.14,955.15,493.29
008,231,195,202,177,,,22,5,2019,20,58,14,550.30,20.72,955.20,492.82
008,200,132,164,170,,,22,5,2019,21,3,14,548.30,19.87,955.13,493.44
008,133,135,141,132,,,22,5,2019,21,8,14,553.90,19.58,955.24,492.52
008,9,9,9,8,,,23,5,2019,12,18,15,565.30,8.01,955.71,488.42
008,8,8,8,7,,,23,5,2019,12,23,15,557.60,8.32,955.71,488.41
008,8,8,7,7,,,23,5,2019,12,28,15,556.30,8.66,955.83,487.37
008,8,8,7,7,,,23,5,2019,12,33,15,554.70,9.50,955.76,487.99
008,8,8,8,8,,,23,5,2019,12,38,15,553.50,9.97,955.99,485.96
008,8,8,8,8,,,23,5,2019,12,43,15,555.40,10.43,956.00,485.85
008,8,8,7,7,,,23,5,2019,12,48,15,557.00,10.69,956.01,485.76
008,20,11,10,8,,,23,5,2019,12,53,15,557.40,10.90,956.13,484.71
008,8,8,7,7,,,23,5,2019,12,58,15,554.10,10.07,956.28,483.38
008,8,8,8,8,,,23,5,2019,13,3,15,553.20,9.67,956.08,485.19
008,8,8,8,8,,,23,5,2019,13,8,15,553.40,9.84,956.12,484.82
008,9,8,8,7,,,23,5,2019,13,13,15,554.40,10.35,956.06,485.33
008,8,8,8,8,,,23,5,2019,13,18,15,556.60,10.94,956.27,483.47
008,8,8,8,7,,,23,5,2019,13,23,15,559.00,11.79,956.24,483.79
008,8,8,8,8,,,23,5,2019,13,28,15,554.30,13.15,956.21,484.00
008,9,9,8,8,,,23,5,2019,13,33,15,553.20,14.18,956.26,483.60
008,8,9,8,8,,,23,5,2019,13,38,15,553.30,15.18,956.30,483.27
008,9,9,8,8,,,23,5,2019,13,43,15,549.10,15.77,956.22,483.98
008,9,8,8,8,,,23,5,2019,13,48,15,546.70,16.19,956.31,483.13
008,9,9,9,8,,,23,5,2019,13,53,15,544.10,16.59,956.32,483.04
008,9,9,8,8,,,23,5,2019,13,58,15,545.80,16.66,956.25,483.69
008,9,8,8,8,,,23,5,2019,14,3,15,552.80,16.80,956.15,484.59
008,8,9,9,8,,,23,5,2019,14,8,15,556.20,17.48,956.17,484.37
008,9,8,8,8,,,23,5,2019,14,13,15,554.50,17.83,956.16,484.45
008,8,8,8,8,,,23,5,2019,14,18,15,557.80,18.41,956.21,484.00
008,9,9,8,8,,,23,5,2019,14,23,15,556.80,19.19,956.20,484.11
008,9,8,8,8,,,23,5,2019,14,28,15,557.20,18.76,956.31,483.14
008,9,9,8,8,,,23,5,2019,14,33,15,552.60,18.47,956.25,483.67
008,9,8,8,8,,,23,5,2019,14,38,15,556.70,18.49,956.11,484.94
008,9,9,8,8,,,23,5,2019,14,43,15,553.80,18.88,956.21,484.00
008,9,9,9,8,,,23,5,2019,14,48,15,557.90,18.28,956.19,484.19
008,9,9,8,8,,,23,5,2019,14,53,15,558.20,18.93,956.18,484.31
008,9,8,8,8,,,23,5,2019,14,58,15,561.80,18.85,956.16,484.48
008,10,10,9,8,,,23,5,2019,15,3,15,559.90,18.34,956.11,484.94
008,131,82,194,22,,,23,5,2019,15,8,15,558.50,19.13,956.08,485.20
008,80,136,164,25,,,23,5,2019,15,13,15,557.50,19.99,955.94,486.43
008,253,175,592,79,,,23,5,2019,15,18,15,555.80,20.21,955.88,486.90
008,347,362,846,142,,,23,5,2019,15,23,15,557.60,20.19,955.80,487.61
008,174,174,476,35,,,23,5,2019,15,28,15,556.00,19.83,955.83,487.33
008,496,648,1123,300,,,23,5,2019,15,33,15,558.10,19.53,955.64,489.05
008,1390,920,1180,1278,,,23,5,2019,15,38,15,554.80,20.02,955.63,489.07
008,456,462,1011,242,,,23,5,2019,15,43,15,550.90,19.52,955.58,489.56
008,1356,890,1295,1267,,,23,5,2019,15,48,15,551.50,19.51,955.61,489.24
008,1255,893,1278,1187,,,23,5,2019,15,53,15,553.00,19.28,955.42,490.89
008,427,556,913,212,,,23,5,2019,15,58,15,554.80,21.05,955.33,491.69
008,1420,950,1356,1335,,,23,5,2019,16,3,15,550.50,22.16,955.33,491.68
008,1367,966,1366,1002,,,23,5,2019,16,8,15,550.70,22.44,955.28,492.18
008,1446,974,1364,1366,,,23,5,2019,16,13,15,553.00,23.14,955.25,492.43
008,1535,932,1396,1366,,,23,5,2019,16,18,15,553.60,23.96,955.25,492.44
008,1518,988,1412,1358,,,23,5,2019,16,23,15,550.00,24.04,955.21,492.74
008,1496,992,1390,1395,,,23,5,2019,16,28,15,554.00,24.13,955.27,492.28
008,1384,929,1334,1342,,,23,5,2019,16,33,15,553.70,23.14,955.22,492.65
008,1318,941,1368,1338,,,23,5,2019,16,38,15,553.90,22.96,955.17,493.11
008,1484,980,1391,1388,,,23,5,2019,16,43,15,554.60,23.92,955.10,493.75
008,1539,1006,1476,1446,,,23,5,2019,16,48,15,550.50,24.14,954.96,494.92
008,1529,1030,1415,1414,,,23,5,2019,16,53,15,553.40,24.56,954.89,495.52
008,1574,1063,1430,1415,,,23,5,2019,16,58,15,551.10,25.55,954.77,496.61
008,1560,990,1444,1466,,,23,5,2019,17,3,15,555.80,25.64,954.74,496.87
008,1602,1046,1463,1490,,,23,5,2019,17,8,15,552.10,26.28,954.68,497.37
008,1520,994,1446,1414,,,23,5,2019,17,13,15,551.50,26.67,954.51,498.91
008,1540,1020,1492,1393,,,23,5,2019,17,18,15,554.40,25.02,954.42,499.64
008,1612,1070,1500,1462,,,23,5,2019,17,23,15,558.00,25.39,954.38,500.00
008,1574,1052,1475,1454,,,23,5,2019,17,28,15,556.90,26.25,954.26,501.06
008,1550,1036,1454,1430,,,23,5,2019,17,33,15,557.40,26.52,954.17,501.88
008,1486,991,1388,1362,,,23,5,2019,17,38,15,555.00,27.84,954.10,502.49
008,1519,1004,1433,1399,,,23,5,2019,17,43,15,554.90,27.92,954.16,501.94
008,1509,1004,1399,1391,,,23,5,2019,17,48,15,559.20,27.93,954.11,502.41
008,1470,968,1378,1094,,,23,5,2019,17,53,15,555.60,27.11,954.05,502.94
008,1442,934,1348,1340,,,23,5,2019,17,58,15,555.00,27.30,953.94,503.89
008,1379,956,1350,1287,,,23,5,2019,18,3,15,554.10,26.87,953.95,503.78
008,1366,876,1308,1165,,,23,5,2019,18,8,15,556.50,26.64,953.85,504.64
008,1484,1022,1412,1396,,,23,5,2019,18,13,15,555.20,26.77,953.82,504.91
008,1350,892,1252,1227,,,23,5,2019,18,18,15,551.70,25.64,953.77,505.35
008,1337,896,1303,1311,,,23,5,2019,18,23,15,556.20,25.51,953.76,505.41
008,1411,918,1270,1244,,,23,5,2019,18,28,15,554.40,26.11,953.75,505.53
008,1391,907,1256,1143,,,23,5,2019,18,33,15,551.80,25.91,953.66,506.30
008,1366,932,1318,1255,,,23,5,2019,18,38,15,550.60,26.15,953.65,506.41
008,1386,916,1294,1254,,,23,5,2019,18,43,15,551.30,26.96,953.65,506.42
008,1384,916,1284,1276,,,23,5,2019,18,48,15,550.10,26.73,953.46,508.04
008,1273,894,1250,1009,,,23,5,2019,18,53,15,564.20,26.21,953.59,506.92
008,1329,886,1262,1206,,,23,5,2019,18,58,15,562.20,26.94,953.46,508.07
008,1294,826,1150,1164,,,23,5,2019,19,3,15,557.80,26.48,953.44,508.20
008,1173,836,1188,1166,,,23,5,2019,19,8,15,555.30,26.84,953.56,507.19
008,1247,814,1202,1140,,,23,5,2019,19,13,15,552.90,25.65,953.49,507.82
008,1206,779,1100,1092,,,23,5,2019,19,18,15,556.50,25.46,953.44,508.22
008,1111,733,1108,996,,,23,5,2019,19,23,15,556.30,25.93,953.54,507.40
008,1154,732,1057,1038,,,23,5,2019,19,28,15,554.90,25.98,953.54,507.36
008,1010,700,988,980,,,23,5,2019,19,33,15,555.40,25.64,953.52,507.49
008,1036,688,929,946,,,23,5,2019,19,38,15,554.60,25.51,953.61,506.74
008,1024,662,916,950,,,23,5,2019,19,43,15,553.50,25.41,953.59,506.93
008,974,636,908,910,,,23,5,2019,19,48,15,553.50,24.61,953.60,506.84
008,1004,644,883,866,,,23,5,2019,19,53,15,550.10,24.91,953.59,506.89
008,985,652,889,892,,,23,5,2019,19,58,15,548.00,25.26,953.68,506.15
008,881,598,830,808,,,23,5,2019,20,3,15,547.90,25.12,953.68,506.11
008,854,548,759,756,,,23,5,2019,20,8,15,546.10,24.86,953.68,506.12
008,780,512,700,708,,,23,5,2019,20,13,15,547.60,24.87,953.58,506.99
008,711,476,636,627,,,23,5,2019,20,18,15,546.40,24.14,953.52,507.52
008,670,424,580,604,,,23,5,2019,20,23,15,547.40,24.06,953.51,507.58
008,584,410,524,530,,,23,5,2019,20,28,15,548.90,24.19,953.54,507.40
008,510,340,454,460,,,23,5,2019,20,33,15,551.00,23.30,953.59,506.94
008,9,9,9,9,,,23,5,2019,20,38,15,548.40,23.06,953.69,506.02
008,414,281,346,371,,,23,5,2019,20,43,15,551.00,22.73,953.65,506.41
008,59,40,124,10,,,23,5,2019,20,48,15,543.90,22.90,953.64,506.49
008,164,207,256,156,,,23,5,2019,20,53,15,546.00,22.56,953.54,507.34
008,235,187,220,169,,,23,5,2019,20,58,15,549.50,21.99,953.71,505.90
008,93,129,151,44,,,23,5,2019,21,3,15,546.00,21.57,953.75,505.51
