001,9,10,9,7,,,9,1,2080,12,12,28,,16.03,955.13,493.47
001,8,8,8,7,,,27,6,2018,12,13,9,562.40,15.46,955.23,492.60
001,93,99,53,92,,,27,6,2018,12,38,10,560.90,11.03,955.33,491.70
001,118,117,77,171,,,27,6,2018,12,43,10,557.50,11.03,955.30,492.00
001,177,201,117,201,,,27,6,2018,12,48,10,554.10,11.16,955.41,491.02
001,225,230,127,207,,,27,6,2018,12,53,10,555.50,11.44,955.43,490.82
001,250,246,154,239,,,27,6,2018,12,58,10,556.10,12.07,955.41,491.02
001,284,258,172,281,,,27,6,2018,13,3,10,556.50,12.07,955.44,490.78
001,336,320,200,368,,,27,6,2018,13,8,10,557.60,12.27,955.44,490.74
001,425,400,247,418,,,27,6,2018,13,13,10,554.30,12.64,955.54,489.85
001,432,428,269,459,,,27,6,2018,13,18,10,554.70,12.86,955.46,490.56
001,477,463,301,512,,,27,6,2018,13,23,10,553.70,13.18,955.46,490.56
001,601,531,356,600,,,27,6,2018,13,28,10,556.20,13.52,955.38,491.28
001,636,596,374,644,,,27,6,2018,13,33,10,557.70,13.47,955.42,490.96
001,693,654,424,740,,,27,6,2018,13,38,10,558.80,13.58,955.38,491.29
001,752,673,477,864,,,27,6,2018,13,43,10,550.50,13.73,955.33,491.71
001,800,796,506,945,,,27,6,2018,13,48,10,550.50,14.69,955.23,492.63
001,950,790,539,1033,,,27,6,2018,13,53,10,552.00,14.48,955.13,493.43
001,912,919,593,975,,,27,6,2018,13,58,10,557.10,14.12,955.26,492.36
001,1023,1009,635,1151,,,27,6,2018,14,3,10,562.10,14.35,955.21,492.74
001,1087,1037,667,1259,,,27,6,2018,14,8,10,561.00,14.80,955.04,494.22
001,1066,1024,667,1231,,,27,6,2018,14,13,10,561.40,15.76,955.16,493.17
001,1024,864,532,987,,,27,6,2018,14,18,10,549.60,15.47,955.19,492.92
001,1126,1056,671,1207,,,27,6,2018,14,23,10,553.70,15.78,955.17,493.11
001,1138,1119,692,1279,,,27,6,2018,14,28,10,552.50,16.06,955.09,493.80
001,1164,1136,735,1326,,,27,6,2018,14,33,10,557.20,16.49,955.03,494.37
001,1240,1132,744,1397,,,27,6,2018,14,38,10,557.10,17.42,955.08,493.94
001,1179,2048,728,1440,,,27,6,2018,14,43,10,555.80,17.53,955.08,493.91
001,1215,1211,752,1440,,,27,6,2018,14,48,10,557.50,17.86,955.01,494.55
001,1223,1100,763,1471,,,27,6,2018,14,53,10,558.20,17.69,954.99,494.71
001,1182,1131,726,1435,,,27,6,2018,14,58,10,558.20,17.39,954.90,495.48
001,1329,1200,768,1471,,,27,6,2018,15,3,10,557.00,18.06,954.82,496.16
001,1325,1215,781,1455,,,27,6,2018,15,8,10,554.70,19.03,954.77,496.58
001,1383,1327,815,1473,,,27,6,2018,15,13,10,552.00,19.89,954.74,496.87
001,1350,1339,816,1616,,,27,6,2018,15,18,10,551.00,20.04,954.59,498.20
001,1280,1248,800,1472,,,27,6,2018,15,23,10,553.30,19.90,954.56,498.41
001,1365,1288,814,1480,,,27,6,2018,15,28,10,548.80,21.20,954.47,499.20
001,1315,1152,799,1314,,,27,6,2018,15,33,10,550.70,20.95,954.50,498.98
001,1376,1336,853,1527,,,27,6,2018,15,38,10,547.40,19.47,954.47,499.26
001,1280,1138,751,1503,,,27,6,2018,15,43,10,548.10,19.88,954.40,499.87
001,1531,1440,928,1664,,,27,6,2018,15,48,10,548.50,20.55,954.37,500.08
001,1503,1423,919,1719,,,27,6,2018,15,53,10,546.80,20.71,954.30,500.70
001,1535,1492,944,1791,,,27,6,2018,15,58,10,554.20,20.61,954.12,502.25
001,1536,1427,896,1823,,,27,6,2018,16,3,10,555.80,22.13,953.94,503.87
001,1472,1359,869,1535,,,27,6,2018,16,8,10,558.60,22.46,953.78,505.30
001,1536,1484,973,1816,,,27,6,2018,16,13,10,561.60,23.33,953.60,506.85
001,1568,1535,943,1864,,,27,6,2018,16,18,10,550.50,23.29,953.50,507.73
001,1664,1551,1024,1919,,,27,6,2018,16,23,10,562.90,23.33,953.38,508.79
001,1540,1343,930,1632,,,27,6,2018,16,28,10,568.30,24.05,953.32,509.25
001,1547,1439,926,1814,,,27,6,2018,16,33,10,556.30,24.17,953.19,510.43
001,1551,1519,977,1835,,,27,6,2018,16,38,10,560.20,24.53,953.08,511.38
001,1552,1467,971,1791,,,27,6,2018,16,43,10,548.20,24.97,953.03,511.86
001,1664,1488,963,1904,,,27,6,2018,16,48,10,554.00,24.81,952.87,513.21
001,1655,1595,1024,1926,,,27,6,2018,16,53,10,549.60,24.10,952.87,513.23
001,1631,1519,982,1823,,,27,6,2018,16,58,10,545.10,24.42,952.56,515.95
001,1679,1575,1008,1943,,,27,6,2018,17,3,10,552.70,24.46,952.54,516.09
001,1596,1587,1011,1984,,,27,6,2018,17,8,10,547.90,23.53,952.50,516.42
001,1640,1535,1023,1855,,,27,6,2018,17,13,10,553.60,23.94,952.40,517.33
001,1616,1520,980,1823,,,27,6,2018,17,18,10,548.70,23.80,952.47,516.71
001,1408,1297,855,1631,,,27,6,2018,17,23,10,542.50,23.18,952.31,518.10
001,1264,2048,808,1471,,,27,6,2018,17,28,10,553.00,22.55,952.28,518.35
001,1350,1264,832,1498,,,27,6,2018,17,33,10,553.30,22.72,952.06,520.28
001,1275,1280,751,1472,,,27,6,2018,17,38,10,564.30,23.09,952.25,518.65
001,1257,1187,767,1479,,,27,6,2018,17,43,10,550.40,22.93,952.09,520.07
001,1235,1136,784,1352,,,27,6,2018,17,48,10,560.90,22.91,951.97,521.13
001,1227,1065,708,1304,,,27,6,2018,17,53,10,556.10,22.80,951.97,521.09
001,1268,1207,799,1503,,,27,6,2018,17,58,10,556.00,23.45,952.00,520.86
001,1303,1166,767,1536,,,27,6,2018,18,3,10,555.30,23.78,951.91,521.60
001,1327,1255,800,1512,,,27,6,2018,18,8,10,547.80,23.31,951.89,521.78
001,1280,1175,850,1424,,,27,6,2018,18,13,10,535.90,23.47,951.88,521.90
001,1289,1168,791,1439,,,27,6,2018,18,18,10,561.70,24.00,951.69,523.58
001,1239,1151,783,1408,,,27,6,2018,18,23,10,549.80,24.11,951.68,523.62
001,1223,1199,736,1348,,,27,6,2018,18,28,10,547.30,24.17,951.58,524.50
001,1131,1135,680,1299,,,27,6,2018,18,33,10,551.80,23.50,951.54,524.83
001,1152,1067,699,1319,,,27,6,2018,18,38,10,542.00,23.71,951.40,526.13
001,1108,1071,674,1298,,,27,6,2018,18,43,10,555.30,24.03,951.37,526.35
001,1127,1071,699,1271,,,27,6,2018,18,48,10,554.20,24.18,951.33,526.66
001,1127,1064,683,1262,,,27,6,2018,18,53,10,552.00,24.13,951.35,526.49
001,1056,1031,667,1215,,,27,6,2018,18,58,10,554.10,24.03,951.24,527.45
001,1076,996,648,1179,,,27,6,2018,19,3,10,551.90,24.30,951.15,528.25
001,1003,986,623,1164,,,27,6,2018,19,8,10,554.40,24.36,951.17,528.12
001,977,943,603,1120,,,27,6,2018,19,13,10,547.10,23.85,951.09,528.78
001,904,831,549,1002,,,27,6,2018,19,18,10,554.20,23.63,951.07,528.96
001,901,840,536,983,,,27,6,2018,19,23,10,548.60,23.63,950.99,529.65
001,855,798,528,971,,,27,6,2018,19,28,10,549.60,22.71,950.96,529.97
001,791,751,492,882,,,27,6,2018,19,33,10,553.80,23.36,950.92,530.27
001,742,696,447,801,,,27,6,2018,19,38,10,552.20,23.36,950.94,530.15
001,700,668,446,751,,,27,6,2018,19,43,10,557.30,22.64,950.97,529.90
001,615,567,350,638,,,27,6,2018,19,48,10,559.50,22.93,950.88,530.67
001,570,523,348,602,,,27,6,2018,19,53,10,555.90,22.69,950.88,530.65
001,516,473,308,536,,,27,6,2018,19,58,10,557.70,22.21,951.00,529.64
001,450,436,275,439,,,27,6,2018,20,3,10,558.20,22.03,950.98,529.80
001,377,382,220,369,,,27,6,2018,20,8,10,554.60,21.78,950.86,530.85
001,276,255,177,255,,,27,6,2018,20,13,10,555.00,21.43,950.94,530.11
001,231,262,153,230,,,27,6,2018,20,18,10,557.20,20.99,950.87,530.70
001,158,181,104,203,,,27,6,2018,20,23,10,555.90,20.69,950.90,530.50
001,150,150,91,190,,,27,6,2018,20,28,10,561.00,20.54,951.02,529.44
001,132,123,76,164,,,27,6,2018,20,33,10,560.70,20.23,950.91,530.42
001,111,109,67,156,,,27,6,2018,20,38,10,559.90,19.93,950.98,529.73
001,85,96,55,71,,,27,6,2018,20,43,10,552.50,19.81,950.95,530.02
001,57,86,39,71,,,27,6,2018,20,48,10,555.90,19.56,950.95,530.04
001,21,36,18,45,,,27,6,2018,20,53,10,551.60,19.34,950.92,530.34
001,23,38,18,37,,,27,6,2018,20,58,10,554.50,19.00,951.02,529.39
001,20,39,19,42,,,27,6,2018,21,3,10,549.60,18.82,951.06,529.06
001,25,42,23,40,,,28,6,2018,12,38,10,555.80,11.02,952.02,520.67
001,22,35,20,59,,,28,6,2018,12,43,10,551.50,11.25,952.08,520.17
001,20,38,19,34,,,28,6,2018,12,48,10,547.40,11.30,952.30,518.22
001,22,38,17,39,,,28,6,2018,12,53,10,556.40,11.06,952.28,518.35
001,19,34,19,37,,,28,6,2018,12,58,10,559.00,11.03,952.41,517.27
001,21,50,17,34,,,28,6,2018,13,3,10,549.70,11.02,952.44,516.97
001,19,40,18,49,,,28,6,2018,13,8,10,559.60,11.22,952.30,518.20
001,18,43,18,35,,,28,6,2018,13,13,10,549.60,11.43,952.29,518.26
001,20,40,21,44,,,28,6,2018,13,18,10,572.90,11.54,952.33,517.98
001,23,41,24,61,,,28,6,2018,13,23,10,568.90,11.59,952.54,516.10
001,23,39,18,42,,,28,6,2018,13,28,10,555.60,11.66,952.77,514.10
001,23,47,22,37,,,28,6,2018,13,33,10,557.10,11.56,952.78,514.04
001,20,37,22,39,,,28,6,2018,13,38,10,557.40,11.63,952.84,513.45
001,22,44,19,41,,,28,6,2018,13,43,10,556.30,11.63,952.82,513.69
001,23,40,16,46,,,28,6,2018,13,48,10,553.10,11.50,952.90,512.99
001,18,38,19,46,,,28,6,2018,13,53,10,558.40,11.62,953.06,511.57
001,21,41,19,33,,,28,6,2018,13,58,10,555.30,12.19,953.19,510.43
001,20,39,25,39,,,28,6,2018,14,3,10,560.30,12.49,953.15,510.73
001,8,8,9,8,,,7,7,2018,14,28,46,,17.35,957.45,473.23
001,7,13,7,6,,,7,7,2018,14,29,26,,17.47,957.58,472.08
001,4095,4092,4095,4095,,,7,7,2018,14,33,7,549.70,18.04,957.55,472.35
001,1324,1291,773,1603,,,7,7,2018,14,43,18,545.40,20.06,957.44,473.28
001,1351,1244,812,1600,,,7,7,2018,14,48,18,555.00,20.49,957.52,472.57
001,1456,1360,848,1600,,,7,7,2018,14,53,18,550.70,21.36,957.38,473.87
001,1492,1484,930,1684,,,7,7,2018,14,58,18,552.00,21.37,957.43,473.43
001,1536,1455,943,1638,,,7,7,2018,15,3,18,549.40,21.36,957.33,474.27
001,1472,1431,909,1727,,,7,7,2018,15,8,18,547.80,21.45,957.32,474.34
001,1472,1456,848,1691,,,7,7,2018,15,13,18,547.30,21.05,957.35,474.05
001,1376,1272,777,1600,,,7,7,2018,15,18,18,549.70,20.14,957.37,473.92
001,1439,1515,879,1695,,,7,7,2018,15,23,18,555.00,20.20,957.30,474.49
001,1590,1494,967,1655,,,7,7,2018,15,28,18,553.90,19.49,957.28,474.67
001,1447,1472,888,1648,,,7,7,2018,15,33,18,551.50,21.20,957.39,473.75
001,1527,1488,933,1831,,,7,7,2018,15,38,18,549.50,22.09,957.28,474.66
001,1576,1471,895,1703,,,7,7,2018,15,43,18,554.90,21.73,957.21,475.27
001,1543,1614,947,1907,,,7,7,2018,15,48,18,552.50,22.21,957.24,475.01
001,1640,1579,981,1824,,,7,7,2018,15,53,18,559.70,22.58,957.11,476.22
001,1559,1530,895,1760,,,7,7,2018,15,58,18,563.00,22.40,957.15,475.80
001,1599,1579,960,1855,,,7,7,2018,16,3,18,555.40,21.67,957.08,476.43
001,1743,1679,1047,2048,,,7,7,2018,16,8,18,552.90,22.48,957.07,476.55
001,1759,1687,1068,2031,,,7,7,2018,16,13,18,551.10,23.86,956.98,477.31
001,1790,1640,1039,1932,,,7,7,2018,16,18,18,551.80,23.85,956.93,477.73
001,1830,1800,1096,2128,,,7,7,2018,16,23,18,559.60,25.03,956.94,477.69
001,1824,1743,1102,2032,,,7,7,2018,16,28,18,556.70,25.84,956.93,477.73
001,1792,1760,1099,2103,,,7,7,2018,16,33,18,552.90,25.80,956.89,478.09
001,1996,1919,1152,2220,,,7,7,2018,16,38,18,551.50,25.74,956.73,479.48
001,1792,1727,1088,2016,,,7,7,2018,16,43,18,551.70,24.75,956.74,479.43
001,1728,1600,998,1887,,,7,7,2018,16,48,18,554.40,23.82,956.57,480.86
001,1750,1647,1055,2000,,,7,7,2018,16,53,18,553.70,23.93,956.54,481.16
001,1832,1775,1115,2047,,,7,7,2018,16,58,18,551.90,23.93,956.44,482.06
001,1772,1727,1088,2016,,,7,7,2018,17,3,18,555.70,25.24,956.29,483.36
001,1816,1741,1073,2039,,,7,7,2018,17,8,18,550.20,25.89,956.24,483.73
001,1728,1684,1022,1952,,,7,7,2018,17,13,18,550.50,25.01,956.15,484.58
001,1732,1647,1042,1888,,,7,7,2018,17,18,18,552.30,25.13,956.12,484.83
001,1759,1711,1034,2004,,,7,7,2018,17,23,18,549.40,25.08,956.01,485.74
001,1708,1708,1048,1994,,,7,7,2018,17,28,18,554.20,25.12,956.05,485.47
001,1697,1647,1024,1976,,,7,7,2018,17,33,18,551.20,25.40,956.01,485.81
001,1687,1662,998,1938,,,7,7,2018,17,38,18,547.00,25.77,955.93,486.46
001,1695,1678,1061,1969,,,7,7,2018,17,43,18,548.30,25.21,955.80,487.64
001,1711,1664,1024,1975,,,7,7,2018,17,48,18,549.10,24.48,955.81,487.51
001,1696,1600,1012,1887,,,7,7,2018,17,53,18,548.30,25.22,955.82,487.47
001,1741,1663,1049,1999,,,7,7,2018,17,58,18,545.40,24.73,955.65,488.89
001,1751,1659,1004,1986,,,7,7,2018,18,3,18,548.50,24.65,955.62,489.15
001,1620,1597,785,1586,,,7,7,2018,18,8,18,547.60,25.74,955.58,489.54
001,488,576,343,496,,,7,7,2018,18,13,18,545.90,26.08,955.50,490.19
001,1519,1328,1023,1812,,,7,7,2018,18,18,18,547.20,25.35,955.37,491.34
001,1788,1536,1023,1832,,,7,7,2018,18,23,18,549.60,24.45,955.32,491.82
001,1688,1632,1028,1899,,,7,7,2018,18,28,18,545.80,23.99,955.31,491.93
001,115,258,120,337,,,7,7,2018,18,33,18,546.50,22.02,955.30,491.97
001,1536,1320,879,1632,,,7,7,2018,18,38,18,547.40,22.97,955.31,491.86
001,1407,1452,896,1765,,,7,7,2018,18,43,18,548.30,24.86,955.08,493.93
001,1535,1439,914,1787,,,7,7,2018,18,48,18,548.10,26.01,955.07,494.00
001,1468,1432,874,1701,,,7,7,2018,18,53,18,548.20,25.09,955.05,494.15
001,1130,977,683,1415,,,7,7,2018,18,58,18,543.00,23.97,954.98,494.81
001,1446,1411,871,1632,,,7,7,2018,19,3,18,548.30,24.08,954.94,495.15
001,1376,1375,823,1595,,,7,7,2018,19,8,18,549.50,24.58,954.84,496.00
001,1400,1354,876,1607,,,7,7,2018,19,13,18,552.50,23.84,954.84,496.03
001,1455,1355,879,1639,,,7,7,2018,19,18,18,549.60,23.30,954.82,496.18
001,1279,1263,807,1504,,,7,7,2018,19,23,18,547.40,23.16,954.76,496.68
001,1424,1327,846,1536,,,7,7,2018,19,28,18,539.80,22.72,954.73,496.94
001,1294,1135,767,1179,,,7,7,2018,19,33,18,549.70,20.30,954.67,497.46
001,19,28,17,41,,,7,7,2018,19,38,18,549.50,18.75,954.68,497.38
001,19,26,17,38,,,7,7,2018,19,43,18,553.50,17.86,954.65,497.65
001,19,33,17,44,,,7,7,2018,19,48,18,550.60,17.30,954.73,496.94
001,18,28,17,52,,,7,7,2018,19,53,18,555.20,16.85,954.64,497.70
001,18,27,16,42,,,7,7,2018,19,58,18,557.20,16.51,954.68,497.38
001,4095,4088,4095,4095,,,7,7,2018,20,3,18,553.30,16.21,954.61,498.03
001,19,31,19,49,,,7,7,2018,20,8,18,559.30,16.02,954.71,497.13
001,19,37,17,39,,,7,7,2018,20,13,18,549.50,15.89,954.68,497.42
001,18,31,17,36,,,7,7,2018,20,18,18,555.60,15.64,954.63,497.80
001,18,41,19,38,,,7,7,2018,20,23,18,554.50,15.44,954.52,498.78
001,19,32,17,52,,,7,7,2018,20,28,18,551.90,15.44,954.55,498.54
001,18,27,17,39,,,7,7,2018,20,33,18,555.50,15.18,954.55,498.53
001,21,38,18,33,,,7,7,2018,20,38,18,551.50,15.00,954.54,498.63
001,4095,2048,18,4095,,,7,7,2018,20,43,18,553.40,14.96,954.60,498.11
001,2048,2049,4095,39,,,7,7,2018,20,48,18,553.60,14.82,954.62,497.92
001,19,34,18,54,,,7,7,2018,20,53,18,548.30,14.73,954.50,498.95
001,18,31,18,36,,,7,7,2018,20,58,18,557.20,14.37,954.54,498.62
001,19,32,21,47,,,7,7,2018,21,3,18,560.20,14.06,954.51,498.91
001,20,29,17,41,,,7,7,2018,21,8,18,553.80,13.99,954.45,499.43
001,169,160,101,179,,,8,7,2018,12,38,18,534.40,8.22,953.43,508.28
001,214,229,129,248,,,8,7,2018,12,43,18,548.40,9.43,953.21,510.23
001,331,308,184,318,,,8,7,2018,12,48,18,553.10,10.25,953.34,509.13
001,353,358,218,379,,,8,7,2018,12,53,18,554.60,11.72,953.58,507.03
001,415,427,242,456,,,8,7,2018,12,58,18,552.70,12.92,953.42,508.38
001,527,521,319,528,,,8,7,2018,13,3,18,549.80,13.25,953.44,508.25
001,582,574,332,639,,,8,7,2018,13,8,18,549.00,13.01,953.42,508.45
001,625,616,378,641,,,8,7,2018,13,13,18,552.70,12.98,953.52,507.51
001,674,663,408,751,,,8,7,2018,13,18,18,548.80,14.03,953.59,506.93
001,639,600,354,698,,,8,7,2018,13,23,18,545.40,14.40,953.74,505.57
001,824,800,476,877,,,8,7,2018,13,28,18,543.70,15.66,953.81,505.04
001,895,835,530,976,,,8,7,2018,13,33,18,547.50,17.07,953.81,505.02
001,895,875,512,1010,,,8,7,2018,13,38,18,550.00,18.35,953.86,504.60
001,945,912,565,1051,,,8,7,2018,13,43,18,556.10,19.44,953.91,504.09
001,951,879,543,1045,,,8,7,2018,13,48,18,552.60,19.12,953.90,504.19
001,841,895,533,1088,,,8,7,2018,13,53,18,552.90,18.86,954.06,502.85
001,992,996,616,1213,,,8,7,2018,13,58,18,562.50,19.79,954.04,502.95
001,1097,1086,672,1360,,,8,7,2018,14,3,18,555.80,20.72,954.15,502.06
001,1167,1143,704,1279,,,8,7,2018,14,8,18,549.80,21.71,954.13,502.23
001,1134,1163,628,1343,,,8,7,2018,14,13,18,555.80,22.82,954.18,501.72
001,1288,1244,765,1514,,,8,7,2018,14,18,18,548.00,22.96,954.24,501.28
001,1300,1291,805,1536,,,8,7,2018,14,23,18,552.30,23.67,954.27,500.98
001,1424,1392,843,1607,,,8,7,2018,14,28,18,560.20,23.90,954.27,501.01
001,1408,1407,863,1559,,,8,7,2018,14,33,18,553.40,23.89,954.23,501.29
001,1398,1450,869,1680,,,8,7,2018,14,38,18,550.40,23.30,954.27,501.01
001,1404,1336,848,1648,,,8,7,2018,14,43,18,554.90,23.75,954.35,500.26
001,1408,1392,736,1416,,,8,7,2018,14,48,18,556.40,23.80,954.44,499.49
001,1485,1391,847,1646,,,8,7,2018,14,53,18,555.20,23.91,954.49,499.02
001,1387,1359,835,1600,,,8,7,2018,14,58,18,549.90,23.95,954.52,498.75
001,1296,1233,819,1455,,,8,7,2018,15,3,18,549.10,23.27,954.55,498.53
001,1408,1352,840,1599,,,8,7,2018,15,8,18,552.60,23.12,954.56,498.40
001,1472,1472,841,1648,,,8,7,2018,15,13,18,544.40,23.31,954.49,499.02
001,1477,1344,823,1632,,,8,7,2018,15,18,18,548.20,23.67,954.52,498.80
001,1611,1534,927,1744,,,8,7,2018,15,23,18,549.40,24.11,954.40,499.86
001,1488,1424,879,1647,,,8,7,2018,15,28,18,552.40,23.97,954.33,500.41
001,1554,1458,953,1767,,,8,7,2018,15,33,18,553.00,24.05,954.31,500.62
001,1536,1471,934,1791,,,8,7,2018,15,38,18,566.90,24.00,954.25,501.17
001,1585,1558,981,1775,,,8,7,2018,15,43,18,557.30,24.40,954.20,501.63
001,1717,1568,991,1919,,,8,7,2018,15,48,18,562.70,24.60,954.16,501.96
001,1733,1663,1040,1951,,,8,7,2018,15,53,18,561.30,24.83,954.17,501.86
001,1668,1538,989,1951,,,8,7,2018,15,58,18,560.60,24.44,954.08,502.66
001,1695,1599,960,1871,,,8,7,2018,16,3,18,552.90,25.04,954.10,502.50
001,1711,1680,1004,1973,,,8,7,2018,16,8,18,555.00,24.48,954.07,502.71
001,1704,1631,1023,1975,,,8,7,2018,16,13,18,553.00,24.52,953.95,503.78
001,1822,1755,1079,2120,,,8,7,2018,16,18,18,558.40,25.20,954.01,503.22
001,1736,1632,1024,1959,,,8,7,2018,16,23,18,554.40,26.15,954.02,503.13
001,1839,1695,1063,2048,,,8,7,2018,16,28,18,553.30,26.63,954.00,503.37
001,1940,1855,1147,2256,,,8,7,2018,16,33,18,548.90,27.78,953.93,503.98
001,1788,1759,1095,2048,,,8,7,2018,16,38,18,553.60,29.37,953.91,504.14
001,1924,1888,1167,2143,,,8,7,2018,16,43,18,559.90,29.76,953.89,504.28
001,1855,1767,1070,2072,,,8,7,2018,16,48,18,554.70,29.52,953.91,504.11
001,1744,1711,1043,2007,,,8,7,2018,16,53,18,555.20,28.52,953.87,504.45
001,1760,1668,999,2008,,,8,7,2018,16,58,18,560.00,28.11,953.88,504.34
001,1711,1683,1047,1993,,,8,7,2018,17,3,18,555.40,28.28,953.86,504.59
001,1780,1704,1064,2003,,,8,7,2018,17,8,18,557.20,29.04,953.74,505.64
001,1851,1752,1087,2096,,,8,7,2018,17,13,18,552.20,30.24,953.75,505.51
001,1743,1696,1047,1968,,,8,7,2018,17,18,18,548.10,30.87,953.68,506.15
001,1798,1728,1063,2049,,,8,7,2018,17,23,18,553.90,30.82,953.66,506.28
001,1816,1759,1083,2144,,,8,7,2018,17,28,18,552.10,30.87,953.64,506.50
001,1840,1672,1060,2111,,,8,7,2018,17,33,18,551.80,30.27,953.55,507.31
001,1760,1823,1056,2143,,,8,7,2018,17,38,18,544.00,29.50,953.52,507.56
001,1735,1718,1083,2015,,,8,7,2018,17,43,18,549.60,29.64,953.41,508.49
001,1775,1651,1032,2047,,,8,7,2018,17,48,18,548.40,30.09,953.35,509.01
001,1851,1672,1032,2031,,,8,7,2018,17,53,18,545.80,29.82,953.32,509.26
001,1764,1702,1056,2048,,,8,7,2018,17,58,18,548.70,30.38,953.29,509.51
001,1775,1711,1067,2037,,,8,7,2018,18,3,18,547.30,29.69,953.22,510.11
001,1819,1783,1103,2059,,,8,7,2018,18,8,18,548.80,29.37,953.08,511.42
001,1612,1605,911,1791,,,8,7,2018,18,13,18,542.30,29.43,953.05,511.62
001,568,617,373,567,,,8,7,2018,18,18,18,546.10,28.83,953.04,511.69
001,1302,1239,898,1727,,,8,7,2018,18,23,18,545.30,26.87,952.93,512.73
001,1594,1550,959,1872,,,8,7,2018,18,28,18,548.90,26.02,952.92,512.78
001,123,243,90,476,,,8,7,2018,18,33,18,551.20,24.76,952.91,512.85
001,1568,1515,928,1728,,,8,7,2018,18,38,18,546.70,26.49,952.83,513.58
001,1503,1528,907,1732,,,8,7,2018,18,43,18,547.70,27.93,952.85,513.44
001,1375,1322,817,1611,,,8,7,2018,18,48,18,546.00,29.58,952.76,514.20
001,1503,1407,887,1672,,,8,7,2018,18,53,18,526.60,29.57,952.75,514.27
001,1374,1338,847,1552,,,8,7,2018,18,58,18,541.30,29.60,952.82,513.68
001,1396,1299,759,1458,,,8,7,2018,19,3,18,539.70,28.57,952.83,513.54
001,1423,1328,845,1519,,,8,7,2018,19,8,18,548.20,28.80,952.89,513.07
001,1465,1296,830,1608,,,8,7,2018,19,13,18,552.10,28.50,952.96,512.39
001,1385,1319,812,1535,,,8,7,2018,19,18,18,547.60,28.15,952.94,512.64
001,1367,1331,800,1540,,,8,7,2018,19,23,18,534.90,28.32,952.96,512.44
001,1335,1303,799,1492,,,8,7,2018,19,28,18,546.40,26.61,952.89,513.04
001,1057,991,657,896,,,8,7,2018,19,33,18,549.20,23.91,952.89,513.06
001,20,31,20,57,,,8,7,2018,19,38,18,549.90,22.50,952.98,512.25
001,20,34,20,40,,,8,7,2018,19,43,18,553.40,21.56,952.93,512.71
001,19,40,19,38,,,8,7,2018,19,48,18,553.90,20.79,952.96,512.42
001,17,38,16,39,,,8,7,2018,19,53,18,552.90,20.20,952.93,512.73
001,17,25,16,36,,,8,7,2018,19,58,18,552.40,19.84,952.89,513.05
001,18,30,16,39,,,8,7,2018,20,3,18,553.70,19.83,952.99,512.18
001,18,31,16,42,,,8,7,2018,20,8,18,559.90,19.72,952.93,512.73
001,18,35,16,42,,,8,7,2018,20,13,18,564.00,19.44,952.94,512.59
001,15,26,16,34,,,8,7,2018,20,18,18,560.20,19.22,952.97,512.37
001,17,27,17,41,,,8,7,2018,20,23,18,562.00,19.21,952.90,512.93
001,18,27,17,42,,,8,7,2018,20,28,18,555.80,18.85,952.98,512.30
001,18,35,17,38,,,8,7,2018,20,33,18,552.20,18.70,952.91,512.83
001,18,31,18,34,,,8,7,2018,20,38,18,553.10,18.60,952.95,512.48
001,18,31,18,36,,,8,7,2018,20,43,18,552.10,18.38,952.94,512.60
001,18,27,16,39,,,8,7,2018,20,48,18,553.50,18.14,952.95,512.49
001,19,29,16,42,,,8,7,2018,20,53,18,558.50,18.00,953.00,512.09
001,18,28,16,38,,,8,7,2018,20,58,18,554.40,17.92,953.02,511.90
001,19,28,17,40,,,8,7,2018,21,3,18,557.60,17.83,953.03,511.83
001,19,29,17,43,,,8,7,2018,21,8,18,562.60,17.59,953.16,510.72
001,240,226,139,223,,,9,7,2018,12,38,18,553.30,8.92,953.98,503.48
001,305,312,178,287,,,9,7,2018,12,43,18,551.10,10.30,953.99,503.44
001,351,345,197,356,,,9,7,2018,12,48,18,549.90,11.63,953.97,503.64
001,434,431,248,409,,,9,7,2018,12,53,18,552.50,12.46,953.85,504.65
001,538,518,310,536,,,9,7,2018,12,58,18,551.60,13.71,953.84,504.73
001,605,573,320,720,,,9,7,2018,13,3,18,548.50,14.81,953.69,506.03
001,679,655,397,711,,,9,7,2018,13,8,18,550.80,14.88,953.87,504.49
001,680,625,378,708,,,9,7,2018,13,13,18,551.70,15.22,953.86,504.57
001,776,736,439,802,,,9,7,2018,13,18,18,544.90,15.90,953.83,504.79
001,886,843,507,967,,,9,7,2018,13,23,18,541.50,16.52,953.83,504.80
001,971,896,566,1012,,,9,7,2018,13,28,18,546.70,16.39,953.88,504.39
001,1009,1020,589,1119,,,9,7,2018,13,33,18,546.60,17.27,953.93,503.94
001,1136,1087,667,1248,,,9,7,2018,13,38,18,551.00,18.17,953.88,504.37
001,1208,1123,673,1385,,,9,7,2018,13,43,18,549.00,18.35,953.84,504.72
001,1317,1191,728,1391,,,9,7,2018,13,48,18,546.50,19.59,953.87,504.48
001,1295,1288,744,1425,,,9,7,2018,13,53,18,554.50,19.74,953.99,503.42
001,1376,1308,757,1546,,,9,7,2018,13,58,18,556.90,20.35,953.92,504.05
001,1396,1359,815,1577,,,9,7,2018,14,3,18,553.60,20.48,954.02,503.15
001,1339,1436,772,1596,,,9,7,2018,14,8,18,556.00,21.35,954.04,502.98
001,1471,1344,808,1681,,,9,7,2018,14,13,18,558.00,21.02,954.04,502.96
001,1471,1482,816,1685,,,9,7,2018,14,18,18,552.30,22.21,953.96,503.69
001,1519,1453,862,1690,,,9,7,2018,14,23,18,550.40,22.80,954.01,503.27
001,1476,1439,872,1749,,,9,7,2018,14,28,18,545.50,23.44,953.97,503.60
001,1420,1332,801,1536,,,9,7,2018,14,33,18,547.20,24.67,953.98,503.47
001,1595,1632,939,1855,,,9,7,2018,14,38,18,557.10,25.98,953.97,503.64
001,1719,1664,935,1887,,,9,7,2018,14,43,18,552.90,27.39,953.84,504.70
001,1727,1562,946,1928,,,9,7,2018,14,48,18,554.60,28.02,953.89,504.30
001,1599,1564,959,1860,,,9,7,2018,14,53,18,547.00,28.65,953.94,503.82
001,1655,1767,976,1952,,,9,7,2018,14,58,18,545.80,28.86,953.89,504.33
001,1648,1514,919,1783,,,9,7,2018,15,3,18,544.80,28.24,953.87,504.43
001,1679,1561,991,1886,,,9,7,2018,15,8,18,546.30,28.59,953.89,504.29
001,1791,1723,1024,1983,,,9,7,2018,15,13,18,546.40,28.28,953.84,504.77
001,1680,1631,949,1935,,,9,7,2018,15,18,18,555.90,28.70,953.79,505.21
001,1630,1576,972,1872,,,9,7,2018,15,23,18,555.60,28.73,953.67,506.20
001,1754,1724,1051,2031,,,9,7,2018,15,28,18,556.70,29.06,953.69,506.02
001,1704,1655,1015,1984,,,9,7,2018,15,33,18,560.00,29.60,953.66,506.32
001,1684,1584,994,2091,,,9,7,2018,15,38,18,559.20,29.78,953.49,507.81
001,1800,1839,1063,2155,,,9,7,2018,15,43,18,558.10,29.41,953.43,508.34
001,1792,1736,1087,2175,,,9,7,2018,15,48,18,565.20,29.28,953.36,508.90
001,1824,1824,1143,2240,,,9,7,2018,15,53,18,567.30,29.40,953.35,509.02
001,1719,1792,1047,2175,,,9,7,2018,15,58,18,559.40,30.89,953.36,508.97
001,1832,1777,1058,2143,,,9,7,2018,16,3,18,556.60,30.70,953.37,508.83
001,1775,1727,1077,2095,,,9,7,2018,16,8,18,551.30,29.54,953.27,509.72
001,1839,1807,1093,2111,,,9,7,2018,16,13,18,549.50,30.11,953.27,509.70
001,1755,1696,1008,1983,,,9,7,2018,16,18,18,555.50,30.96,953.19,510.39
001,1747,1728,980,2039,,,9,7,2018,16,23,18,551.30,29.14,953.18,510.50
001,1839,1775,1071,2007,,,9,7,2018,16,28,18,552.60,28.37,953.09,511.25
001,1791,1760,1072,2047,,,9,7,2018,16,33,18,555.20,28.86,952.97,512.34
001,1787,1712,1023,2106,,,9,7,2018,16,38,18,557.80,29.57,952.91,512.87
001,1784,1775,1008,1983,,,9,7,2018,16,43,18,557.80,29.86,952.92,512.80
001,1791,1728,1079,2064,,,9,7,2018,16,48,18,552.00,30.21,952.76,514.18
001,1856,1800,1099,2112,,,9,7,2018,16,53,18,553.30,29.69,952.67,514.96
001,1888,1791,1083,2101,,,9,7,2018,16,58,18,558.10,30.61,952.60,515.57
001,1801,1728,1070,2076,,,9,7,2018,17,3,18,556.60,31.40,952.53,516.18
001,1871,1755,1027,2047,,,9,7,2018,17,8,18,552.90,31.17,952.42,517.13
001,1701,1707,1016,1983,,,9,7,2018,17,13,18,552.60,31.02,952.29,518.28
001,1747,1723,1069,2072,,,9,7,2018,17,18,18,554.80,30.40,952.27,518.50
001,1808,1737,1038,2143,,,9,7,2018,17,23,18,549.50,30.58,952.16,519.46
001,1728,1741,1023,2040,,,9,7,2018,17,28,18,553.00,30.46,952.19,519.17
001,1727,1743,1000,2048,,,9,7,2018,17,33,18,545.60,30.27,952.16,519.39
001,1759,1703,1040,2048,,,9,7,2018,17,38,18,546.80,30.48,952.05,520.42
001,1664,1664,976,1968,,,9,7,2018,17,43,18,553.60,31.01,951.90,521.74
001,1680,1670,991,1928,,,9,7,2018,17,48,18,545.00,30.91,951.76,522.97
001,1751,1726,972,1955,,,9,7,2018,17,53,18,547.80,30.65,951.74,523.09
001,1680,1595,983,1960,,,9,7,2018,17,58,18,549.10,31.10,951.84,522.27
001,1600,1584,928,1824,,,9,7,2018,18,3,18,550.00,30.57,951.79,522.66
001,1600,1607,922,1867,,,9,7,2018,18,8,18,542.30,30.35,951.77,522.88
001,1584,1578,952,1835,,,9,7,2018,18,13,18,546.70,30.87,951.65,523.88
001,1355,1343,676,1184,,,9,7,2018,18,18,18,546.80,30.69,951.63,524.07
001,846,812,579,1053,,,9,7,2018,18,23,18,551.50,28.80,951.53,524.94
001,1472,1324,907,1566,,,9,7,2018,18,28,18,549.60,27.64,951.56,524.71
001,140,390,136,468,,,9,7,2018,18,33,18,546.10,26.68,951.50,525.25
001,1431,1355,840,1544,,,9,7,2018,18,38,18,542.60,28.04,951.43,525.82
001,1406,1391,847,1560,,,9,7,2018,18,43,18,542.80,29.15,951.39,526.19
001,1416,1344,839,1583,,,9,7,2018,18,48,18,526.20,29.73,951.35,526.56
001,1395,1358,832,1663,,,9,7,2018,18,53,18,538.00,30.17,951.28,527.13
001,1303,1319,775,1487,,,9,7,2018,18,58,18,542.50,30.34,951.27,527.26
001,853,760,423,732,,,9,7,2018,19,3,18,543.70,29.30,951.19,527.94
001,1392,1324,799,1551,,,9,7,2018,19,8,18,546.60,29.35,951.26,527.34
001,1344,1292,791,1511,,,9,7,2018,19,13,18,548.80,29.31,951.14,528.34
001,1363,1224,783,1448,,,9,7,2018,19,18,18,550.40,29.84,951.07,528.95
001,1280,1228,736,1471,,,9,7,2018,19,23,18,545.80,30.01,951.12,528.57
001,1280,1336,775,1536,,,9,7,2018,19,28,18,550.50,28.84,951.00,529.56
001,1207,963,640,1024,,,9,7,2018,19,33,18,553.50,26.44,951.02,529.42
001,22,28,22,46,,,9,7,2018,19,38,18,555.20,24.49,951.06,529.05
001,23,27,22,35,,,9,7,2018,19,43,18,552.50,23.27,951.05,529.14
001,20,26,20,40,,,9,7,2018,19,48,18,557.00,22.47,951.02,529.43
001,20,31,18,36,,,9,7,2018,19,53,18,553.00,21.98,951.01,529.50
001,20,32,19,43,,,9,7,2018,19,58,18,555.80,21.60,950.88,530.66
001,18,23,17,36,,,9,7,2018,20,3,18,553.70,21.35,951.01,529.53
001,19,30,18,34,,,9,7,2018,20,8,18,550.10,21.19,950.91,530.39
001,20,39,18,39,,,9,7,2018,20,13,18,554.00,21.17,950.88,530.61
001,20,30,19,38,,,9,7,2018,20,18,18,553.90,21.02,950.86,530.85
001,19,37,17,38,,,9,7,2018,20,23,18,558.30,20.90,950.85,530.90
001,17,33,16,34,,,9,7,2018,20,28,18,556.90,20.74,950.73,532.00
001,18,31,17,37,,,9,7,2018,20,33,18,559.50,20.58,950.79,531.42
001,17,28,16,43,,,9,7,2018,20,38,18,551.90,20.44,950.81,531.23
001,18,29,17,34,,,9,7,2018,20,43,18,556.10,20.37,950.75,531.82
001,18,31,17,38,,,9,7,2018,20,48,18,556.50,20.42,950.71,532.13
001,18,27,17,35,,,9,7,2018,20,53,18,556.50,20.33,950.81,531.23
001,17,28,18,35,,,9,7,2018,20,58,18,557.70,20.17,950.73,531.98
001,19,31,17,36,,,9,7,2018,21,3,18,561.10,19.94,950.69,532.34
001,20,34,18,40,,,9,7,2018,21,8,18,556.10,19.56,950.77,531.59
001,1951,1874,1168,2224,,,20,7,2018,16,7,40,553.80,19.30,962.56,428.81
001,1967,1888,1207,2283,,,20,7,2018,16,13,28,557.20,19.91,962.42,429.97
001,2048,1960,1232,2336,,,20,7,2018,16,18,28,550.20,20.65,962.26,431.39
001,2008,1770,1166,2130,,,20,7,2018,16,23,28,555.00,19.74,962.16,432.20
001,2000,1900,1183,2324,,,20,7,2018,16,28,28,549.00,20.72,962.04,433.32
001,1999,1972,1216,2280,,,20,7,2018,16,33,28,550.70,21.38,961.87,434.78
001,2047,1792,1223,2184,,,20,7,2018,16,38,28,550.50,21.51,961.93,434.24
001,1984,1792,1232,2303,,,20,7,2018,16,43,28,547.40,21.31,961.77,435.61
001,2007,1975,1248,2255,,,20,7,2018,16,48,28,551.40,21.25,961.83,435.15
001,2080,2010,1263,2436,,,20,7,2018,16,53,28,550.60,20.84,961.81,435.31
001,2007,1952,1215,2384,,,20,7,2018,16,58,28,553.30,21.58,961.71,436.16
001,2047,1880,1206,2290,,,20,7,2018,17,3,28,549.30,21.75,961.62,436.96
001,1984,1775,1182,2072,,,20,7,2018,17,8,28,552.60,21.44,961.63,436.88
001,1952,1879,1139,2258,,,20,7,2018,17,13,28,550.30,20.75,961.70,436.24
001,1920,1824,1174,2220,,,20,7,2018,17,18,28,550.40,21.20,961.62,436.93
001,1943,1695,1116,2119,,,20,7,2018,17,23,28,546.60,21.69,961.50,437.96
001,1911,1786,1151,2128,,,20,7,2018,17,28,28,549.90,21.72,961.47,438.28
001,1871,1736,1120,2074,,,20,7,2018,17,33,28,550.10,21.65,961.47,438.26
001,1823,1792,1091,1968,,,20,7,2018,17,38,28,552.90,21.67,961.35,439.29
001,1792,1695,1096,2048,,,20,7,2018,17,43,28,551.90,21.79,961.26,440.08
001,1785,1604,1117,1984,,,20,7,2018,17,48,28,548.80,21.72,961.18,440.74
001,1768,1652,1087,2080,,,20,7,2018,17,53,28,549.10,21.94,960.87,443.47
001,1931,1781,1148,2176,,,20,7,2018,17,58,28,544.60,22.34,960.69,445.00
001,1864,1744,1147,2106,,,20,7,2018,18,3,28,547.40,22.64,960.70,444.96
001,1783,1703,1075,2024,,,20,7,2018,18,8,28,546.00,22.99,960.54,446.30
001,1823,1689,1119,2096,,,20,7,2018,18,13,28,554.40,22.66,960.46,446.98
001,1791,1687,1059,2022,,,20,7,2018,18,18,28,553.90,22.76,960.42,447.37
001,1823,1666,1092,2135,,,20,7,2018,18,23,28,556.00,23.19,960.27,448.67
001,731,616,459,647,,,20,7,2018,18,28,28,549.90,21.40,960.22,449.09
001,108,57,73,41,,,20,7,2018,18,33,28,550.30,19.20,960.29,448.49
001,1638,1544,981,2128,,,20,7,2018,18,38,28,550.70,19.58,960.19,449.37
001,1792,1695,1071,2048,,,20,7,2018,18,43,28,547.10,21.32,960.06,450.48
001,1680,1620,1039,1999,,,20,7,2018,18,48,28,550.40,22.06,959.96,451.32
001,1696,1608,1007,1848,,,20,7,2018,18,53,28,550.90,21.98,959.97,451.30
001,1600,1536,1023,1847,,,20,7,2018,18,58,28,547.00,22.82,959.88,452.10
001,1600,1472,946,1664,,,20,7,2018,19,3,28,553.30,23.36,959.76,453.11
001,1576,1520,973,1792,,,20,7,2018,19,8,28,551.20,23.09,959.84,452.42
001,1440,1407,879,1663,,,20,7,2018,19,13,28,556.60,21.33,959.74,453.28
001,1299,1168,842,1567,,,20,7,2018,19,18,28,564.50,20.75,959.62,454.35
001,1383,1333,827,1600,,,20,7,2018,19,23,28,556.10,20.89,959.48,455.55
001,1406,1276,829,1535,,,20,7,2018,19,28,28,557.40,19.73,959.51,455.26
001,1344,1271,812,1515,,,20,7,2018,19,33,28,555.30,19.52,959.61,454.44
001,22,31,21,38,,,20,7,2018,19,38,28,554.20,19.42,959.54,455.00
001,218,42,311,36,,,20,7,2018,19,43,28,550.20,17.65,959.36,456.56
001,19,29,17,38,,,20,7,2018,19,48,28,552.80,16.23,959.38,456.42
001,18,32,17,36,,,20,7,2018,19,53,28,556.10,15.38,959.42,456.10
001,20,35,18,41,,,20,7,2018,19,58,28,551.80,14.96,959.30,457.12
001,20,41,18,36,,,20,7,2018,20,3,28,554.00,14.68,959.31,457.03
001,19,35,17,32,,,20,7,2018,20,8,28,559.70,14.53,959.10,458.85
001,19,36,17,42,,,20,7,2018,20,13,28,554.40,14.19,959.01,459.63
001,19,31,17,36,,,20,7,2018,20,18,28,556.80,13.99,958.91,460.48
001,20,43,18,36,,,20,7,2018,20,23,28,552.30,13.93,958.92,460.39
001,18,41,19,38,,,20,7,2018,20,28,28,556.60,13.61,958.74,461.95
001,18,39,17,36,,,20,7,2018,20,33,28,559.50,13.34,958.83,461.21
001,17,30,17,44,,,20,7,2018,20,38,28,561.70,13.46,958.84,461.07
001,20,34,18,45,,,20,7,2018,20,43,28,557.60,13.50,958.79,461.52
001,19,32,17,33,,,20,7,2018,20,48,28,554.50,13.28,958.79,461.52
001,18,30,21,37,,,20,7,2018,20,53,28,555.90,13.09,958.60,463.22
001,18,34,17,39,,,20,7,2018,20,58,28,555.50,12.98,958.61,463.11
001,19,29,18,43,,,20,7,2018,21,3,28,555.10,12.76,958.49,464.18
001,19,35,17,43,,,20,7,2018,21,8,28,555.30,12.14,958.37,465.21
001,18,30,17,47,,,20,7,2018,21,13,28,556.40,11.67,958.33,465.56
001,0,0,0,0,,,23,7,2018,12,29,47,543.40,10.79,954.79,496.41
001,317,287,188,272,,,23,7,2018,12,34,26,554.40,8.11,954.96,494.97
001,401,383,245,420,,,23,7,2018,12,43,31,564.00,6.62,954.88,495.67
001,501,461,292,490,,,23,7,2018,12,48,31,553.30,6.02,954.97,494.90
001,536,510,336,584,,,23,7,2018,12,53,31,553.70,5.32,954.97,494.86
001,598,552,365,666,,,23,7,2018,12,58,31,556.30,5.13,954.96,494.94
001,720,656,437,742,,,23,7,2018,13,3,31,554.50,5.86,954.91,495.41
001,756,720,443,823,,,23,7,2018,13,8,31,553.20,6.54,954.96,494.95
001,869,797,501,929,,,23,7,2018,13,13,31,555.30,7.38,954.91,495.37
001,983,906,584,1044,,,23,7,2018,13,18,31,558.20,7.62,954.83,496.08
001,1040,951,613,1119,,,23,7,2018,13,23,31,558.10,8.00,954.78,496.51
001,1112,1051,683,1247,,,23,7,2018,13,28,31,549.60,8.16,954.82,496.16
001,1167,1143,704,1285,,,23,7,2018,13,33,31,552.50,9.21,954.80,496.35
001,1202,1120,771,1383,,,23,7,2018,13,38,31,553.30,10.13,954.65,497.67
001,1321,1263,797,1536,,,23,7,2018,13,43,31,549.20,10.55,954.66,497.58
001,1357,1248,803,1535,,,23,7,2018,13,48,31,551.70,10.89,954.54,498.65
001,1312,1327,831,1568,,,23,7,2018,13,53,31,553.40,10.49,954.62,497.92
001,1407,1333,882,1616,,,23,7,2018,13,58,31,552.40,11.22,954.53,498.74
001,1461,1428,877,1600,,,23,7,2018,14,3,31,548.30,11.60,954.49,499.01
001,1575,1479,935,1696,,,23,7,2018,14,8,31,556.10,11.70,954.48,499.17
001,1536,1458,949,1800,,,23,7,2018,14,13,31,556.80,12.61,954.47,499.21
001,1596,1568,984,1855,,,23,7,2018,14,18,31,548.70,12.98,954.46,499.31
001,1581,1551,976,1792,,,23,7,2018,14,23,31,555.60,13.84,954.45,499.36
001,1562,1472,955,1871,,,23,7,2018,14,28,31,550.90,15.14,954.30,500.71
001,1567,1591,1016,1871,,,23,7,2018,14,33,31,555.30,15.89,954.22,501.43
001,1582,1415,928,1867,,,23,7,2018,14,38,31,552.20,15.73,954.20,501.61
001,1568,1472,960,1792,,,23,7,2018,14,43,31,557.20,15.01,954.19,501.63
001,1614,1575,1003,1872,,,23,7,2018,14,48,31,542.70,15.28,954.22,501.39
001,1695,1583,1058,1997,,,23,7,2018,14,53,31,558.50,15.56,954.08,502.65
001,1664,1529,1024,1895,,,23,7,2018,14,58,31,559.30,15.44,954.15,502.03
001,1704,1599,1070,1760,,,23,7,2018,15,3,31,551.30,15.04,954.00,503.33
001,1664,1631,991,1928,,,23,7,2018,15,8,31,555.10,14.80,953.96,503.66
001,1709,1559,1024,1932,,,23,7,2018,15,13,31,549.20,15.01,953.94,503.84
001,1694,1631,1040,2032,,,23,7,2018,15,18,31,555.60,14.46,953.87,504.48
001,1788,1599,1055,2031,,,23,7,2018,15,23,31,557.70,14.85,953.83,504.79
001,1767,1679,1071,1984,,,23,7,2018,15,28,31,552.20,15.67,953.74,505.57
001,1727,1669,1060,2047,,,23,7,2018,15,33,31,563.50,16.61,953.77,505.32
001,1824,1679,1099,2038,,,23,7,2018,15,38,31,557.60,16.38,953.71,505.90
001,1855,1736,1143,2128,,,23,7,2018,15,43,31,560.30,16.52,953.63,506.55
001,1855,1775,1136,2127,,,23,7,2018,15,48,31,554.30,15.99,953.61,506.73
001,1975,1888,1151,2199,,,23,7,2018,15,53,31,559.30,16.75,953.54,507.35
001,1936,1775,1203,2192,,,23,7,2018,15,58,31,557.80,17.39,953.59,506.88
001,1764,1792,1063,2125,,,23,7,2018,16,3,31,562.90,17.05,953.45,508.10
001,1887,1760,1108,2103,,,23,7,2018,16,8,31,555.80,17.53,953.44,508.25
001,1879,1727,1143,2015,,,23,7,2018,16,13,31,554.10,17.46,953.37,508.82
001,1888,1710,1160,2201,,,23,7,2018,16,18,31,557.80,17.60,953.34,509.08
001,1839,1759,1124,2191,,,23,7,2018,16,23,31,553.40,17.36,953.34,509.12
001,1887,1775,1195,2199,,,23,7,2018,16,28,31,553.40,18.55,953.16,510.68
001,1920,1800,1177,2127,,,23,7,2018,16,33,31,555.60,18.36,953.11,511.12
001,1840,1595,1119,1895,,,23,7,2018,16,38,31,554.60,18.57,953.06,511.54
001,2061,1855,1215,2344,,,23,7,2018,16,43,31,549.50,18.35,952.97,512.31
001,1992,1753,1152,2208,,,23,7,2018,16,48,31,548.30,18.45,952.89,513.08
001,1984,1839,1152,2239,,,23,7,2018,16,53,31,555.50,19.64,952.72,514.51
001,2007,1887,1216,2288,,,23,7,2018,16,58,31,558.10,18.71,952.61,515.45
001,1817,1775,1151,2061,,,23,7,2018,17,3,31,551.40,18.35,952.61,515.48
001,1879,1666,1102,2111,,,23,7,2018,17,8,31,550.20,19.69,952.54,516.14
001,1839,1792,1089,2092,,,23,7,2018,17,13,31,550.40,20.48,952.53,516.16
001,1894,1760,1103,2199,,,23,7,2018,17,18,31,550.70,20.45,952.42,517.15
001,1958,1839,1175,2262,,,23,7,2018,17,23,31,550.40,20.28,952.31,518.14
001,1965,1803,1204,2176,,,23,7,2018,17,28,31,552.10,20.69,952.27,518.43
001,1943,1792,1149,2240,,,23,7,2018,17,33,31,551.90,20.08,952.15,519.55
001,1756,1741,1024,2073,,,23,7,2018,17,38,31,548.50,19.73,952.18,519.26
001,1895,1698,1088,2080,,,23,7,2018,17,43,31,560.50,21.00,952.10,519.92
001,1845,1760,1128,1944,,,23,7,2018,17,48,31,562.90,22.57,952.03,520.57
001,1872,1783,1120,2100,,,23,7,2018,17,53,31,563.20,22.52,951.90,521.73
001,1845,1680,1087,2079,,,23,7,2018,17,58,31,555.90,20.38,952.00,520.87
001,1687,1548,984,1943,,,23,7,2018,18,3,31,556.60,20.99,951.95,521.25
001,1708,1623,1039,1856,,,23,7,2018,18,8,31,561.50,22.02,951.82,522.39
001,1632,1548,1010,1924,,,23,7,2018,18,13,31,557.30,21.33,951.83,522.34
001,1683,1640,1008,1893,,,23,7,2018,18,18,31,558.60,21.79,951.75,523.05
001,1705,1687,1072,1952,,,23,7,2018,18,23,31,557.10,21.21,951.68,523.65
001,1664,1576,992,1979,,,23,7,2018,18,28,31,561.90,22.51,951.63,524.09
001,1728,1624,1023,1983,,,23,7,2018,18,33,31,563.00,22.45,951.55,524.80
001,1672,1661,1000,1943,,,23,7,2018,18,38,31,552.10,22.71,951.63,524.08
001,1626,1512,1011,1769,,,23,7,2018,18,43,31,554.00,21.77,951.55,524.78
001,1728,1631,1019,1952,,,23,7,2018,18,48,31,556.70,21.79,951.51,525.16
001,1668,1640,1053,1919,,,23,7,2018,18,53,31,559.70,21.85,951.44,525.74
001,1531,1487,957,1855,,,23,7,2018,18,58,31,561.60,22.25,951.39,526.13
001,1719,1568,1000,1948,,,23,7,2018,19,3,31,557.70,21.98,951.37,526.32
001,1647,1495,975,1792,,,23,7,2018,19,8,31,558.30,20.50,951.41,525.99
001,1659,1488,955,1763,,,23,7,2018,19,13,31,559.00,21.48,951.39,526.21
001,1599,1536,980,1823,,,23,7,2018,19,18,31,551.90,22.05,951.37,526.39
001,1535,1472,944,1831,,,23,7,2018,19,23,31,555.20,23.07,951.37,526.38
001,1464,1252,856,1439,,,23,7,2018,19,28,31,552.80,22.86,951.25,527.42
001,1415,1391,895,1631,,,23,7,2018,19,33,31,557.40,21.97,951.26,527.32
001,1471,1330,887,1659,,,23,7,2018,19,38,31,556.40,22.24,951.25,527.41
001,1307,1232,816,1536,,,23,7,2018,19,43,31,553.90,22.42,951.13,528.47
001,1292,1220,787,1467,,,23,7,2018,19,48,31,551.70,22.44,951.15,528.32
001,1242,1095,735,1352,,,23,7,2018,19,53,31,569.00,21.77,951.11,528.64
001,1151,1063,705,1271,,,23,7,2018,19,58,31,566.20,22.12,951.07,528.94
001,1049,1028,643,1261,,,23,7,2018,20,3,31,556.90,21.74,951.23,527.54
001,1087,1032,661,1251,,,23,7,2018,20,8,31,561.30,21.56,951.25,527.45
001,984,982,608,1111,,,23,7,2018,20,13,31,555.70,21.92,951.14,528.38
001,873,824,512,999,,,23,7,2018,20,18,31,559.60,22.34,951.14,528.36
001,922,875,560,1059,,,23,7,2018,20,23,31,556.60,22.44,951.22,527.64
001,865,795,524,936,,,23,7,2018,20,28,31,562.80,22.34,951.18,528.05
001,830,724,488,867,,,23,7,2018,20,33,31,559.80,22.37,951.18,528.03
001,635,594,354,612,,,23,7,2018,20,38,31,563.20,22.09,951.24,527.49
001,524,512,332,547,,,23,7,2018,20,43,31,565.20,21.54,951.23,527.56
001,508,455,305,533,,,23,7,2018,20,48,31,557.20,21.41,951.19,527.90
001,455,404,271,430,,,23,7,2018,20,53,31,560.60,21.09,951.22,527.70
001,388,371,238,369,,,23,7,2018,20,58,31,554.40,20.99,951.18,527.99
001,292,305,179,300,,,23,7,2018,21,3,31,555.80,20.70,951.20,527.86
001,233,222,147,228,,,23,7,2018,21,8,31,557.20,20.13,951.04,529.22
001,196,180,108,192,,,23,7,2018,21,13,31,559.40,19.45,951.15,528.30
001,139,151,91,174,,,23,7,2018,21,18,31,559.90,18.57,951.19,527.93
001,182,195,107,195,,,24,7,2018,12,28,31,557.90,5.96,954.95,495.01
001,242,222,132,227,,,24,7,2018,12,33,31,560.00,6.26,955.04,494.23
001,285,266,163,239,,,24,7,2018,12,38,31,561.40,6.46,955.18,493.00
001,329,330,200,320,,,24,7,2018,12,43,31,546.90,6.68,955.16,493.20
001,401,370,230,379,,,24,7,2018,12,48,31,559.30,7.14,955.22,492.70
001,447,422,253,436,,,24,7,2018,12,53,31,558.70,7.37,955.24,492.48
001,456,467,283,475,,,24,7,2018,12,58,31,551.20,7.88,955.35,491.50
001,532,499,315,544,,,24,7,2018,13,3,31,553.90,8.35,955.35,491.56
001,611,563,348,655,,,24,7,2018,13,8,31,560.70,8.69,955.44,490.79
001,650,606,372,701,,,24,7,2018,13,13,31,561.60,9.43,955.56,489.70
001,711,690,398,790,,,24,7,2018,13,18,31,561.50,10.16,955.52,490.04
001,815,781,467,905,,,24,7,2018,13,23,31,556.70,10.78,955.53,489.93
001,864,862,500,934,,,24,7,2018,13,28,31,559.80,11.66,955.55,489.77
001,927,932,547,1144,,,24,7,2018,13,33,31,554.20,12.45,955.60,489.35
001,900,856,559,1074,,,24,7,2018,13,38,31,552.40,12.94,955.58,489.54
001,968,912,567,1082,,,24,7,2018,13,43,31,549.10,13.39,955.65,488.92
001,891,806,553,1077,,,24,7,2018,13,48,31,558.20,13.58,955.71,488.37
001,1040,1021,607,1151,,,24,7,2018,13,53,31,547.60,13.18,955.62,489.19
001,1067,960,617,1066,,,24,7,2018,13,58,31,553.60,13.19,955.86,487.13
001,1173,1071,665,1229,,,24,7,2018,14,3,31,559.20,13.40,955.85,487.17
001,1216,1162,727,1396,,,24,7,2018,14,8,31,542.90,12.34,955.81,487.52
001,1175,1141,659,1387,,,24,7,2018,14,13,31,562.60,12.90,956.00,485.83
001,1227,1167,714,1350,,,24,7,2018,14,18,31,547.70,13.95,956.00,485.84
001,1253,1024,691,1344,,,24,7,2018,14,23,31,535.10,14.01,956.05,485.41
001,1256,1184,727,1399,,,24,7,2018,14,28,31,558.10,13.53,956.09,485.11
001,1279,1200,704,1453,,,24,7,2018,14,33,31,556.90,13.78,956.19,484.20
001,1341,1260,767,1475,,,24,7,2018,14,38,31,555.60,14.72,956.03,485.64
001,1311,1278,791,1422,,,24,7,2018,14,43,31,539.20,13.87,956.26,483.56
001,1312,1255,767,1519,,,24,7,2018,14,48,31,552.60,13.53,956.22,483.98
001,1375,1327,806,1536,,,24,7,2018,14,53,31,556.40,14.16,956.32,483.06
001,1291,1204,768,1528,,,24,7,2018,14,58,31,550.60,14.98,956.27,483.49
001,1340,1263,796,1472,,,24,7,2018,15,3,31,550.80,15.09,956.26,483.64
001,1648,1428,911,1743,,,24,7,2018,15,8,31,554.10,14.88,956.27,483.47
001,1503,1371,894,1663,,,24,7,2018,15,13,31,550.30,14.78,956.34,482.86
001,1544,1504,893,1751,,,24,7,2018,15,18,31,552.90,15.15,956.27,483.51
001,1565,1432,874,1773,,,24,7,2018,15,23,31,553.80,14.31,956.31,483.17
001,1535,1434,887,1715,,,24,7,2018,15,28,31,552.70,14.72,956.26,483.60
001,1483,1359,883,1633,,,24,7,2018,15,33,31,555.90,14.93,956.29,483.30
001,1480,1357,885,1719,,,24,7,2018,15,38,31,555.60,15.75,956.26,483.64
001,1493,1360,855,1703,,,24,7,2018,15,43,31,557.10,15.85,956.25,483.66
001,1573,1440,884,1728,,,24,7,2018,15,48,31,553.10,15.11,956.35,482.84
001,1476,1485,903,1779,,,24,7,2018,15,53,31,558.90,15.80,956.21,484.06
001,1451,1398,871,1536,,,24,7,2018,15,58,31,567.10,17.13,956.16,484.47
001,1472,1408,880,1728,,,24,7,2018,16,3,31,560.70,17.45,956.21,484.06
001,1599,1503,932,1680,,,24,7,2018,16,8,31,551.90,16.74,956.31,483.18
001,1568,1479,944,1814,,,24,7,2018,16,13,31,552.50,16.70,956.27,483.51
001,1535,1432,864,1727,,,24,7,2018,16,18,31,553.00,16.12,956.16,484.45
001,1600,1482,915,1839,,,24,7,2018,16,23,31,552.10,16.09,956.17,484.39
001,1612,1442,925,1895,,,24,7,2018,16,28,31,546.30,16.14,956.16,484.43
001,1600,1535,936,1863,,,24,7,2018,16,33,31,554.20,16.58,956.09,485.07
001,1716,1641,1016,1929,,,24,7,2018,16,38,31,549.50,16.40,956.00,485.89
001,1700,1552,992,1992,,,24,7,2018,16,43,31,555.20,16.62,955.97,486.10
001,1792,1719,1043,2048,,,24,7,2018,16,48,31,549.30,16.84,956.01,485.75
001,1756,1682,1008,2084,,,24,7,2018,16,53,31,545.30,17.72,955.95,486.33
001,1728,1631,1033,1983,,,24,7,2018,16,58,31,550.10,19.19,955.73,488.25
001,1858,1787,1076,2168,,,24,7,2018,17,3,31,552.70,19.82,955.58,489.53
001,1831,1805,1052,2099,,,24,7,2018,17,8,31,547.70,18.31,955.68,488.67
001,1909,1792,1075,2047,,,24,7,2018,17,13,31,547.90,18.91,955.61,489.26
001,1895,1807,1094,2047,,,24,7,2018,17,18,31,553.80,18.62,955.61,489.29
001,1824,1774,1087,2163,,,24,7,2018,17,23,31,551.20,18.83,955.57,489.58
001,1792,1703,1064,2064,,,24,7,2018,17,28,31,550.60,18.50,955.47,490.46
001,1871,1695,1101,2056,,,24,7,2018,17,33,31,558.10,18.30,955.47,490.49
001,1663,1553,948,1995,,,24,7,2018,17,38,31,556.80,19.45,955.51,490.13
001,1802,1743,1074,2000,,,24,7,2018,17,43,31,554.10,19.56,955.47,490.50
001,1815,1719,1064,2047,,,24,7,2018,17,48,31,554.70,20.32,955.48,490.38
001,1512,1472,884,1840,,,24,7,2018,17,53,31,556.50,18.88,955.40,491.13
001,1632,1544,937,1960,,,24,7,2018,17,58,31,554.30,18.67,955.45,490.70
001,1654,1471,960,1711,,,24,7,2018,18,3,31,553.90,19.73,955.41,491.03
001,1657,1540,969,1765,,,24,7,2018,18,8,31,556.20,20.71,955.31,491.85
001,1631,1584,976,1911,,,24,7,2018,18,13,31,552.50,19.16,955.25,492.39
001,1646,1492,979,1874,,,24,7,2018,18,18,31,550.60,19.51,955.31,491.93
001,1734,1591,979,1951,,,24,7,2018,18,23,31,556.10,18.91,955.19,492.93
001,1640,1561,959,1883,,,24,7,2018,18,28,31,554.00,18.56,955.23,492.59
001,1623,1536,924,1776,,,24,7,2018,18,33,31,558.90,18.64,955.29,492.08
001,1520,1504,888,1808,,,24,7,2018,18,38,31,554.10,20.64,955.29,492.07
001,1595,1446,934,1712,,,24,7,2018,18,43,31,558.10,19.59,955.21,492.80
001,1604,1367,896,1664,,,24,7,2018,18,48,31,554.70,18.45,955.16,493.23
001,1509,1445,885,1784,,,24,7,2018,18,53,31,555.70,19.29,955.11,493.67
001,1445,1408,903,1773,,,24,7,2018,18,58,31,553.10,18.58,955.02,494.39
001,1467,1367,858,1723,,,24,7,2018,19,3,31,553.00,19.05,955.11,493.64
001,1420,1363,872,1601,,,24,7,2018,19,8,31,554.70,19.36,955.06,494.11
001,1404,1278,835,1596,,,24,7,2018,19,13,31,558.80,19.25,955.08,493.90
001,1343,1344,790,1563,,,24,7,2018,19,18,31,558.90,18.05,955.30,492.01
001,1077,1088,708,1184,,,24,7,2018,19,23,31,559.10,18.54,955.26,492.35
001,1244,1123,682,1424,,,24,7,2018,19,28,31,559.10,17.99,955.27,492.21
001,1178,1064,684,1344,,,24,7,2018,19,33,31,563.80,18.60,955.16,493.18
001,1252,1175,747,1387,,,24,7,2018,19,38,31,557.50,17.56,955.18,493.05
001,1056,1056,639,1266,,,24,7,2018,19,43,31,556.10,17.38,955.31,491.92
001,1056,1064,639,1236,,,24,7,2018,19,48,31,562.30,17.49,955.28,492.17
001,1048,959,624,1165,,,24,7,2018,19,53,31,564.00,17.39,955.27,492.25
001,968,923,576,1095,,,24,7,2018,19,58,31,560.00,17.54,955.37,491.32
001,898,875,536,976,,,24,7,2018,20,3,31,559.20,17.49,955.46,490.57
001,859,811,515,1007,,,24,7,2018,20,8,31,561.30,17.07,955.49,490.33
001,799,776,465,896,,,24,7,2018,20,13,31,557.20,16.63,955.59,489.47
001,767,713,463,829,,,24,7,2018,20,18,31,563.50,16.52,955.70,488.45
001,659,624,392,711,,,24,7,2018,20,23,31,561.80,16.18,955.74,488.14
001,620,595,355,658,,,24,7,2018,20,28,31,556.00,16.21,955.79,487.68
001,540,499,321,552,,,24,7,2018,20,33,31,566.10,15.73,955.82,487.39
001,503,448,279,487,,,24,7,2018,20,38,31,567.50,15.71,955.91,486.69
001,414,399,249,423,,,24,7,2018,20,43,31,563.00,16.05,955.95,486.30
001,378,355,226,361,,,24,7,2018,20,48,31,558.90,15.78,955.99,485.98
001,310,310,190,352,,,24,7,2018,20,53,31,557.50,15.58,956.10,484.97
001,239,212,136,224,,,24,7,2018,20,58,31,555.80,15.08,956.04,485.51
001,186,184,111,172,,,24,7,2018,21,3,31,556.10,14.98,956.13,484.74
001,146,141,89,186,,,24,7,2018,21,8,31,560.70,15.35,956.26,483.59
001,108,126,69,173,,,24,7,2018,21,13,31,561.40,15.26,956.21,484.05
001,79,106,54,76,,,24,7,2018,21,18,31,559.10,14.49,956.24,483.80
001,191,214,115,208,,,25,7,2018,12,28,31,559.60,7.24,957.18,475.53
001,235,227,133,208,,,25,7,2018,12,33,31,564.00,7.63,957.29,474.58
001,284,280,165,353,,,25,7,2018,12,38,31,564.20,8.09,957.22,475.20
001,359,351,215,352,,,25,7,2018,12,43,31,558.10,8.42,957.31,474.45
001,431,397,236,436,,,25,7,2018,12,48,31,558.60,8.62,957.17,475.64
001,509,480,280,495,,,25,7,2018,12,53,32,563.70,8.84,957.28,474.67
001,587,535,330,605,,,25,7,2018,12,58,31,557.90,9.30,957.29,474.63
001,657,615,367,678,,,25,7,2018,13,3,31,553.90,9.85,957.24,475.03
001,731,655,414,759,,,25,7,2018,13,8,31,563.00,10.69,957.19,475.52
001,816,766,448,944,,,25,7,2018,13,13,31,560.20,11.35,957.10,476.30
001,899,808,484,980,,,25,7,2018,13,18,31,560.30,11.39,957.18,475.59
001,984,912,537,1136,,,25,7,2018,13,23,32,554.00,11.98,957.05,476.68
001,1039,971,577,1152,,,25,7,2018,13,28,32,551.00,11.90,957.03,476.89
001,953,984,559,1272,,,25,7,2018,13,33,32,559.70,12.42,957.02,476.94
001,1145,1056,614,1220,,,25,7,2018,13,38,32,553.60,12.59,957.01,477.03
001,1048,948,575,1138,,,25,7,2018,13,43,32,560.70,11.81,957.20,475.39
001,1024,991,587,1179,,,25,7,2018,13,48,32,557.30,11.63,957.10,476.29
001,1151,1088,653,1285,,,25,7,2018,13,53,32,556.30,12.47,957.05,476.72
001,1150,1039,627,1275,,,25,7,2018,13,58,32,551.80,11.68,957.10,476.29
001,1197,1116,660,1383,,,25,7,2018,14,3,32,540.60,12.43,957.07,476.51
001,1331,1279,768,1444,,,25,7,2018,14,8,31,548.80,13.35,956.98,477.35
001,1299,1175,730,1455,,,25,7,2018,14,13,31,542.20,13.38,957.05,476.69
001,1344,1343,760,1520,,,25,7,2018,14,18,31,535.60,13.16,957.14,475.95
001,1432,1352,768,1631,,,25,7,2018,14,23,32,544.40,13.63,957.11,476.21
001,1379,1344,826,1632,,,25,7,2018,14,28,31,545.10,14.75,957.13,476.02
001,1595,1448,842,1767,,,25,7,2018,14,33,31,539.20,16.00,957.13,475.98
001,1561,1408,860,1824,,,25,7,2018,14,38,31,540.00,15.95,957.11,476.20
001,1516,1343,836,1536,,,25,7,2018,14,43,31,538.40,17.29,957.02,476.93
001,1584,1421,824,1616,,,25,7,2018,14,48,32,539.80,19.19,957.02,476.97
001,1659,1567,927,1888,,,25,7,2018,14,53,32,545.00,18.17,957.00,477.17
001,1664,1612,935,1984,,,25,7,2018,14,58,32,550.30,18.05,956.87,478.27
001,1663,1576,960,1920,,,25,7,2018,15,3,32,553.30,18.65,956.82,478.71
001,1791,1655,1004,2080,,,25,7,2018,15,8,32,553.60,18.93,956.76,479.27
001,1832,1664,2065,2060,,,25,7,2018,15,13,32,551.50,18.76,956.81,478.84
001,1819,1664,1039,1901,,,25,7,2018,15,18,32,554.60,19.51,956.73,479.47
001,1680,1698,955,2099,,,25,7,2018,15,23,32,555.50,19.80,956.66,480.12
001,1856,1759,1003,2128,,,25,7,2018,15,28,32,554.20,19.36,956.54,481.19
001,1648,1464,919,1832,,,25,7,2018,15,33,32,555.40,18.87,956.56,481.00
001,1616,1599,927,2000,,,25,7,2018,15,38,32,555.60,20.01,956.50,481.50
001,1759,1566,1000,1999,,,25,7,2018,15,43,32,554.50,19.73,956.41,482.27
001,1788,1631,962,1992,,,25,7,2018,15,48,32,557.00,20.45,956.31,483.20
001,1805,1675,1009,1997,,,25,7,2018,15,53,32,555.70,18.96,956.26,483.60
001,1616,1535,914,1749,,,25,7,2018,15,58,32,560.30,19.94,956.22,483.95
001,1835,1664,992,2010,,,25,7,2018,16,3,32,554.30,20.79,956.22,483.93
001,1768,1703,1024,2048,,,25,7,2018,16,8,32,555.80,20.55,956.11,484.93
001,1855,1788,1063,2056,,,25,7,2018,16,13,32,549.70,21.09,956.00,485.87
001,1879,1717,1093,2048,,,25,7,2018,16,18,32,553.70,21.63,955.86,487.11
001,1792,1681,1008,2127,,,25,7,2018,16,23,32,556.30,23.63,955.83,487.33
001,1960,1790,1106,2072,,,25,7,2018,16,28,32,559.90,24.36,955.79,487.71
001,1824,1741,1023,2139,,,25,7,2018,16,33,32,560.00,23.58,955.65,488.94
001,1791,1641,979,2132,,,25,7,2018,16,38,32,555.40,24.10,955.69,488.60
001,1792,1647,1019,1899,,,25,7,2018,16,43,32,555.00,24.79,955.66,488.83
001,1759,1630,983,2112,,,25,7,2018,16,48,32,555.30,23.78,955.54,489.85
001,1816,1743,1048,2128,,,25,7,2018,16,53,32,557.10,24.67,955.43,490.86
001,1792,1765,1035,2064,,,25,7,2018,16,58,32,548.90,25.33,955.43,490.84
001,1871,1824,1046,2111,,,25,7,2018,17,3,32,551.70,24.55,955.35,491.54
001,1570,1663,913,2050,,,25,7,2018,17,8,32,553.20,25.00,955.32,491.83
001,1759,1680,1039,2047,,,25,7,2018,17,13,32,554.40,25.52,955.26,492.35
001,1259,1248,778,1487,,,25,7,2018,17,18,32,553.70,24.46,955.08,493.88
001,1199,1204,711,1515,,,25,7,2018,17,23,32,554.60,23.18,955.04,494.27
001,1860,1775,1087,1984,,,25,7,2018,17,28,32,555.60,23.23,954.95,495.07
001,1840,1846,1115,2239,,,25,7,2018,17,33,32,552.80,24.95,954.91,495.34
001,2011,1727,1082,2115,,,25,7,2018,17,38,32,555.20,24.98,954.81,496.25
001,2016,1888,1131,2256,,,25,7,2018,17,43,32,553.80,25.76,954.78,496.55
001,1192,1124,672,1278,,,25,7,2018,17,48,32,560.00,25.35,954.65,497.62
001,1751,1504,955,1967,,,25,7,2018,17,53,32,556.20,25.27,954.57,498.34
001,512,447,295,576,,,25,7,2018,17,58,32,554.70,24.66,954.45,499.37
001,1099,1007,639,1267,,,25,7,2018,18,3,32,556.10,24.38,954.30,500.74
001,1040,1039,602,1175,,,25,7,2018,18,8,32,561.70,23.93,954.19,501.69
001,1044,1020,595,1207,,,25,7,2018,18,13,32,562.40,24.52,954.14,502.12
001,1029,991,704,1320,,,25,7,2018,18,18,32,558.10,24.41,953.94,503.82
001,892,883,511,1024,,,25,7,2018,18,23,32,561.00,25.18,954.07,502.70
001,789,704,448,864,,,25,7,2018,18,28,32,557.70,25.32,954.05,502.89
001,983,935,535,1162,,,25,7,2018,18,33,32,549.00,25.96,954.11,502.42
001,916,772,507,986,,,25,7,2018,18,38,32,557.70,26.92,954.07,502.73
001,873,768,442,816,,,25,7,2018,18,43,32,558.90,26.28,954.03,503.10
001,1360,1439,784,1864,,,25,7,2018,18,48,32,559.30,26.27,954.02,503.20
001,1599,1647,944,1783,,,25,7,2018,18,53,32,564.40,27.95,953.92,504.01
001,1599,1487,927,1871,,,25,7,2018,18,58,32,560.70,26.13,953.97,503.56
001,1599,1471,925,1752,,,25,7,2018,19,3,32,561.00,25.91,953.96,503.73
001,1405,1368,800,1694,,,25,7,2018,19,8,32,559.00,25.83,953.84,504.71
001,1320,1307,759,1552,,,25,7,2018,19,13,32,559.50,25.17,953.82,504.88
001,1307,1213,746,1488,,,25,7,2018,19,18,32,554.80,25.43,953.77,505.32
001,1240,1080,680,1259,,,25,7,2018,19,23,32,562.10,25.44,953.85,504.67
001,1207,1159,687,1391,,,25,7,2018,19,28,32,558.10,26.16,953.77,505.37
001,1062,1024,581,1152,,,25,7,2018,19,33,32,559.00,24.70,953.84,504.75
001,1047,1015,616,1135,,,25,7,2018,19,38,32,561.20,25.38,953.81,505.00
001,1006,928,576,1127,,,25,7,2018,19,43,32,572.30,24.74,953.73,505.70
001,971,908,575,1064,,,25,7,2018,19,48,32,568.80,24.44,953.72,505.76
001,869,867,502,963,,,25,7,2018,19,53,32,567.10,23.97,953.69,506.01
001,630,559,359,669,,,25,7,2018,19,58,32,564.50,24.10,953.73,505.68
001,720,650,423,756,,,25,7,2018,20,3,32,565.00,23.61,953.75,505.55
001,792,731,437,857,,,25,7,2018,20,8,32,562.20,22.82,953.66,506.30
001,739,695,416,769,,,25,7,2018,20,13,32,565.40,23.80,953.63,506.60
001,712,712,408,808,,,25,7,2018,20,18,32,558.60,24.67,953.52,507.53
001,614,557,318,607,,,25,7,2018,20,23,32,558.10,24.04,953.59,506.94
001,428,400,258,510,,,25,7,2018,20,28,32,563.40,24.08,953.52,507.53
001,281,264,163,261,,,25,7,2018,20,33,32,564.60,23.64,953.62,506.69
001,170,165,111,177,,,25,7,2018,20,38,32,557.80,22.97,953.62,506.64
001,147,162,88,187,,,25,7,2018,20,43,32,561.40,22.35,953.54,507.39
001,150,143,84,191,,,25,7,2018,20,48,32,556.90,22.28,953.64,506.52
001,105,113,56,130,,,25,7,2018,20,53,32,562.30,22.18,953.61,506.75
001,92,96,59,105,,,25,7,2018,20,58,32,559.40,21.90,953.62,506.67
001,81,80,49,81,,,25,7,2018,21,3,32,558.20,21.63,953.62,506.65
001,80,85,50,73,,,25,7,2018,21,8,32,559.80,21.54,953.63,506.59
001,42,56,29,39,,,25,7,2018,21,13,32,556.40,21.07,953.56,507.18
001,18,28,16,40,,,25,7,2018,21,18,32,558.10,20.46,953.69,506.03
