001,19,33,20,52,,,28,5,2018,16,18,47,,20.81,954.25,501.17
001,19,30,21,34,,,28,5,2018,16,28,13,,21.57,953.75,505.48
001,19,31,18,38,,,28,5,2018,16,33,13,,21.83,954.02,503.20
001,19,33,19,37,,,28,5,2018,16,38,13,,22.01,953.88,504.42
001,19,31,20,37,,,28,5,2018,16,43,13,,22.14,953.35,509.01
001,19,37,19,33,,,28,5,2018,16,48,13,,22.22,953.14,510.84
001,18,34,18,37,,,28,5,2018,16,53,12,,22.26,953.02,511.89
001,19,33,19,38,,,28,5,2018,16,58,13,,22.39,952.78,513.97
001,17,34,18,41,,,28,5,2018,17,3,13,,22.51,952.85,513.41
001,19,35,18,34,,,28,5,2018,17,8,13,,22.57,953.17,510.61
001,19,36,18,36,,,28,5,2018,17,13,13,,22.62,953.04,511.76
001,19,30,19,33,,,28,5,2018,17,18,12,,22.59,953.11,511.09
001,19,35,18,36,,,28,5,2018,17,23,12,,22.57,953.06,511.57
001,19,31,19,38,,,28,5,2018,17,28,12,,22.56,952.84,513.50
001,19,36,18,34,,,28,5,2018,17,33,12,,22.55,952.55,516.04
001,19,30,18,38,,,28,5,2018,17,38,13,,22.57,952.70,514.72
001,18,32,18,33,,,28,5,2018,17,43,13,,22.54,952.91,512.89
001,19,29,20,34,,,28,5,2018,17,48,13,,22.53,953.01,512.02
001,20,31,18,35,,,28,5,2018,17,53,13,,22.48,953.04,511.74
001,18,37,18,36,,,28,5,2018,17,58,13,,22.47,952.93,512.67
001,17,28,17,38,,,28,5,2018,18,3,13,,22.41,953.24,509.97
001,19,30,19,37,,,28,5,2018,18,8,13,,22.30,953.68,506.15
001,19,35,18,34,,,28,5,2018,18,13,13,500.80,22.25,954.16,501.93
001,19,30,18,36,,,28,5,2018,18,18,13,,22.27,954.41,499.77
001,19,26,18,35,,,28,5,2018,18,23,13,526.30,22.47,954.31,500.60
001,19,34,18,36,,,28,5,2018,18,28,13,529.60,22.86,953.84,504.74
001,17,29,18,36,,,28,5,2018,18,33,13,457.60,23.34,954.36,500.17
001,19,31,19,36,,,28,5,2018,18,38,13,511.30,23.70,954.71,497.14
001,19,32,18,35,,,28,5,2018,18,43,13,501.00,23.99,954.47,499.22
001,20,32,19,37,,,28,5,2018,18,48,13,499.10,24.30,954.78,496.51
001,20,37,19,36,,,28,5,2018,18,53,13,528.90,24.75,955.06,494.06
001,19,30,18,37,,,28,5,2018,18,58,13,530.00,25.23,955.03,494.32
001,19,29,20,34,,,28,5,2018,19,3,13,533.70,25.59,954.82,496.13
001,20,35,20,44,,,28,5,2018,19,8,13,509.30,25.58,955.50,490.24
001,20,31,19,33,,,28,5,2018,19,13,13,576.90,25.17,955.82,487.41
001,20,34,19,41,,,28,5,2018,19,18,13,602.90,24.75,955.71,488.44
001,19,37,19,40,,,28,5,2018,19,23,13,576.90,24.35,955.28,492.16
001,20,43,22,41,,,28,5,2018,19,28,13,575.00,24.10,954.97,494.82
001,20,36,20,42,,,28,5,2018,19,33,13,548.40,23.95,954.59,498.22
001,21,38,21,45,,,28,5,2018,19,38,13,544.10,23.78,954.64,497.70
001,20,35,20,36,,,28,5,2018,19,43,13,548.20,23.72,954.74,496.84
001,20,42,21,40,,,28,5,2018,19,48,13,545.20,23.60,955.09,493.82
001,20,33,20,34,,,28,5,2018,19,53,13,543.90,23.49,955.45,490.63
001,20,35,21,34,,,28,5,2018,19,58,13,542.50,23.37,954.97,494.83
001,20,31,20,33,,,28,5,2018,20,3,13,570.40,23.30,954.57,498.39
001,21,35,19,39,,,28,5,2018,20,8,13,566.40,23.21,954.89,495.60
001,20,34,19,37,,,28,5,2018,20,13,13,571.70,23.12,955.38,491.24
001,20,31,20,37,,,28,5,2018,20,18,13,575.60,23.06,955.73,488.25
001,19,31,19,39,,,28,5,2018,20,23,13,576.60,23.00,955.57,489.64
001,19,39,19,38,,,28,5,2018,20,28,13,576.60,22.94,955.36,491.47
001,18,31,18,42,,,28,5,2018,20,33,13,580.00,22.90,955.37,491.35
001,20,32,19,35,,,28,5,2018,20,38,13,570.80,22.85,955.32,491.76
001,19,35,19,36,,,28,5,2018,20,43,13,560.60,22.78,955.65,488.92
001,19,35,19,46,,,28,5,2018,20,48,13,559.20,22.67,955.48,490.39
001,19,41,18,36,,,28,5,2018,20,53,13,560.60,22.58,955.31,491.90
001,19,33,18,30,,,28,5,2018,20,58,13,547.60,22.51,955.31,491.86
001,11,17,11,8,,,29,5,2018,12,0,49,,16.33,947.53,560.01
001,19,39,18,38,,,29,5,2018,12,28,13,,16.61,948.35,552.83
001,18,29,18,31,,,29,5,2018,12,33,13,,16.67,948.42,552.22
001,17,26,17,31,,,29,5,2018,12,38,14,625.50,16.75,948.51,551.41
001,17,29,17,34,,,29,5,2018,12,43,14,628.00,16.87,948.52,551.33
001,18,29,17,30,,,29,5,2018,12,48,14,645.20,16.95,948.66,550.11
001,18,26,17,39,,,29,5,2018,12,53,14,645.20,17.00,948.69,549.88
001,19,32,17,37,,,29,5,2018,12,58,14,642.90,17.03,948.77,549.18
001,18,28,19,38,,,29,5,2018,13,3,14,640.50,17.05,948.76,549.26
001,18,29,17,32,,,29,5,2018,13,8,14,642.50,17.02,948.83,548.64
001,19,29,17,34,,,29,5,2018,13,13,14,638.00,16.97,948.98,547.35
001,18,28,17,31,,,29,5,2018,13,18,14,639.30,16.91,949.18,545.56
001,18,31,17,36,,,29,5,2018,13,23,14,635.90,16.88,949.37,543.92
001,19,30,18,35,,,29,5,2018,13,28,14,626.30,16.84,949.44,543.24
001,19,36,17,32,,,29,5,2018,13,33,14,628.30,16.82,949.66,541.31
001,18,30,17,33,,,29,5,2018,13,38,14,627.60,16.81,949.88,539.44
001,19,31,18,37,,,29,5,2018,13,43,14,615.60,16.80,950.01,538.26
001,19,29,18,30,,,29,5,2018,13,48,14,613.70,16.77,949.99,538.47
001,18,29,17,30,,,29,5,2018,13,53,14,620.80,16.76,950.16,536.97
001,17,27,17,35,,,29,5,2018,13,58,14,622.70,16.75,950.13,537.19
001,18,29,17,31,,,29,5,2018,14,3,14,623.60,16.74,950.19,536.71
001,19,30,18,36,,,29,5,2018,14,8,14,624.10,16.73,950.38,535.02
001,18,31,17,32,,,29,5,2018,14,13,14,628.90,16.72,950.27,535.99
001,19,37,18,31,,,29,5,2018,14,18,14,623.60,16.72,950.24,536.29
001,19,34,17,33,,,29,5,2018,14,23,14,635.20,16.70,950.22,536.41
001,19,28,17,32,,,29,5,2018,14,28,14,636.30,16.70,950.11,537.40
001,17,28,18,35,,,29,5,2018,14,33,14,640.50,16.67,950.15,537.08
001,17,26,17,35,,,29,5,2018,14,38,14,640.60,16.69,950.30,535.77
001,18,27,17,31,,,29,5,2018,14,43,14,640.60,16.68,950.23,536.36
001,18,31,17,32,,,29,5,2018,14,48,14,636.00,16.66,949.98,538.51
001,18,29,17,32,,,29,5,2018,14,53,14,632.90,16.66,949.91,539.19
001,17,31,16,36,,,29,5,2018,14,58,14,625.70,16.65,949.55,542.28
001,18,33,17,32,,,29,5,2018,15,3,14,629.60,16.64,949.13,546.02
001,18,28,16,33,,,29,5,2018,15,8,14,628.20,16.65,949.00,547.12
001,15,22,16,35,,,29,5,2018,15,13,14,624.30,16.62,948.98,547.27
001,18,27,17,34,,,29,5,2018,15,18,14,635.00,16.61,949.00,547.12
001,17,27,17,37,,,29,5,2018,15,23,14,640.20,16.63,949.00,547.14
001,17,27,16,33,,,29,5,2018,15,28,14,612.50,16.61,948.72,549.59
001,15,24,15,31,,,29,5,2018,15,33,14,612.20,16.60,948.57,550.90
001,18,28,17,31,,,29,5,2018,15,38,14,604.80,16.60,948.82,548.68
001,18,31,17,32,,,29,5,2018,15,43,14,626.10,16.61,948.94,547.68
001,17,30,16,35,,,29,5,2018,15,48,14,619.50,16.60,948.88,548.18
001,16,25,17,33,,,29,5,2018,15,53,14,615.60,16.59,949.40,543.66
001,18,29,17,32,,,29,5,2018,15,58,14,615.70,16.60,949.54,542.39
001,17,31,16,34,,,29,5,2018,16,3,14,640.00,16.60,949.65,541.43
001,18,29,17,36,,,29,5,2018,16,8,14,614.00,16.59,949.84,539.78
001,18,29,17,32,,,29,5,2018,16,13,14,622.80,16.59,950.12,537.29
001,16,27,17,30,,,29,5,2018,16,18,14,619.40,16.58,950.06,537.88
001,18,27,17,32,,,29,5,2018,16,23,14,627.40,16.58,950.26,536.06
001,18,25,17,32,,,29,5,2018,16,28,14,625.80,16.58,950.22,536.46
001,17,28,17,34,,,29,5,2018,16,33,14,626.10,16.58,949.99,538.43
001,17,27,17,38,,,29,5,2018,16,38,14,624.30,16.57,949.97,538.63
001,18,25,17,31,,,29,5,2018,16,43,14,624.50,16.56,949.61,541.78
001,17,27,17,34,,,29,5,2018,16,48,14,625.90,16.56,949.51,542.64
001,18,31,16,32,,,29,5,2018,16,53,14,629.80,16.54,949.47,543.00
001,18,28,16,31,,,29,5,2018,16,58,14,630.90,16.54,949.58,542.04
001,16,23,17,32,,,29,5,2018,17,3,14,618.60,16.54,949.85,539.65
001,16,31,16,31,,,29,5,2018,17,8,14,630.20,16.53,949.84,539.78
001,17,28,17,32,,,29,5,2018,17,13,14,623.00,16.52,949.70,540.99
001,17,26,16,30,,,29,5,2018,17,18,14,633.40,16.51,949.66,541.34
001,17,34,18,33,,,29,5,2018,17,23,14,629.20,16.51,949.48,542.91
001,17,31,17,32,,,29,5,2018,17,28,14,630.50,16.50,949.53,542.46
001,16,27,16,32,,,29,5,2018,17,33,14,630.80,16.50,949.51,542.64
001,15,20,15,29,,,29,5,2018,17,38,14,632.40,16.50,949.16,545.72
001,15,24,16,35,,,29,5,2018,17,43,14,633.20,16.49,948.97,547.37
001,17,27,17,35,,,29,5,2018,17,48,14,630.60,16.52,948.96,547.49
001,18,27,16,32,,,29,5,2018,17,53,14,630.30,16.49,948.95,547.61
001,18,31,17,39,,,29,5,2018,17,58,14,622.50,16.50,949.13,545.97
001,18,28,18,34,,,29,5,2018,18,3,14,631.30,16.52,949.23,545.12
001,17,30,17,30,,,29,5,2018,18,8,14,630.40,16.51,949.12,546.05
001,16,21,16,36,,,29,5,2018,18,13,14,631.30,16.50,949.21,545.26
001,15,21,17,36,,,29,5,2018,18,18,14,618.20,16.50,949.44,543.25
001,18,27,17,34,,,29,5,2018,18,23,14,621.90,16.49,949.50,542.78
001,18,31,16,33,,,29,5,2018,18,28,14,618.70,16.50,949.65,541.41
001,18,26,17,34,,,29,5,2018,18,33,14,617.00,16.48,949.63,541.59
001,16,25,16,40,,,29,5,2018,18,38,14,617.80,16.47,949.72,540.79
001,17,29,16,42,,,29,5,2018,18,43,14,609.30,16.47,949.69,541.07
001,16,33,16,32,,,29,5,2018,18,48,14,601.70,16.45,949.68,541.15
001,17,33,18,31,,,29,5,2018,18,53,14,601.00,16.49,949.87,539.48
001,16,28,16,28,,,29,5,2018,18,58,14,600.00,16.52,949.88,539.42
001,17,22,19,32,,,29,5,2018,19,3,14,621.20,16.57,949.79,540.17
001,18,28,17,32,,,29,5,2018,19,8,14,611.90,16.64,949.66,541.36
001,18,35,17,36,,,29,5,2018,19,13,14,599.00,16.70,949.78,540.26
001,16,24,17,30,,,29,5,2018,19,18,14,581.60,16.71,949.28,544.69
001,17,23,17,30,,,29,5,2018,19,23,14,557.80,16.77,948.97,547.41
001,17,29,17,32,,,29,5,2018,19,28,14,440.50,16.84,948.93,547.78
001,18,29,17,33,,,29,5,2018,19,33,14,608.40,16.88,949.08,546.48
001,18,27,17,36,,,29,5,2018,19,38,14,597.80,16.93,949.21,545.26
001,19,28,17,34,,,29,5,2018,19,43,14,601.60,16.99,949.11,546.19
001,18,33,17,44,,,29,5,2018,19,48,14,607.70,17.03,948.85,548.47
001,18,29,18,31,,,29,5,2018,19,53,14,610.10,17.05,948.86,548.39
001,18,28,17,31,,,29,5,2018,19,58,14,593.90,17.04,948.82,548.71
001,19,30,18,33,,,29,5,2018,20,3,14,600.00,17.04,948.91,547.97
001,17,34,17,32,,,29,5,2018,20,8,14,609.80,17.02,948.78,549.03
001,18,29,17,34,,,29,5,2018,20,13,14,655.20,17.02,949.01,547.09
001,17,24,16,31,,,29,5,2018,20,18,14,653.40,17.00,949.03,546.86
001,17,28,17,36,,,29,5,2018,20,23,14,650.60,16.98,949.09,546.32
001,19,33,18,40,,,29,5,2018,20,28,14,661.00,16.95,949.01,547.06
001,18,29,17,44,,,29,5,2018,20,33,14,666.30,16.93,948.89,548.07
001,17,32,17,36,,,29,5,2018,20,38,14,671.50,16.91,948.82,548.73
001,19,28,18,31,,,29,5,2018,20,43,14,672.60,16.91,948.60,550.64
001,17,31,16,35,,,29,5,2018,20,48,14,662.40,16.93,948.49,551.64
001,18,31,17,38,,,29,5,2018,20,53,14,658.70,16.98,948.59,550.73
001,18,37,17,32,,,29,5,2018,20,58,14,654.80,17.02,948.46,551.85
001,18,34,17,34,,,30,5,2018,12,33,14,640.70,15.44,948.27,553.56
001,19,35,17,35,,,30,5,2018,12,38,14,635.40,15.47,948.24,553.82
001,18,30,16,31,,,30,5,2018,12,43,14,637.00,15.52,948.17,554.44
001,18,33,19,35,,,30,5,2018,12,48,14,537.90,15.56,948.20,554.14
001,18,33,17,34,,,30,5,2018,12,53,14,602.70,15.60,948.31,553.16
001,16,25,16,30,,,30,5,2018,12,58,14,613.60,15.63,948.26,553.65
001,17,28,16,32,,,30,5,2018,13,3,14,616.50,15.66,948.13,554.82
001,18,27,16,32,,,30,5,2018,13,8,14,587.70,15.71,948.08,555.18
001,19,3840,18,35,,,30,5,2018,13,13,14,588.50,15.82,948.12,554.87
001,17,28,18,32,,,30,5,2018,13,18,14,605.40,15.92,948.16,554.54
001,17,28,18,32,,,30,5,2018,13,23,14,614.20,16.04,948.09,555.11
001,4095,33,3584,39,,,30,5,2018,13,28,14,622.00,16.12,948.05,555.52
001,18,31,17,34,,,30,5,2018,13,33,14,619.30,16.19,948.04,555.57
001,18,35,17,35,,,30,5,2018,13,38,14,627.60,16.27,948.14,554.71
001,18,29,17,32,,,30,5,2018,13,43,14,621.30,16.34,948.19,554.27
001,18,30,16,32,,,30,5,2018,13,48,14,618.40,16.40,948.27,553.56
001,17,29,16,31,,,30,5,2018,13,53,14,616.70,16.45,948.15,554.62
001,4095,4095,4095,4095,,,30,5,2018,13,58,14,628.90,16.49,948.26,553.63
001,17,31,16,31,,,30,5,2018,14,3,14,634.00,16.53,948.33,553.06
001,4095,4095,4095,4095,,,30,5,2018,14,8,14,625.80,16.56,948.21,554.05
001,17,28,17,34,,,30,5,2018,14,13,14,626.00,16.57,948.28,553.45
001,4095,4095,4095,4080,,,30,5,2018,14,18,14,627.90,16.65,948.22,553.97
001,4095,4095,4095,4095,,,30,5,2018,14,23,14,632.50,16.67,948.18,554.35
001,4095,4095,4095,4095,,,30,5,2018,14,28,14,629.70,16.70,948.23,553.86
001,18,27,17,4080,,,30,5,2018,14,33,14,632.40,16.68,948.17,554.46
001,17,27,17,31,,,30,5,2018,14,38,14,638.10,16.67,948.25,553.73
001,17,25,17,32,,,30,5,2018,14,43,14,641.20,16.67,948.25,553.76
001,18,28,17,31,,,30,5,2018,14,48,14,626.40,16.69,948.17,554.45
001,18,30,17,35,,,30,5,2018,14,53,14,643.90,16.66,948.21,554.08
001,17,30,16,30,,,30,5,2018,14,58,14,635.10,16.62,948.20,554.15
001,4095,20,16,31,,,30,5,2018,15,3,14,628.10,16.59,948.25,553.68
001,2048,27,16,33,,,30,5,2018,15,8,14,629.60,16.56,948.26,553.65
001,17,28,17,34,,,30,5,2018,15,13,14,630.40,16.53,948.24,553.77
001,16,28,16,33,,,30,5,2018,15,18,14,627.70,16.50,948.14,554.69
001,4095,4095,4095,4095,,,30,5,2018,15,23,14,643.90,16.48,948.12,554.90
001,18,27,17,32,,,30,5,2018,15,28,14,631.00,16.47,948.11,554.91
001,16,24,18,35,,,30,5,2018,15,33,14,623.80,16.45,948.21,554.09
001,18,27,17,31,,,30,5,2018,15,38,14,620.50,16.43,948.11,554.95
001,18,31,16,34,,,30,5,2018,15,43,14,617.90,16.41,948.19,554.22
001,3072,29,3072,4032,,,30,5,2018,15,48,14,615.30,16.41,948.24,553.77
001,17,25,17,32,,,30,5,2018,15,53,14,614.00,16.38,948.05,555.46
001,3968,4064,17,32,,,30,5,2018,15,58,14,611.60,16.37,948.11,554.95
001,17,25,16,31,,,30,5,2018,16,3,14,613.60,16.35,948.15,554.63
001,18,25,17,37,,,30,5,2018,16,8,14,608.60,16.32,948.11,554.96
001,3072,2048,4095,2048,,,30,5,2018,16,13,14,611.70,16.31,948.09,555.10
001,17,30,18,36,,,30,5,2018,16,18,14,617.20,16.29,948.00,555.93
001,16,27,16,33,,,30,5,2018,16,23,14,615.40,16.28,947.99,555.97
001,17,29,17,32,,,30,5,2018,16,28,14,615.30,16.27,947.96,556.28
001,17,26,18,34,,,30,5,2018,16,33,14,624.10,16.28,947.90,556.80
001,16,27,15,32,,,30,5,2018,16,38,14,609.60,16.28,947.87,557.04
001,3968,3840,4095,2049,,,30,5,2018,16,43,14,611.80,16.27,947.80,557.68
001,16,23,16,31,,,30,5,2018,16,48,14,614.10,16.25,947.76,558.00
001,19,30,17,42,,,30,5,2018,16,53,14,624.60,16.23,947.71,558.49
001,17,30,16,30,,,30,5,2018,16,58,14,625.60,16.22,947.71,558.49
001,18,28,17,37,,,30,5,2018,17,3,14,636.50,16.22,947.77,557.97
001,17,29,4032,31,,,30,5,2018,17,8,14,633.20,16.20,947.80,557.68
001,17,29,17,37,,,30,5,2018,17,13,14,633.70,16.19,947.80,557.67
001,18,28,17,36,,,30,5,2018,17,18,14,620.70,16.18,947.80,557.64
001,18,35,17,35,,,30,5,2018,17,23,14,631.40,16.15,947.63,559.18
001,19,27,17,34,,,30,5,2018,17,28,14,632.50,16.15,947.73,558.26
001,18,31,17,34,,,30,5,2018,17,33,14,643.10,16.13,947.63,559.21
001,17,30,16,35,,,30,5,2018,17,38,14,635.30,16.13,947.70,558.56
001,18,29,17,34,,,30,5,2018,17,43,14,631.50,16.12,947.65,558.97
001,17,33,17,31,,,30,5,2018,17,48,14,629.80,16.13,947.63,559.21
001,18,25,17,34,,,30,5,2018,17,53,14,640.40,16.12,947.60,559.46
001,17,25,16,31,,,30,5,2018,17,58,14,629.10,16.12,947.53,560.05
001,18,28,16,31,,,30,5,2018,18,3,14,652.00,16.11,947.50,560.34
001,17,30,16,32,,,30,5,2018,18,8,14,604.60,16.10,947.39,561.24
001,18,31,18,36,,,30,5,2018,18,13,14,604.30,16.11,947.33,561.82
001,16,28,16,35,,,30,5,2018,18,18,14,611.20,16.12,947.40,561.19
001,16,26,16,36,,,30,5,2018,18,23,14,612.90,16.12,947.34,561.68
001,15,22,17,33,,,30,5,2018,18,28,14,645.60,16.13,947.34,561.68
001,4095,3840,17,2048,,,30,5,2018,18,33,14,630.50,16.13,947.27,562.33
001,4095,4095,4095,4095,,,30,5,2018,18,38,14,623.10,16.13,947.33,561.79
001,18,27,19,36,,,30,5,2018,18,43,14,615.30,16.13,947.31,561.98
001,18,33,17,41,,,30,5,2018,18,48,14,622.60,16.13,947.27,562.35
001,18,28,18,34,,,30,5,2018,18,53,14,616.00,16.11,947.29,562.19
001,18,3968,2050,30,,,30,5,2018,18,58,14,630.10,16.09,947.36,561.56
001,18,29,18,37,,,30,5,2018,19,3,14,615.70,16.07,947.31,561.98
001,18,27,17,32,,,30,5,2018,19,8,14,615.80,16.07,947.37,561.49
001,16,24,16,31,,,30,5,2018,19,13,14,618.20,16.06,947.21,562.83
001,17,29,17,56,,,30,5,2018,19,18,14,615.40,16.05,947.31,561.95
001,18,27,17,31,,,30,5,2018,19,23,14,612.60,16.04,947.34,561.74
001,18,30,17,34,,,30,5,2018,19,28,14,614.70,16.04,947.41,561.09
001,15,29,17,32,,,30,5,2018,19,33,14,617.90,16.04,947.42,561.03
001,17,27,16,34,,,30,5,2018,19,38,14,610.40,16.02,947.50,560.28
001,18,39,3968,34,,,30,5,2018,19,43,14,613.20,16.00,947.46,560.67
001,18,28,17,35,,,30,5,2018,19,48,14,612.10,16.04,947.49,560.41
001,17,28,17,32,,,30,5,2018,19,53,14,610.20,16.04,947.46,560.69
001,4095,4095,3968,30,,,30,5,2018,19,58,14,622.20,16.04,947.37,561.43
001,4095,4080,4095,4095,,,30,5,2018,20,3,14,622.70,16.02,947.37,561.48
001,4095,2049,18,29,,,30,5,2018,20,8,14,624.80,16.00,947.29,562.16
001,3072,4080,19,34,,,30,5,2018,20,13,14,625.30,16.00,947.39,561.32
001,18,31,18,36,,,30,5,2018,20,18,14,624.50,15.99,947.39,561.27
001,18,28,19,32,,,30,5,2018,20,23,14,627.80,15.96,947.40,561.21
001,18,24,21,38,,,30,5,2018,20,28,14,618.50,15.97,947.53,560.09
001,19,31,19,37,,,30,5,2018,20,33,14,603.70,15.93,947.46,560.69
001,20,31,21,37,,,30,5,2018,20,38,14,603.60,15.93,947.47,560.60
001,20,3840,3072,37,,,30,5,2018,20,43,14,624.30,15.95,947.55,559.90
001,3584,30,4088,29,,,30,5,2018,20,48,14,616.30,15.96,947.58,559.58
001,19,30,18,30,,,30,5,2018,20,53,14,618.80,16.00,947.56,559.75
001,17,29,15,29,,,30,5,2018,20,58,14,619.60,16.05,947.48,560.46
001,242,238,200,256,,,1,6,2018,13,2,56,560.10,10.24,952.07,520.26
001,320,301,252,295,,,1,6,2018,13,13,15,551.90,10.38,952.12,519.77
001,356,314,261,313,,,1,6,2018,13,18,15,544.80,10.78,952.07,520.21
001,365,369,286,400,,,1,6,2018,13,23,15,566.20,11.31,952.11,519.86
001,417,436,335,412,,,1,6,2018,13,28,15,560.70,11.24,952.09,520.08
001,483,456,360,496,,,1,6,2018,13,33,15,563.40,11.26,952.14,519.63
001,560,519,435,523,,,1,6,2018,13,38,15,557.40,11.12,952.20,519.12
001,525,525,390,537,,,1,6,2018,13,43,15,553.90,11.51,952.13,519.70
001,569,551,432,607,,,1,6,2018,13,48,15,558.40,11.84,952.07,520.18
001,690,607,561,697,,,1,6,2018,13,53,15,555.60,12.11,952.11,519.87
001,686,665,515,735,,,1,6,2018,13,58,15,561.90,12.30,952.15,519.56
001,728,709,596,762,,,1,6,2018,14,3,15,556.90,12.26,952.20,519.08
001,788,773,640,880,,,1,6,2018,14,8,15,557.60,12.87,952.21,519.01
001,857,840,666,960,,,1,6,2018,14,13,15,562.30,13.29,952.24,518.74
001,835,799,687,943,,,1,6,2018,14,18,15,559.90,13.84,952.13,519.74
001,887,883,717,995,,,1,6,2018,14,23,15,559.50,14.05,952.17,519.36
001,959,912,768,1067,,,1,6,2018,14,28,15,558.40,14.08,952.27,518.48
001,983,901,768,1047,,,1,6,2018,14,33,15,561.40,14.41,952.30,518.23
001,1056,932,793,1120,,,1,6,2018,14,38,15,548.00,14.54,952.32,517.99
001,1071,1087,843,1207,,,1,6,2018,14,43,15,557.20,15.38,952.30,518.18
001,1024,979,799,1179,,,1,6,2018,14,48,15,559.60,15.28,952.24,518.76
001,1032,1016,838,1104,,,1,6,2018,14,53,15,563.20,16.00,952.29,518.26
001,1015,991,799,1152,,,1,6,2018,14,58,15,559.00,14.90,952.23,518.79
001,1109,1024,864,1207,,,1,6,2018,15,3,15,554.60,14.81,952.23,518.79
001,1079,1011,851,1188,,,1,6,2018,15,8,15,556.90,14.90,952.28,518.39
001,1092,1093,893,1215,,,1,6,2018,15,13,15,557.60,15.43,952.19,519.19
001,1137,1145,906,1284,,,1,6,2018,15,18,15,558.60,15.63,952.16,519.42
001,1185,1119,959,1295,,,1,6,2018,15,23,15,555.60,16.23,952.14,519.61
001,1238,1243,1070,1359,,,1,6,2018,15,28,15,556.30,16.75,952.08,520.10
001,1228,1204,1055,1438,,,1,6,2018,15,33,15,553.20,16.27,952.12,519.81
001,1277,1295,1055,1478,,,1,6,2018,15,38,15,551.80,16.56,952.07,520.21
001,1232,1263,1015,1467,,,1,6,2018,15,43,15,552.90,16.56,952.02,520.70
001,1320,1183,1015,1424,,,1,6,2018,15,48,15,556.70,16.30,952.03,520.55
001,1343,1279,1079,1567,,,1,6,2018,15,53,15,560.00,16.62,952.00,520.82
001,1279,1247,1024,1440,,,1,6,2018,15,58,15,562.40,17.31,952.04,520.52
001,1231,1144,944,1280,,,1,6,2018,16,3,15,560.30,16.84,951.94,521.37
001,1279,1183,1087,1359,,,1,6,2018,16,8,15,556.20,16.95,951.92,521.52
001,1280,1303,1064,1624,,,1,6,2018,16,13,15,557.70,17.05,951.91,521.58
001,1312,1280,1055,1535,,,1,6,2018,16,18,15,555.40,17.72,951.86,522.05
001,1312,1279,1039,1567,,,1,6,2018,16,23,15,552.60,17.88,951.74,523.08
001,1303,1275,1055,1454,,,1,6,2018,16,28,15,554.70,17.95,951.84,522.20
001,1119,1111,912,1338,,,1,6,2018,16,33,15,552.10,18.02,951.81,522.53
001,1220,1183,967,1348,,,1,6,2018,16,38,15,557.20,18.50,951.71,523.36
001,1271,1248,991,1451,,,1,6,2018,16,43,15,557.30,17.43,951.66,523.84
001,1316,1214,1011,1472,,,1,6,2018,16,48,15,558.10,17.08,951.58,524.48
001,1303,1243,1067,1399,,,1,6,2018,16,53,15,554.80,17.53,951.59,524.41
001,1290,1273,1033,1442,,,1,6,2018,16,58,15,561.40,17.69,951.46,525.56
001,1423,1376,1059,1634,,,1,6,2018,17,3,15,556.40,17.92,951.47,525.46
001,1408,1343,1167,1615,,,1,6,2018,17,8,15,552.10,18.20,951.47,525.47
001,1443,1309,1152,1599,,,1,6,2018,17,13,15,554.80,18.63,951.49,525.34
001,1402,1391,1215,1651,,,1,6,2018,17,18,15,554.60,18.45,951.37,526.36
001,1488,1455,1167,1711,,,1,6,2018,17,23,15,554.30,18.35,951.43,525.85
001,1435,1408,1224,1647,,,1,6,2018,17,28,15,550.20,18.90,951.40,526.06
001,1484,1439,1152,1744,,,1,6,2018,17,33,15,551.70,18.12,951.40,526.07
001,1598,1484,1267,1823,,,1,6,2018,17,38,15,551.10,17.92,951.27,527.25
001,1518,1487,1296,1824,,,1,6,2018,17,43,15,554.60,17.66,951.37,526.35
001,1472,1433,1212,1610,,,1,6,2018,17,48,15,549.90,18.15,951.25,527.39
001,1408,1344,1126,1655,,,1,6,2018,17,53,15,552.50,18.17,951.22,527.68
001,1454,1408,1184,1695,,,1,6,2018,17,58,15,553.00,17.74,951.35,526.54
001,1448,1330,1183,1583,,,1,6,2018,18,3,15,552.70,17.30,951.22,527.68
001,1407,1327,1151,1556,,,1,6,2018,18,8,15,555.60,17.34,951.29,527.06
001,1384,1311,1119,1696,,,1,6,2018,18,13,15,552.30,17.12,951.23,527.61
001,1529,1395,1148,1663,,,1,6,2018,18,18,15,557.10,17.91,951.13,528.46
001,1535,1559,1296,1755,,,1,6,2018,18,23,15,553.20,17.88,951.10,528.73
001,1523,1447,1251,1664,,,1,6,2018,18,28,15,555.90,17.84,951.16,528.16
001,1493,1481,1239,1743,,,1,6,2018,18,33,15,561.90,17.55,951.07,528.96
001,1504,1375,1198,1696,,,1,6,2018,18,38,15,557.50,18.51,951.04,529.23
001,1388,1344,1220,1545,,,1,6,2018,18,43,15,556.40,18.26,950.92,530.32
001,1371,1343,1126,1555,,,1,6,2018,18,48,15,550.80,18.58,950.88,530.62
001,1315,1280,1052,1495,,,1,6,2018,18,53,15,553.90,18.69,950.95,530.04
001,1296,1245,1023,1406,,,1,6,2018,18,58,15,552.30,18.78,951.00,529.60
001,1199,1176,985,1358,,,1,6,2018,19,3,15,556.20,18.48,950.93,530.20
001,1111,1088,913,1280,,,1,6,2018,19,8,15,549.50,18.16,950.93,530.19
001,1065,1023,823,1112,,,1,6,2018,19,13,15,552.80,18.37,950.88,530.66
001,1001,915,767,1059,,,1,6,2018,19,18,15,552.20,17.84,950.85,530.94
001,979,925,780,1072,,,1,6,2018,19,23,15,552.20,17.77,950.86,530.84
001,880,825,708,992,,,1,6,2018,19,28,15,554.60,18.09,950.82,531.16
001,907,887,740,1028,,,1,6,2018,19,33,15,554.20,17.79,950.84,530.98
001,828,767,668,864,,,1,6,2018,19,38,15,559.60,17.70,950.97,529.87
001,836,806,701,896,,,1,6,2018,19,43,15,549.80,16.85,950.89,530.54
001,704,696,564,781,,,1,6,2018,19,48,15,555.40,16.89,950.99,529.66
001,664,642,547,752,,,1,6,2018,19,53,15,555.30,16.68,950.94,530.15
001,615,604,511,671,,,1,6,2018,19,58,15,555.00,17.02,950.97,529.86
001,503,534,388,522,,,1,6,2018,20,3,15,556.40,16.80,950.96,529.91
001,509,481,418,560,,,1,6,2018,20,8,15,554.90,16.47,950.98,529.77
001,473,467,373,468,,,1,6,2018,20,13,15,551.40,16.66,951.00,529.61
001,415,422,340,407,,,1,6,2018,20,18,15,553.90,16.11,951.02,529.40
001,359,358,284,335,,,1,6,2018,20,23,15,550.30,16.52,951.06,529.08
001,316,305,252,309,,,1,6,2018,20,28,15,550.80,16.29,951.03,529.29
001,269,247,200,221,,,1,6,2018,20,33,15,548.50,16.02,951.13,528.42
001,203,236,163,204,,,1,6,2018,20,38,15,548.00,16.06,951.07,528.99
001,151,151,120,182,,,1,6,2018,20,43,15,549.00,15.72,951.04,529.22
001,128,133,92,151,,,1,6,2018,20,48,15,549.90,15.27,951.06,529.05
001,92,110,69,80,,,1,6,2018,20,53,15,553.20,14.62,951.13,528.43
001,216,241,140,206,,,2,6,2018,12,33,15,576.00,7.18,953.69,506.07
001,280,264,182,256,,,2,6,2018,12,38,15,577.00,7.87,953.68,506.15
001,348,322,209,308,,,2,6,2018,12,43,15,559.90,8.42,953.71,505.91
001,391,396,256,365,,,2,6,2018,12,48,15,556.20,9.04,953.79,505.20
001,421,397,277,415,,,2,6,2018,12,53,15,556.80,9.93,953.82,504.89
001,494,468,328,608,,,2,6,2018,12,58,15,568.80,9.80,953.82,504.88
001,570,527,364,607,,,2,6,2018,13,3,15,569.10,9.64,953.83,504.82
001,611,592,393,652,,,2,6,2018,13,8,15,559.20,9.86,953.85,504.61
001,711,669,461,727,,,2,6,2018,13,13,15,554.70,9.88,953.96,503.70
001,727,728,486,830,,,2,6,2018,13,18,15,567.20,9.68,954.04,502.98
001,812,810,517,886,,,2,6,2018,13,23,15,559.80,10.61,954.16,501.97
001,911,861,591,1002,,,2,6,2018,13,28,15,559.30,11.72,954.03,503.03
001,939,903,646,1056,,,2,6,2018,13,33,15,555.40,12.66,954.11,502.40
001,990,928,679,1070,,,2,6,2018,13,38,15,556.60,12.98,954.08,502.59
001,1006,983,667,1105,,,2,6,2018,13,43,15,564.30,13.47,954.14,502.14
001,1088,1043,747,1184,,,2,6,2018,13,48,15,562.70,13.80,954.03,503.05
001,1149,1094,763,1280,,,2,6,2018,13,53,15,557.70,13.74,954.09,502.57
001,1183,1195,826,1343,,,2,6,2018,13,58,15,558.50,13.55,954.09,502.53
001,1247,1156,787,1375,,,2,6,2018,14,3,15,552.60,14.66,954.16,501.97
001,1216,1147,768,1423,,,2,6,2018,14,8,15,549.40,15.17,954.07,502.68
001,1263,1231,880,1432,,,2,6,2018,14,13,15,559.20,15.89,954.10,502.44
001,1279,1279,867,1424,,,2,6,2018,14,18,15,555.50,15.50,954.14,502.12
001,1268,1216,855,1455,,,2,6,2018,14,23,15,554.10,14.83,954.14,502.08
001,1367,1295,927,1600,,,2,6,2018,14,28,15,546.90,15.13,954.16,501.94
001,1402,1394,968,1675,,,2,6,2018,14,33,15,545.70,15.08,954.06,502.81
001,1508,1424,941,1632,,,2,6,2018,14,38,15,547.90,14.72,954.07,502.75
001,1532,1439,1004,1782,,,2,6,2018,14,43,15,554.40,14.64,954.16,501.89
001,1515,1429,1019,1737,,,2,6,2018,14,48,15,557.60,14.77,954.17,501.87
001,1519,1552,1035,1823,,,2,6,2018,14,53,15,558.20,15.07,954.11,502.34
001,1520,1496,1024,1784,,,2,6,2018,14,58,15,563.30,15.35,954.13,502.21
001,1536,1477,1023,1759,,,2,6,2018,15,3,15,560.90,16.11,954.01,503.27
001,1566,1510,1050,1782,,,2,6,2018,15,8,15,566.60,16.53,953.95,503.80
001,1584,1559,1119,1904,,,2,6,2018,15,13,15,558.80,16.84,953.89,504.29
001,1583,1535,1087,1792,,,2,6,2018,15,18,15,564.60,17.05,953.92,504.01
001,1695,1607,1103,1847,,,2,6,2018,15,23,15,567.30,17.30,953.94,503.86
001,1574,1511,1051,1839,,,2,6,2018,15,28,15,556.80,18.20,953.69,506.04
001,1536,1503,1040,1743,,,2,6,2018,15,33,15,554.10,18.16,953.74,505.57
001,1655,1622,1107,1885,,,2,6,2018,15,38,15,552.10,18.05,953.81,505.03
001,1663,1600,1171,1896,,,2,6,2018,15,43,15,559.10,18.32,953.70,505.94
001,1710,1664,1183,1956,,,2,6,2018,15,48,15,558.90,18.75,953.67,506.20
001,1691,1599,1080,1919,,,2,6,2018,15,53,15,561.90,18.35,953.65,506.35
001,1691,1615,1110,1992,,,2,6,2018,15,58,15,562.40,18.48,953.54,507.32
001,1691,1648,1088,1879,,,2,6,2018,16,3,15,558.90,19.08,953.49,507.82
001,1711,1632,1112,1942,,,2,6,2018,16,8,15,558.20,19.59,953.43,508.31
001,1739,1712,1199,1968,,,2,6,2018,16,13,15,559.90,19.71,953.40,508.62
001,1663,1647,1136,1984,,,2,6,2018,16,18,15,554.60,20.08,953.37,508.81
001,1759,1664,1163,1992,,,2,6,2018,16,23,15,556.00,20.88,953.25,509.88
001,1779,1640,1183,2031,,,2,6,2018,16,28,15,557.60,19.61,953.26,509.79
001,1728,1674,1143,1984,,,2,6,2018,16,33,15,563.90,19.43,953.27,509.68
001,1712,1703,1199,2031,,,2,6,2018,16,38,15,557.00,19.50,953.25,509.91
001,1813,1775,1264,2031,,,2,6,2018,16,43,15,558.50,20.95,953.17,510.57
001,1839,1759,1232,2048,,,2,6,2018,16,48,15,560.80,20.74,953.02,511.92
001,1750,1749,1216,2047,,,2,6,2018,16,53,15,554.30,20.84,953.03,511.83
001,1786,1679,1216,2048,,,2,6,2018,16,58,15,559.70,20.55,952.94,512.62
001,1736,1664,1195,2016,,,2,6,2018,17,3,15,552.60,20.18,952.89,513.07
001,1784,1632,1151,1816,,,2,6,2018,17,8,15,548.60,20.60,952.79,513.90
001,1743,1679,1216,1977,,,2,6,2018,17,13,15,551.70,20.76,952.79,513.94
001,1558,1536,1086,1845,,,2,6,2018,17,18,15,552.80,21.13,952.75,514.29
001,1487,1408,1015,1727,,,2,6,2018,17,23,15,545.90,20.56,952.76,514.17
001,1500,1456,1051,1815,,,2,6,2018,17,28,15,554.50,20.29,952.53,516.22
001,1563,1467,1103,1783,,,2,6,2018,17,33,15,551.70,20.01,952.57,515.81
001,1453,1367,936,1711,,,2,6,2018,17,38,15,544.60,19.60,952.46,516.78
001,1567,1564,1034,1696,,,2,6,2018,17,43,15,544.90,19.76,952.51,516.41
001,1662,1600,1135,1887,,,2,6,2018,17,48,15,547.30,20.26,952.44,516.97
001,1522,1501,1055,1719,,,2,6,2018,17,53,15,549.40,20.53,952.54,516.13
001,1472,1407,1024,1695,,,2,6,2018,17,58,15,543.10,20.34,952.36,517.71
001,1440,1319,935,1605,,,2,6,2018,18,3,15,551.70,19.56,952.31,518.12
001,1494,1463,1064,1759,,,2,6,2018,18,8,15,538.40,20.28,952.26,518.58
001,1375,1424,955,1664,,,2,6,2018,18,13,15,560.00,20.88,952.25,518.66
001,1455,1343,967,1615,,,2,6,2018,18,18,15,553.90,20.25,952.21,518.98
001,1380,1255,948,1581,,,2,6,2018,18,23,15,555.80,19.97,952.23,518.79
001,1407,1384,1008,1583,,,2,6,2018,18,28,15,552.70,19.67,952.14,519.58
001,1453,1375,1012,1707,,,2,6,2018,18,33,15,559.70,19.58,952.08,520.09
001,1327,1302,896,1478,,,2,6,2018,18,38,15,557.80,20.11,952.16,519.42
001,1226,1106,799,1372,,,2,6,2018,18,43,15,554.10,20.66,952.19,519.20
001,1183,1194,796,1319,,,2,6,2018,18,48,15,554.50,20.41,952.12,519.81
001,1032,1019,691,1223,,,2,6,2018,18,53,15,555.10,20.47,952.22,518.95
001,928,947,648,1103,,,2,6,2018,18,58,15,564.00,19.83,952.26,518.53
001,969,915,664,1099,,,2,6,2018,19,3,15,556.60,19.34,952.21,518.95
001,932,928,663,1024,,,2,6,2018,19,8,15,554.50,19.43,952.26,518.59
001,982,907,649,1125,,,2,6,2018,19,13,15,552.80,19.27,952.24,518.76
001,906,912,651,1024,,,2,6,2018,19,18,15,557.10,19.02,952.21,519.00
001,930,863,607,1023,,,2,6,2018,19,23,15,552.20,19.26,952.23,518.82
001,875,831,591,1024,,,2,6,2018,19,28,15,558.60,19.08,952.19,519.13
001,839,821,560,923,,,2,6,2018,19,33,15,553.20,19.02,952.26,518.56
001,800,793,557,906,,,2,6,2018,19,38,15,550.70,19.16,952.15,519.50
001,829,783,567,883,,,2,6,2018,19,43,15,553.80,18.93,952.08,520.14
001,826,785,540,933,,,2,6,2018,19,48,15,555.60,18.80,952.11,519.86
001,664,655,470,763,,,2,6,2018,19,53,15,553.70,18.48,952.04,520.50
001,642,613,438,760,,,2,6,2018,19,58,15,556.90,18.05,952.19,519.20
001,617,566,407,625,,,2,6,2018,20,3,15,557.00,18.11,952.10,519.97
001,516,495,343,533,,,2,6,2018,20,8,15,552.60,18.19,952.13,519.71
001,449,423,328,487,,,2,6,2018,20,13,15,546.40,18.11,952.06,520.34
001,404,404,300,437,,,2,6,2018,20,18,15,550.90,17.87,952.17,519.39
001,376,371,255,369,,,2,6,2018,20,23,15,551.60,17.61,952.02,520.68
001,308,325,212,278,,,2,6,2018,20,28,15,546.90,17.37,952.09,520.01
001,261,288,175,244,,,2,6,2018,20,33,15,552.60,17.18,952.10,519.93
001,216,220,144,200,,,2,6,2018,20,38,15,552.40,16.83,952.18,519.23
001,195,212,128,189,,,2,6,2018,20,43,15,550.70,16.34,952.22,518.94
001,174,169,105,174,,,2,6,2018,20,48,15,551.80,15.79,952.27,518.51
001,113,133,76,164,,,2,6,2018,20,53,15,548.60,15.23,952.24,518.77
001,19,29,18,34,,,3,6,2018,12,33,15,549.90,6.41,957.74,470.67
001,19,34,21,35,,,3,6,2018,12,38,15,552.90,6.51,957.90,469.32
001,37,53,27,49,,,3,6,2018,12,43,15,551.50,6.84,957.88,469.50
001,21,32,17,36,,,3,6,2018,12,48,15,556.10,6.68,957.98,468.60
001,46,54,32,60,,,3,6,2018,12,53,15,556.20,6.56,958.03,468.20
001,113,99,73,124,,,3,6,2018,12,58,15,556.30,7.09,958.08,467.75
001,110,119,75,152,,,3,6,2018,13,3,15,556.30,7.79,958.13,467.28
001,218,201,148,171,,,3,6,2018,13,8,15,558.70,8.31,958.15,467.16
001,195,191,129,192,,,3,6,2018,13,13,15,562.50,8.91,958.17,466.98
001,262,237,178,240,,,3,6,2018,13,18,15,540.80,9.11,958.16,467.04
001,319,306,203,308,,,3,6,2018,13,23,15,551.80,9.00,958.20,466.67
001,413,406,277,424,,,3,6,2018,13,28,15,547.20,8.82,958.26,466.16
001,482,462,293,520,,,3,6,2018,13,33,15,551.10,9.72,958.35,465.37
001,504,469,359,493,,,3,6,2018,13,38,15,561.40,10.49,958.46,464.42
001,583,536,363,592,,,3,6,2018,13,43,15,557.80,10.13,958.46,464.43
001,640,623,434,687,,,3,6,2018,13,48,15,560.60,10.33,958.55,463.59
001,739,747,491,864,,,3,6,2018,13,53,15,559.70,11.58,958.50,464.05
001,770,741,499,831,,,3,6,2018,13,58,15,549.60,11.34,958.66,462.66
001,702,695,446,767,,,3,6,2018,14,3,15,552.70,11.68,958.68,462.47
001,729,667,443,807,,,3,6,2018,14,8,15,556.80,12.37,958.80,461.43
001,827,815,540,912,,,3,6,2018,14,13,15,553.20,11.98,958.80,461.45
001,823,800,544,939,,,3,6,2018,14,18,15,548.20,12.08,958.89,460.70
001,927,895,608,1039,,,3,6,2018,14,23,15,556.40,12.80,958.81,461.36
001,960,927,637,1069,,,3,6,2018,14,28,15,557.50,13.43,958.94,460.21
001,955,867,618,1027,,,3,6,2018,14,33,15,559.50,13.30,958.92,460.45
001,978,864,601,1060,,,3,6,2018,14,38,15,556.60,12.90,958.86,460.90
001,1015,1000,692,1165,,,3,6,2018,14,43,15,563.20,13.09,958.93,460.36
001,991,967,640,1107,,,3,6,2018,14,48,15,561.20,13.43,958.95,460.18
001,968,991,669,1119,,,3,6,2018,14,53,15,565.50,12.85,959.09,458.91
001,1016,1040,695,1151,,,3,6,2018,14,58,15,577.80,13.42,959.05,459.28
001,1087,1072,731,1216,,,3,6,2018,15,3,15,567.80,13.13,959.11,458.80
001,1169,1117,773,1327,,,3,6,2018,15,8,15,560.40,13.57,959.05,459.26
001,1181,1119,815,1259,,,3,6,2018,15,13,15,574.20,14.40,959.12,458.71
001,1205,1152,788,1408,,,3,6,2018,15,18,15,570.90,14.53,959.19,458.09
001,1127,1056,744,1376,,,3,6,2018,15,23,15,557.80,13.80,959.29,457.22
001,1240,1189,859,1424,,,3,6,2018,15,28,15,550.60,13.48,959.27,457.34
001,1215,1201,815,1430,,,3,6,2018,15,33,15,553.80,13.77,959.27,457.41
001,1303,1296,837,1564,,,3,6,2018,15,38,15,557.10,13.32,959.29,457.21
001,1168,1143,815,1327,,,3,6,2018,15,43,15,557.30,12.79,959.29,457.19
001,1083,1031,733,1275,,,3,6,2018,15,48,15,555.40,13.55,959.13,458.54
001,1247,1197,839,1359,,,3,6,2018,15,53,15,558.00,13.80,959.22,457.84
001,1152,1150,767,1333,,,3,6,2018,15,58,15,562.90,14.01,959.26,457.48
001,1007,1040,694,1151,,,3,6,2018,16,3,15,565.00,14.31,959.22,457.83
001,1152,1063,783,1280,,,3,6,2018,16,8,15,562.20,14.91,959.23,457.69
001,1099,1069,748,1280,,,3,6,2018,16,13,15,557.10,16.09,959.13,458.63
001,1199,1195,816,1340,,,3,6,2018,16,18,15,570.50,16.34,959.07,459.11
001,1343,1224,864,1471,,,3,6,2018,16,23,15,558.30,17.43,958.99,459.80
001,1363,1215,886,1527,,,3,6,2018,16,28,15,563.60,16.91,959.00,459.70
001,1261,1216,891,1469,,,3,6,2018,16,33,15,556.20,15.46,958.88,460.74
001,1143,1096,783,1288,,,3,6,2018,16,38,15,560.60,16.63,958.83,461.24
001,1198,1207,831,1399,,,3,6,2018,16,43,15,557.90,17.92,958.81,461.36
001,1343,1255,864,1439,,,3,6,2018,16,48,15,553.60,18.07,958.75,461.89
001,1311,1275,840,1455,,,3,6,2018,16,53,15,552.60,17.93,958.73,462.06
001,1315,1247,880,1472,,,3,6,2018,16,58,15,552.60,17.84,958.71,462.28
001,1167,1184,795,1423,,,3,6,2018,17,3,15,550.40,17.39,958.69,462.44
001,1327,1216,863,1432,,,3,6,2018,17,8,15,553.40,17.67,958.62,463.05
001,1248,1167,845,1444,,,3,6,2018,17,13,15,560.10,16.81,958.69,462.41
001,1263,1275,855,1454,,,3,6,2018,17,18,15,557.80,17.78,958.63,462.92
001,1334,1255,892,1536,,,3,6,2018,17,23,15,549.60,17.16,958.59,463.27
001,1327,1322,866,1639,,,3,6,2018,17,28,15,557.50,18.00,958.47,464.37
001,1346,1295,947,1562,,,3,6,2018,17,33,15,550.90,17.02,958.49,464.14
001,1391,1339,946,1751,,,3,6,2018,17,38,15,552.60,16.95,958.46,464.46
001,1335,1399,933,1568,,,3,6,2018,17,43,15,554.40,18.60,958.26,466.14
001,1360,1376,939,1615,,,3,6,2018,17,48,15,547.10,18.16,958.29,465.94
001,1323,1291,891,1566,,,3,6,2018,17,53,15,544.30,19.13,958.25,466.23
001,1356,1328,943,1536,,,3,6,2018,17,58,15,542.70,19.64,958.08,467.72
001,1384,1264,904,1663,,,3,6,2018,18,3,15,537.10,19.74,958.13,467.26
001,1279,1263,842,1503,,,3,6,2018,18,8,15,558.50,20.21,958.11,467.43
001,1318,1247,886,1503,,,3,6,2018,18,13,15,555.30,19.71,958.15,467.09
001,1180,1207,835,1375,,,3,6,2018,18,18,15,557.30,20.20,958.10,467.55
001,1167,1129,831,1279,,,3,6,2018,18,23,15,561.70,20.35,958.09,467.65
001,1280,1184,816,1392,,,3,6,2018,18,28,15,556.30,20.26,958.08,467.73
001,1236,1159,841,1392,,,3,6,2018,18,33,15,557.50,19.29,958.12,467.42
001,1136,1097,751,1279,,,3,6,2018,18,38,15,563.60,19.17,958.15,467.14
001,1135,1152,768,1289,,,3,6,2018,18,43,15,561.10,20.09,958.18,466.83
001,1135,1023,762,1220,,,3,6,2018,18,48,15,554.90,20.39,958.12,467.37
001,889,831,604,1045,,,3,6,2018,18,53,15,547.30,20.94,958.14,467.22
001,967,912,624,1022,,,3,6,2018,18,58,15,552.60,19.86,958.17,466.92
001,1047,1055,736,1238,,,3,6,2018,19,3,15,565.10,18.61,958.22,466.47
001,1071,1032,715,1180,,,3,6,2018,19,8,15,557.70,18.27,958.14,467.24
001,975,943,648,1038,,,3,6,2018,19,13,15,554.40,17.91,958.19,466.74
001,901,872,576,976,,,3,6,2018,19,18,15,560.30,17.99,958.15,467.11
001,871,863,579,1021,,,3,6,2018,19,23,15,552.80,18.40,958.14,467.21
001,886,872,585,1027,,,3,6,2018,19,28,15,557.30,18.57,958.12,467.42
001,825,844,568,963,,,3,6,2018,19,33,15,554.20,18.50,958.07,467.86
001,900,780,559,959,,,3,6,2018,19,38,15,555.20,18.72,958.09,467.67
001,895,864,640,1023,,,3,6,2018,19,43,15,555.60,18.89,958.01,468.34
001,925,868,591,992,,,3,6,2018,19,48,15,553.60,19.08,958.08,467.72
001,879,855,616,1004,,,3,6,2018,19,53,15,554.10,19.11,958.09,467.68
001,608,576,419,694,,,3,6,2018,19,58,15,556.80,18.91,958.01,468.33
001,495,460,343,511,,,3,6,2018,20,3,15,558.40,18.17,958.06,467.89
001,464,447,318,538,,,3,6,2018,20,8,15,555.20,17.59,958.22,466.48
001,506,499,340,542,,,3,6,2018,20,13,15,552.00,17.60,958.17,466.91
001,383,391,294,425,,,3,6,2018,20,18,15,552.40,17.14,958.26,466.13
001,391,388,263,391,,,3,6,2018,20,23,15,551.30,17.15,958.23,466.46
001,339,334,232,361,,,3,6,2018,20,28,15,551.30,16.44,958.36,465.31
001,295,281,198,360,,,3,6,2018,20,33,15,549.20,15.98,958.34,465.46
001,276,261,184,257,,,3,6,2018,20,38,15,548.00,15.89,958.50,464.05
001,222,217,157,231,,,3,6,2018,20,43,15,550.10,15.37,958.52,463.93
001,159,183,120,165,,,3,6,2018,20,48,15,552.60,14.98,958.48,464.28
001,108,120,82,158,,,3,6,2018,20,53,15,556.00,14.99,958.56,463.57
001,18,40,19,36,,,4,6,2018,12,33,15,554.90,4.25,960.60,445.82
001,20,53,21,32,,,4,6,2018,12,38,15,555.20,4.59,960.49,446.79
001,24,34,20,38,,,4,6,2018,12,43,15,561.80,4.71,960.29,448.52
001,25,42,19,35,,,4,6,2018,12,48,15,560.00,4.89,960.24,448.96
001,27,47,19,36,,,4,6,2018,12,53,15,557.60,4.88,960.19,449.39
001,21,66,19,31,,,4,6,2018,12,58,15,552.50,5.06,960.09,450.22
001,18,36,19,36,,,4,6,2018,13,3,15,556.50,5.05,960.17,449.57
001,25,36,20,32,,,4,6,2018,13,8,15,554.60,5.17,960.16,449.63
001,22,56,19,37,,,4,6,2018,13,13,15,563.70,5.30,960.08,450.32
001,21,39,21,34,,,4,6,2018,13,18,15,568.10,5.46,960.05,450.57
001,19,33,17,41,,,4,6,2018,13,23,15,565.80,6.16,960.03,450.72
001,23,70,24,28,,,4,6,2018,13,28,15,559.10,6.51,959.83,452.46
001,40,75,28,64,,,4,6,2018,13,33,15,565.40,6.79,959.90,451.86
001,20,39,19,32,,,4,6,2018,13,38,15,556.50,6.75,959.75,453.16
001,21,41,21,35,,,4,6,2018,13,43,15,555.80,6.65,959.62,454.29
001,22,40,18,35,,,4,6,2018,13,48,15,558.20,7.00,959.86,452.21
001,27,47,20,30,,,4,6,2018,13,53,15,560.10,7.40,960.01,450.91
001,18,39,21,29,,,4,6,2018,13,58,15,557.10,7.05,959.69,453.76
001,19,42,21,33,,,4,6,2018,14,3,15,552.10,6.72,959.69,453.69
001,19,43,17,32,,,4,6,2018,14,8,15,550.00,6.61,959.65,454.07
001,71,68,41,61,,,4,6,2018,14,13,15,550.50,6.78,959.64,454.16
001,24,38,17,31,,,4,6,2018,14,18,15,544.60,6.97,959.64,454.14
001,17,34,16,33,,,4,6,2018,14,23,15,551.80,7.21,959.62,454.34
001,62,63,42,74,,,4,6,2018,14,28,15,558.20,7.80,959.79,452.80
001,26,53,19,46,,,4,6,2018,14,33,15,560.90,8.10,959.38,456.42
001,90,93,57,100,,,4,6,2018,14,38,15,559.30,8.53,959.37,456.53
001,20,64,20,27,,,4,6,2018,14,43,15,560.30,8.66,959.56,454.85
001,25,72,20,32,,,4,6,2018,14,48,15,550.20,8.72,959.73,453.35
001,18,51,20,42,,,4,6,2018,14,53,15,556.60,8.77,959.61,454.37
001,16,61,21,40,,,4,6,2018,14,58,15,561.00,8.93,959.64,454.17
001,17,52,16,30,,,4,6,2018,15,3,15,558.30,9.02,959.51,455.32
001,17,41,17,32,,,4,6,2018,15,8,15,552.30,8.82,959.50,455.37
001,16,33,16,32,,,4,6,2018,15,13,15,557.10,9.14,959.59,454.56
001,21,37,18,32,,,4,6,2018,15,18,15,557.90,9.05,959.62,454.30
001,16,36,16,33,,,4,6,2018,15,23,15,557.70,8.64,959.63,454.26
001,21,47,21,35,,,4,6,2018,15,28,15,552.30,8.46,959.52,455.23
001,19,35,22,34,,,4,6,2018,15,33,15,553.60,8.31,959.59,454.58
001,18,41,17,47,,,4,6,2018,15,38,15,555.20,8.31,959.72,453.45
001,20,71,18,44,,,4,6,2018,15,43,15,557.00,8.19,959.78,452.95
001,21,50,18,34,,,4,6,2018,15,48,15,560.20,8.07,959.66,453.93
001,19,39,17,50,,,4,6,2018,15,53,15,555.10,8.67,959.63,454.23
001,18,46,23,38,,,4,6,2018,15,58,15,562.00,9.14,959.65,454.05
001,21,42,18,34,,,4,6,2018,16,3,15,556.40,9.18,959.66,453.94
001,21,46,19,42,,,4,6,2018,16,8,15,553.10,9.34,959.83,452.52
001,18,38,19,33,,,4,6,2018,16,13,15,559.30,9.18,959.86,452.26
001,18,49,20,31,,,4,6,2018,16,18,15,558.70,9.58,959.80,452.72
001,17,38,17,36,,,4,6,2018,16,23,15,549.60,9.81,959.68,453.76
001,18,34,20,39,,,4,6,2018,16,28,15,550.80,10.01,959.65,454.03
001,17,34,19,31,,,4,6,2018,16,33,15,544.20,10.35,959.57,454.78
001,17,33,17,47,,,4,6,2018,16,38,15,560.60,10.21,959.42,456.02
001,18,36,18,34,,,4,6,2018,16,43,15,555.20,10.20,959.38,456.39
001,18,36,18,37,,,4,6,2018,16,48,15,548.00,9.93,959.35,456.63
001,16,30,15,42,,,4,6,2018,16,53,15,552.00,10.44,959.24,457.59
001,22,38,19,32,,,4,6,2018,16,58,15,550.90,10.92,959.16,458.29
001,19,33,17,39,,,4,6,2018,17,3,15,550.50,10.92,959.12,458.70
001,18,36,19,39,,,4,6,2018,17,8,15,552.80,10.96,959.00,459.69
001,22,42,24,38,,,4,6,2018,17,13,15,551.70,10.90,958.86,460.93
001,21,31,20,47,,,4,6,2018,17,18,15,547.30,11.16,958.87,460.86
001,19,37,19,33,,,4,6,2018,17,23,15,551.90,11.52,958.85,461.00
001,19,42,18,36,,,4,6,2018,17,28,15,548.10,11.95,958.82,461.27
001,21,34,24,36,,,4,6,2018,17,33,15,550.60,11.91,958.88,460.76
001,20,67,16,43,,,4,6,2018,17,38,15,551.40,11.71,959.01,459.62
001,18,40,20,35,,,4,6,2018,17,43,15,551.30,11.22,959.00,459.70
001,17,45,17,35,,,4,6,2018,17,48,15,553.00,11.18,958.97,460.01
001,20,37,18,35,,,4,6,2018,17,53,15,545.60,10.93,958.83,461.19
001,19,40,16,42,,,4,6,2018,17,58,15,547.00,11.14,958.70,462.36
001,20,40,21,36,,,4,6,2018,18,3,15,548.90,11.22,958.70,462.32
001,52,49,28,31,,,4,6,2018,18,8,15,542.80,11.18,958.68,462.54
001,57,59,36,54,,,4,6,2018,18,13,15,556.90,11.34,958.80,461.49
001,20,42,17,33,,,4,6,2018,18,18,15,554.30,11.32,958.79,461.55
001,18,44,19,42,,,4,6,2018,18,23,15,561.00,11.18,958.78,461.61
001,22,45,17,35,,,4,6,2018,18,28,15,553.70,11.07,958.43,464.70
001,17,37,18,37,,,4,6,2018,18,33,15,552.40,11.19,958.24,466.32
001,22,38,16,37,,,4,6,2018,18,38,15,551.60,11.42,958.42,464.77
001,18,35,18,37,,,4,6,2018,18,43,15,558.40,11.90,958.70,462.37
001,23,44,20,33,,,4,6,2018,18,48,15,544.70,12.11,958.66,462.64
001,132,116,70,147,,,4,6,2018,18,53,15,546.80,12.40,958.70,462.35
001,70,98,54,38,,,4,6,2018,18,58,15,556.20,12.30,958.74,462.02
001,19,38,18,29,,,4,6,2018,19,3,15,558.90,12.27,958.63,462.90
001,21,38,17,32,,,4,6,2018,19,8,15,550.70,12.67,958.74,461.94
001,20,35,16,40,,,4,6,2018,19,13,15,557.70,12.52,958.89,460.68
001,20,48,18,38,,,4,6,2018,19,18,15,554.10,12.57,958.94,460.23
001,55,113,32,42,,,4,6,2018,19,23,15,556.50,12.76,959.12,458.63
001,433,438,273,481,,,4,6,2018,19,28,15,553.40,12.82,959.20,457.98
001,415,378,261,393,,,4,6,2018,19,33,15,556.70,13.67,959.02,459.59
001,18,35,19,43,,,4,6,2018,19,38,15,554.40,13.42,959.19,458.08
001,19,44,17,44,,,4,6,2018,19,43,15,549.90,13.02,959.28,457.30
001,30,48,21,40,,,4,6,2018,19,48,15,556.90,12.81,959.46,455.76
001,8,10,9,8,,,6,6,2018,13,28,37,654.40,12.99,946.86,565.96
001,4095,4095,4095,4095,,,6,6,2018,13,32,41,642.40,14.37,946.89,565.64
001,1332,1279,837,1535,,,6,6,2018,13,38,17,641.50,15.66,946.81,566.34
001,1408,1415,867,1650,,,6,6,2018,13,43,17,637.10,16.70,946.79,566.55
001,1471,1409,920,1712,,,6,6,2018,13,48,17,635.80,17.93,946.72,567.22
001,1536,1487,943,1775,,,6,6,2018,13,53,17,639.60,18.45,946.63,567.93
001,1503,1472,929,1792,,,6,6,2018,13,58,17,637.80,19.10,946.64,567.89
001,1664,1604,1024,1885,,,6,6,2018,14,3,17,635.00,19.61,946.59,568.33
001,1616,1607,1007,1915,,,6,6,2018,14,8,17,638.40,19.76,946.70,567.38
001,1685,1568,1024,1951,,,6,6,2018,14,13,17,637.70,20.36,946.72,567.20
001,1719,1571,1055,1967,,,6,6,2018,14,18,17,632.30,20.36,946.85,566.01
001,1663,1655,1023,1935,,,6,6,2018,14,23,17,635.80,20.33,946.92,565.45
001,1701,1625,1062,1935,,,6,6,2018,14,28,17,634.20,20.91,946.95,565.19
001,1615,1628,1024,1975,,,6,6,2018,14,33,17,635.50,20.29,947.03,564.48
001,1616,1599,1076,1927,,,6,6,2018,14,38,17,628.60,20.77,946.93,565.35
001,1791,1659,1072,1976,,,6,6,2018,14,43,17,629.40,20.86,947.06,564.22
001,1792,1716,1143,2112,,,6,6,2018,14,48,17,630.00,21.53,946.90,565.61
001,1760,1580,1063,1791,,,6,6,2018,14,53,17,630.40,21.69,946.95,565.11
001,1439,1343,896,1535,,,6,6,2018,14,58,17,629.30,21.73,946.88,565.78
001,1136,1152,719,1279,,,6,6,2018,15,3,17,630.10,21.53,946.75,566.88
001,1536,1359,968,1767,,,6,6,2018,15,8,17,628.10,21.46,946.63,567.95
001,1655,1618,1055,1920,,,6,6,2018,15,13,17,630.50,21.93,946.78,566.69
001,1695,1663,1049,1976,,,6,6,2018,15,18,17,631.50,22.57,946.59,568.34
001,1340,1471,832,1791,,,6,6,2018,15,23,17,631.30,23.86,946.53,568.89
001,1115,1068,640,1200,,,6,6,2018,15,28,17,631.90,23.86,946.57,568.51
001,1403,1391,919,1824,,,6,6,2018,15,33,17,634.40,23.19,946.51,569.06
001,1724,1663,1127,2126,,,6,6,2018,15,38,17,636.20,23.67,946.59,568.33
001,1738,1536,1040,1994,,,6,6,2018,15,43,17,637.70,24.77,946.65,567.77
001,1216,1247,863,1567,,,6,6,2018,15,48,17,638.90,24.16,946.66,567.70
001,1663,1631,1112,2048,,,6,6,2018,15,53,17,641.90,23.27,946.63,567.93
001,1887,1814,1216,2176,,,6,6,2018,15,58,17,640.00,24.43,946.63,567.96
001,1839,1805,1191,2240,,,6,6,2018,16,3,17,633.30,25.20,946.59,568.29
001,1824,1824,1135,2175,,,6,6,2018,16,8,17,633.90,26.01,946.41,569.94
001,1792,1802,1208,2161,,,6,6,2018,16,13,17,634.60,26.25,946.28,571.07
001,1951,1847,1230,2239,,,6,6,2018,16,18,17,635.10,26.34,946.16,572.11
001,2059,1919,1256,2336,,,6,6,2018,16,23,17,634.50,25.84,946.17,572.03
001,1983,1911,1304,2230,,,6,6,2018,16,28,17,630.30,26.12,946.11,572.57
001,2007,1920,1299,2335,,,6,6,2018,16,33,17,623.00,26.24,945.95,573.95
001,1967,1903,1325,2271,,,6,6,2018,16,38,17,630.90,25.21,945.91,574.28
001,1909,1895,1280,2303,,,6,6,2018,16,43,17,626.50,25.70,945.90,574.41
001,1872,1888,1245,2271,,,6,6,2018,16,48,17,630.20,26.04,945.76,575.66
001,1997,1984,1213,2320,,,6,6,2018,16,53,17,625.40,25.86,945.71,576.07
001,1803,1824,1128,2237,,,6,6,2018,16,58,17,627.80,26.42,945.65,576.63
001,1919,1779,1236,2198,,,6,6,2018,17,3,17,630.90,26.75,945.78,575.44
001,1775,1795,1200,2150,,,6,6,2018,17,8,17,628.40,27.20,945.67,576.41
001,1855,1839,1263,2240,,,6,6,2018,17,13,17,628.50,26.36,945.67,576.40
001,1919,1901,1263,2236,,,6,6,2018,17,18,17,634.80,26.22,945.60,577.05
001,1887,1744,1147,2175,,,6,6,2018,17,23,17,635.20,26.64,945.60,577.00
001,1839,1727,1207,2176,,,6,6,2018,17,28,17,637.80,26.18,945.49,577.99
001,1807,1728,1177,2048,,,6,6,2018,17,33,17,636.00,26.47,945.47,578.16
001,1728,1712,1200,2047,,,6,6,2018,17,38,17,629.30,26.60,945.47,578.18
001,1696,1650,1039,1921,,,6,6,2018,17,43,17,628.80,26.30,945.35,579.23
001,1760,1632,1087,2035,,,6,6,2018,17,48,17,626.50,25.48,945.31,579.55
001,1755,1694,1144,2047,,,6,6,2018,17,53,17,628.90,25.18,945.38,579.00
001,1623,1536,1064,1956,,,6,6,2018,17,58,17,626.20,25.34,945.37,579.10
001,1663,1615,1035,1943,,,6,6,2018,18,3,17,624.80,25.72,945.34,579.36
001,1575,1482,1016,1851,,,6,6,2018,18,8,17,627.20,26.21,945.39,578.87
001,1647,1655,1107,2040,,,6,6,2018,18,13,17,632.30,25.72,945.37,579.04
001,1791,1719,1088,2026,,,6,6,2018,18,18,17,629.20,24.70,945.35,579.19
001,1839,1801,1190,2171,,,6,6,2018,18,23,17,628.10,24.70,945.34,579.35
001,1743,1599,1111,1955,,,6,6,2018,18,28,17,628.90,24.28,945.13,581.15
001,1856,1743,1161,2063,,,6,6,2018,18,33,17,631.50,24.73,945.20,580.58
001,1727,1705,1144,1948,,,6,6,2018,18,38,17,636.10,24.94,945.12,581.22
001,1744,1647,1151,2007,,,6,6,2018,18,43,17,640.70,25.64,945.08,581.61
001,1703,1647,1087,2043,,,6,6,2018,18,48,17,639.80,26.03,944.97,582.62
001,1630,1623,1079,1999,,,6,6,2018,18,53,17,632.20,26.97,944.87,583.46
001,1632,1623,1062,1909,,,6,6,2018,18,58,17,630.00,27.69,944.90,583.20
001,1599,1556,1000,1800,,,6,6,2018,19,3,17,631.80,26.54,944.87,583.45
001,1551,1526,991,1791,,,6,6,2018,19,8,17,627.50,25.58,944.89,583.32
001,1424,1280,878,1710,,,6,6,2018,19,13,17,624.80,25.98,944.87,583.45
001,1253,1231,827,1540,,,6,6,2018,19,18,17,633.00,25.91,944.87,583.44
001,1279,1247,838,1528,,,6,6,2018,19,23,17,628.20,25.15,944.87,583.44
001,1168,1191,772,1365,,,6,6,2018,19,28,17,627.30,25.23,944.95,582.72
001,1195,1119,759,1376,,,6,6,2018,19,33,17,631.60,26.15,944.92,583.00
001,1063,1024,675,1191,,,6,6,2018,19,38,17,629.40,26.63,944.79,584.19
001,1023,979,672,1212,,,6,6,2018,19,43,17,627.80,26.57,944.79,584.18
001,927,928,612,1071,,,6,6,2018,19,48,17,627.60,26.39,944.76,584.44
001,904,876,575,992,,,6,6,2018,19,53,17,627.90,25.93,944.70,584.99
001,807,845,535,942,,,6,6,2018,19,58,17,626.80,25.25,944.81,583.95
001,790,736,497,843,,,6,6,2018,20,3,17,627.20,24.47,944.82,583.92
001,712,639,462,745,,,6,6,2018,20,8,17,627.50,24.03,944.85,583.60
001,632,614,391,713,,,6,6,2018,20,13,17,625.60,23.52,944.83,583.78
001,549,559,361,624,,,6,6,2018,20,18,17,626.30,23.26,944.70,584.92
001,519,508,336,515,,,6,6,2018,20,23,17,625.00,22.88,944.82,583.88
001,402,394,259,420,,,6,6,2018,20,28,17,631.90,22.58,944.76,584.47
001,375,383,245,360,,,6,6,2018,20,33,17,623.90,21.95,944.85,583.68
001,180,112,100,118,,,6,6,2018,20,38,17,630.40,21.85,944.95,582.72
001,19,30,18,35,,,6,6,2018,20,43,17,633.10,21.63,944.92,583.05
001,74,48,63,35,,,6,6,2018,20,48,17,623.90,20.93,944.83,583.79
001,19,27,18,37,,,6,6,2018,20,53,17,635.50,20.28,944.83,583.83
001,23,30,29,47,,,7,6,2018,12,38,17,631.80,3.77,945.92,574.24
001,20,29,23,40,,,7,6,2018,12,43,17,630.50,4.07,945.95,573.94
001,20,28,26,60,,,7,6,2018,12,48,17,635.40,4.54,945.87,574.69
001,24,29,27,43,,,7,6,2018,12,53,17,631.40,4.97,945.93,574.15
001,19,33,3840,50,,,7,6,2018,12,58,17,633.70,5.27,946.04,573.13
001,17,27,27,38,,,7,6,2018,13,3,17,641.20,5.68,945.93,574.11
001,17,30,26,39,,,7,6,2018,13,8,17,637.30,6.00,945.79,575.32
001,18,26,24,48,,,7,6,2018,13,13,17,642.20,6.95,945.80,575.24
001,16,26,23,33,,,7,6,2018,13,18,17,640.60,9.32,945.77,575.55
001,18,28,20,35,,,7,6,2018,13,23,17,643.80,11.33,945.67,576.43
001,20,26,24,41,,,7,6,2018,13,28,17,641.80,12.63,945.63,576.79
001,18,26,25,37,,,7,6,2018,13,33,17,634.90,13.27,945.55,577.48
001,19,26,23,45,,,7,6,2018,13,38,17,631.50,14.09,945.48,578.13
001,18,28,22,38,,,7,6,2018,13,43,17,634.30,15.18,945.35,579.23
001,18,25,20,34,,,7,6,2018,13,48,17,637.20,15.49,945.37,579.06
001,19,26,20,34,,,7,6,2018,13,53,17,638.30,16.11,945.47,578.18
001,18,28,19,40,,,7,6,2018,13,58,17,636.80,17.20,945.29,579.74
001,19,24,18,35,,,7,6,2018,14,3,17,622.40,17.30,945.36,579.15
001,20,31,21,41,,,7,6,2018,14,8,17,624.80,17.31,945.25,580.13
001,20,26,20,37,,,7,6,2018,14,13,17,625.10,17.25,945.45,578.31
001,1664,1687,1056,2000,,,7,6,2018,14,18,17,636.00,18.21,945.38,579.01
001,18,27,18,36,,,7,6,2018,14,23,17,636.80,18.65,945.31,579.55
001,20,28,21,36,,,7,6,2018,14,28,17,636.70,19.52,945.52,577.76
001,19,28,20,35,,,7,6,2018,14,33,17,631.30,20.03,945.46,578.30
001,20,29,20,40,,,7,6,2018,14,38,17,636.90,21.01,945.57,577.29
001,19,26,19,40,,,7,6,2018,14,43,17,638.30,21.66,945.53,577.65
001,19,24,19,37,,,7,6,2018,14,48,17,637.20,21.82,945.54,577.57
001,18,27,18,34,,,7,6,2018,14,53,17,635.10,22.66,945.51,577.79
001,18,27,18,40,,,7,6,2018,14,58,17,635.00,22.91,945.58,577.17
001,19,27,18,39,,,7,6,2018,15,3,17,634.80,23.67,945.59,577.08
001,20,27,20,35,,,7,6,2018,15,8,17,636.60,24.55,945.60,577.06
001,18,27,18,36,,,7,6,2018,15,13,17,636.20,25.41,945.63,576.74
001,18,25,19,35,,,7,6,2018,15,18,17,634.70,25.35,945.74,575.80
001,17,24,17,35,,,7,6,2018,15,23,17,630.80,25.03,945.81,575.20
001,19,23,18,33,,,7,6,2018,15,28,17,635.60,23.91,945.80,575.25
001,19,26,19,36,,,7,6,2018,15,33,17,635.20,22.79,945.80,575.29
001,19,25,19,38,,,7,6,2018,15,38,17,634.60,22.88,945.72,575.96
001,19,32,19,39,,,7,6,2018,15,43,17,631.90,22.69,945.73,575.87
001,17,25,17,34,,,7,6,2018,15,48,17,632.20,22.36,945.60,577.03
001,18,28,19,36,,,7,6,2018,15,53,17,632.60,22.19,945.68,576.37
001,20,25,20,48,,,7,6,2018,15,58,17,633.40,22.47,945.61,576.92
001,20,25,19,34,,,7,6,2018,16,3,17,633.00,23.20,945.54,577.53
001,18,26,17,43,,,7,6,2018,16,8,17,631.60,23.76,945.52,577.73
001,21,27,21,35,,,7,6,2018,16,13,17,632.90,24.88,945.41,578.67
001,18,23,18,38,,,7,6,2018,16,18,17,633.20,26.25,945.31,579.62
001,20,30,20,39,,,7,6,2018,16,23,17,635.80,25.85,945.29,579.78
001,18,24,19,36,,,7,6,2018,16,28,17,636.90,25.98,945.14,581.11
001,18,23,17,34,,,7,6,2018,16,33,17,635.50,26.33,945.13,581.21
001,20,27,20,35,,,7,6,2018,16,38,17,636.30,25.50,945.12,581.24
001,18,25,18,34,,,7,6,2018,16,43,17,635.50,25.47,945.04,581.99
001,20,30,20,36,,,7,6,2018,16,48,17,634.70,26.34,944.93,582.94
001,21,29,20,34,,,7,6,2018,16,53,17,632.10,27.37,944.82,583.86
001,19,28,19,35,,,7,6,2018,16,58,17,630.40,28.03,944.76,584.42
001,17,21,18,34,,,7,6,2018,17,3,17,635.10,28.46,944.75,584.56
001,17,22,18,33,,,7,6,2018,17,8,17,639.20,28.31,944.81,584.00
001,18,25,18,40,,,7,6,2018,17,13,17,632.10,29.45,944.57,586.12
001,19,25,19,33,,,7,6,2018,17,18,17,631.90,29.22,944.55,586.29
001,4094,22,4095,3072,,,7,6,2018,17,23,17,634.60,28.56,944.53,586.46
001,17,21,17,37,,,7,6,2018,17,28,17,631.70,28.71,944.64,585.52
001,20,28,20,34,,,7,6,2018,17,33,17,632.50,28.96,944.58,586.04
001,18,25,17,36,,,7,6,2018,17,38,17,634.70,28.00,944.38,587.82
001,20,29,19,34,,,7,6,2018,17,43,17,630.20,27.49,944.20,589.32
001,20,27,18,32,,,7,6,2018,17,48,17,627.50,25.45,944.50,586.72
001,18,24,17,34,,,7,6,2018,17,53,17,630.10,26.05,944.36,587.93
001,19,21,19,33,,,7,6,2018,17,58,17,629.90,26.28,944.26,588.87
001,19,24,19,36,,,7,6,2018,18,3,17,629.50,24.34,944.48,586.94
001,18,26,17,35,,,7,6,2018,18,8,17,631.70,23.45,944.56,586.17
001,17,27,17,35,,,7,6,2018,18,13,17,637.40,23.36,944.63,585.55
001,18,23,18,36,,,7,6,2018,18,18,17,629.60,23.18,944.68,585.17
001,17,23,17,36,,,7,6,2018,18,23,17,632.90,24.23,944.61,585.74
001,4095,4064,19,3584,,,7,6,2018,18,28,17,637.70,24.35,944.65,585.41
001,18,27,18,34,,,7,6,2018,18,33,17,629.90,25.17,944.68,585.09
001,18,24,17,33,,,7,6,2018,18,38,17,631.50,25.27,944.61,585.71
001,17,25,17,32,,,7,6,2018,18,43,17,631.20,26.68,944.53,586.46
001,20,28,19,38,,,7,6,2018,18,48,17,630.20,27.80,944.53,586.48
001,20,28,19,38,,,7,6,2018,18,53,17,633.50,28.00,944.42,587.44
001,20,26,20,32,,,7,6,2018,18,58,17,631.40,28.01,944.49,586.83
001,20,31,19,32,,,7,6,2018,19,3,17,628.10,27.64,944.48,586.89
001,20,22,18,34,,,7,6,2018,19,8,17,630.50,27.71,944.69,585.04
001,20,29,19,35,,,7,6,2018,19,13,17,633.10,27.50,944.74,584.63
001,19,31,19,32,,,7,6,2018,19,18,17,633.50,26.55,944.81,584.02
001,19,27,20,35,,,7,6,2018,19,23,17,631.20,27.46,944.65,585.43
001,18,25,18,37,,,7,6,2018,19,28,17,632.40,28.42,944.40,587.58
001,17,20,17,32,,,7,6,2018,19,33,17,629.50,28.68,944.42,587.45
001,19,27,19,35,,,7,6,2018,19,38,17,632.20,28.67,944.42,587.43
001,19,27,19,37,,,7,6,2018,19,43,17,629.20,28.94,944.39,587.70
001,19,27,19,37,,,7,6,2018,19,48,17,633.70,29.27,944.37,587.85
001,20,27,20,36,,,7,6,2018,19,53,17,627.30,29.40,944.34,588.13
001,19,26,18,33,,,7,6,2018,19,58,17,625.10,28.71,944.31,588.39
001,20,26,19,36,,,7,6,2018,20,3,17,630.40,28.29,944.38,587.77
001,19,27,18,32,,,7,6,2018,20,8,17,625.30,28.17,944.45,587.13
001,20,25,19,37,,,7,6,2018,20,13,17,623.10,27.39,944.43,587.30
001,18,26,17,34,,,7,6,2018,20,18,17,629.00,26.77,944.48,586.89
001,19,26,18,32,,,7,6,2018,20,23,17,630.50,26.24,944.45,587.15
001,18,26,18,35,,,7,6,2018,20,28,17,625.70,25.62,944.52,586.53
001,19,26,17,33,,,7,6,2018,20,33,17,624.80,24.61,944.49,586.80
001,19,27,18,31,,,7,6,2018,20,38,17,627.60,23.99,944.69,585.01
001,186,150,125,155,,,7,6,2018,20,43,17,631.00,23.61,944.83,583.81
001,19,32,18,33,,,7,6,2018,20,48,17,636.30,22.99,944.74,584.63
001,19,25,18,35,,,7,6,2018,20,53,17,633.60,22.37,944.77,584.30
001,8,9,8,7,,,12,6,2018,12,25,27,,8.55,963.23,422.95
001,264,256,180,265,,,12,6,2018,12,38,20,559.50,6.00,963.39,421.54
001,337,346,211,336,,,12,6,2018,12,43,20,549.80,6.02,963.45,421.09
001,377,368,246,409,,,12,6,2018,12,48,20,557.50,6.17,963.49,420.68
001,461,435,306,457,,,12,6,2018,12,53,20,557.50,6.52,963.36,421.80
001,555,547,379,592,,,12,6,2018,12,58,20,561.00,7.06,963.32,422.22
001,655,609,396,702,,,12,6,2018,13,3,20,558.30,7.67,963.32,422.15
001,734,660,456,767,,,12,6,2018,13,8,20,556.90,8.74,963.29,422.41
001,764,736,499,793,,,12,6,2018,13,13,20,554.60,9.06,963.35,421.94
001,850,789,542,926,,,12,6,2018,13,18,20,553.30,8.94,963.38,421.67
001,832,800,565,944,,,12,6,2018,13,23,20,551.40,8.90,963.41,421.42
001,869,856,583,1036,,,12,6,2018,13,28,20,563.00,9.34,963.30,422.35
001,992,960,648,1135,,,12,6,2018,13,33,20,560.10,9.71,963.25,422.82
001,1037,989,655,1148,,,12,6,2018,13,38,20,562.10,10.64,963.19,423.28
001,1059,1023,683,1167,,,12,6,2018,13,43,20,560.00,11.20,963.18,423.36
001,1064,1008,685,1184,,,12,6,2018,13,48,20,555.90,11.59,963.18,423.41
001,1143,1024,736,1274,,,12,6,2018,13,53,20,556.20,11.40,963.25,422.78
001,991,999,693,1184,,,12,6,2018,13,58,20,557.80,11.91,963.23,422.92
001,1131,1087,730,1245,,,12,6,2018,14,3,20,560.20,12.32,963.16,423.59
001,1119,1101,783,1364,,,12,6,2018,14,8,20,558.90,11.58,963.10,424.05
001,1094,1071,719,1263,,,12,6,2018,14,13,20,558.10,11.95,963.06,424.48
001,1279,1163,856,1488,,,12,6,2018,14,18,20,551.90,12.37,963.00,424.91
001,1280,1271,856,1437,,,12,6,2018,14,23,20,554.30,12.18,963.10,424.05
001,1384,1311,969,1540,,,12,6,2018,14,28,20,559.70,11.48,963.05,424.56
001,1443,1309,908,1565,,,12,6,2018,14,33,20,553.50,11.50,963.07,424.38
001,1535,1499,1005,1792,,,12,6,2018,14,38,20,555.60,12.18,963.07,424.37
001,1536,1600,1023,1903,,,12,6,2018,14,43,20,558.60,11.88,962.98,425.12
001,1595,1600,1092,1941,,,12,6,2018,14,48,20,554.00,11.68,963.06,424.40
001,1728,1623,1135,1989,,,12,6,2018,14,53,20,558.30,11.64,962.94,425.46
001,1664,1600,1075,2031,,,12,6,2018,14,58,20,558.80,12.73,962.94,425.51
001,1727,1719,1120,1947,,,12,6,2018,15,3,20,546.60,12.47,962.98,425.12
001,1743,1695,1171,2048,,,12,6,2018,15,8,20,555.50,12.89,962.93,425.53
001,1570,1545,1024,1961,,,12,6,2018,15,13,20,552.10,12.42,962.83,426.46
001,1717,1643,1119,2015,,,12,6,2018,15,18,20,556.40,12.19,962.81,426.60
001,1659,1640,1126,1924,,,12,6,2018,15,23,20,555.80,12.09,962.70,427.56
001,1576,1535,1024,1925,,,12,6,2018,15,28,20,559.50,12.68,962.70,427.52
001,1631,1564,1075,1900,,,12,6,2018,15,33,20,556.60,13.60,962.57,428.72
001,1568,1536,1055,1823,,,12,6,2018,15,38,20,555.20,13.89,962.47,429.57
001,1630,1612,1069,1864,,,12,6,2018,15,43,20,561.50,14.51,962.39,430.25
001,1576,1556,992,1823,,,12,6,2018,15,48,20,559.30,14.46,962.32,430.87
001,1600,1520,1057,1961,,,12,6,2018,15,53,20,551.90,14.37,962.25,431.48
001,1751,1568,1087,2016,,,12,6,2018,15,58,20,551.70,15.38,962.21,431.85
001,1635,1613,1140,1966,,,12,6,2018,16,3,20,553.50,14.80,962.15,432.33
001,1696,1588,1083,1961,,,12,6,2018,16,8,20,556.90,14.66,962.07,433.00
001,1670,1552,1055,1887,,,12,6,2018,16,13,20,551.40,14.76,961.94,434.16
001,1671,1614,1118,1951,,,12,6,2018,16,18,20,553.10,14.88,961.89,434.60
001,1676,1568,1071,1903,,,12,6,2018,16,23,20,551.10,15.01,961.86,434.84
001,1655,1615,1073,1984,,,12,6,2018,16,28,20,548.90,14.82,961.84,435.06
001,1663,1594,1072,1935,,,12,6,2018,16,33,20,552.30,14.86,961.76,435.76
001,1727,1631,1093,1936,,,12,6,2018,16,38,20,561.30,15.06,961.81,435.27
001,1695,1655,1123,2004,,,12,6,2018,16,43,20,556.10,15.79,961.66,436.56
001,1683,1648,1159,1983,,,12,6,2018,16,48,20,553.70,15.62,961.56,437.45
001,1664,1615,1101,1984,,,12,6,2018,16,53,20,554.30,15.98,961.52,437.81
001,1535,1504,1080,1824,,,12,6,2018,16,58,20,554.70,15.89,961.42,438.64
001,1655,1579,1077,1943,,,12,6,2018,17,3,20,561.80,15.66,961.44,438.49
001,1615,1552,1052,1856,,,12,6,2018,17,8,20,556.70,15.88,961.33,439.42
001,1576,1592,1024,1939,,,12,6,2018,17,13,20,563.00,14.92,961.26,440.03
001,1723,1621,1088,1954,,,12,6,2018,17,18,20,553.90,14.94,961.28,439.90
001,1536,1431,1023,1798,,,12,6,2018,17,23,20,556.20,15.25,961.17,440.81
001,1711,1632,1110,1951,,,12,6,2018,17,28,20,554.60,15.18,961.12,441.26
001,1615,1559,1086,1936,,,12,6,2018,17,33,20,552.90,16.02,961.00,442.36
001,1535,1439,1060,1783,,,12,6,2018,17,38,20,565.10,14.97,960.99,442.44
001,1476,1479,991,1727,,,12,6,2018,17,43,20,558.10,15.54,960.95,442.77
001,1526,1440,995,1800,,,12,6,2018,17,48,20,557.50,15.87,960.80,444.07
001,1519,1448,953,1743,,,12,6,2018,17,53,20,554.10,14.87,960.70,444.95
001,1529,1424,961,1751,,,12,6,2018,17,58,20,553.40,14.86,960.64,445.42
001,1495,1425,991,1719,,,12,6,2018,18,3,20,548.50,15.56,960.62,445.61
001,1376,1399,948,1639,,,12,6,2018,18,8,20,552.20,16.09,960.50,446.63
001,1408,1346,935,1608,,,12,6,2018,18,13,20,547.80,15.75,960.48,446.80
001,1247,1214,835,1551,,,12,6,2018,18,18,20,558.30,15.86,960.40,447.50
001,1308,1298,896,1475,,,12,6,2018,18,23,20,551.80,16.06,960.32,448.22
001,1308,1257,893,1536,,,12,6,2018,18,28,20,554.80,16.22,960.30,448.39
001,1375,1280,877,1663,,,12,6,2018,18,33,20,547.90,15.82,960.33,448.12
001,1350,1319,881,1552,,,12,6,2018,18,38,20,554.60,15.71,960.22,449.10
001,1360,1194,832,1528,,,12,6,2018,18,43,20,549.70,16.02,960.26,448.80
001,1375,1278,886,1567,,,12,6,2018,18,48,20,553.70,16.45,960.12,449.96
001,1302,1268,817,1577,,,12,6,2018,18,53,20,555.10,16.50,960.10,450.17
001,1248,1146,821,1401,,,12,6,2018,18,58,20,555.50,16.25,960.00,450.97
001,1280,1267,831,1486,,,12,6,2018,19,3,20,556.90,15.73,960.04,450.63
001,1244,1172,767,1399,,,12,6,2018,19,8,20,550.90,16.05,960.00,451.05
001,1274,1211,823,1445,,,12,6,2018,19,13,20,551.70,16.17,959.97,451.26
001,1280,1283,847,1440,,,12,6,2018,19,18,20,561.50,16.11,959.96,451.34
001,1303,1246,843,1447,,,12,6,2018,19,23,20,557.90,16.95,959.86,452.26
001,1302,1232,837,1504,,,12,6,2018,19,28,20,552.10,17.27,959.72,453.49
001,1248,1183,805,1421,,,12,6,2018,19,33,20,549.80,17.56,959.73,453.40
001,1110,1069,731,1280,,,12,6,2018,19,38,20,551.00,17.20,959.72,453.44
001,960,935,649,1115,,,12,6,2018,19,43,20,547.90,17.14,959.68,453.77
001,848,823,576,970,,,12,6,2018,19,48,20,550.50,17.11,959.64,454.11
001,772,736,512,843,,,12,6,2018,19,53,20,553.70,17.00,959.69,453.67
001,689,646,474,797,,,12,6,2018,19,58,20,547.70,17.00,959.61,454.37
001,575,587,379,627,,,12,6,2018,20,3,20,540.20,17.15,959.55,454.89
001,528,544,353,576,,,12,6,2018,20,8,20,539.60,16.47,959.51,455.31
001,495,471,327,543,,,12,6,2018,20,13,20,551.80,15.71,959.51,455.26
001,449,429,291,464,,,12,6,2018,20,18,20,558.30,15.22,959.47,455.62
001,427,447,282,456,,,12,6,2018,20,23,20,550.30,15.12,959.46,455.72
001,389,368,235,352,,,12,6,2018,20,28,20,556.00,14.93,959.50,455.34
001,345,331,217,319,,,12,6,2018,20,33,20,553.90,14.83,959.45,455.78
001,287,272,190,302,,,12,6,2018,20,38,20,572.30,14.40,959.36,456.58
001,262,271,181,232,,,12,6,2018,20,43,20,558.60,14.25,959.37,456.50
001,223,217,152,198,,,12,6,2018,20,48,20,550.70,14.19,959.36,456.62
001,181,171,116,172,,,12,6,2018,20,53,20,554.00,13.59,959.37,456.54
001,7,8,7,6,,,14,6,2018,12,38,9,558.40,15.38,959.39,456.32
001,218,207,134,239,,,14,6,2018,12,48,21,561.60,10.07,959.47,455.60
001,269,274,185,258,,,14,6,2018,12,53,21,556.50,9.50,959.40,456.23
001,351,326,233,341,,,14,6,2018,12,58,21,558.80,9.15,959.50,455.41
001,431,383,255,408,,,14,6,2018,13,3,21,552.80,9.72,959.43,455.98
001,458,447,291,491,,,14,6,2018,13,8,21,556.00,10.69,959.39,456.29
001,549,514,349,575,,,14,6,2018,13,13,21,550.90,11.32,959.47,455.60
001,576,567,373,635,,,14,6,2018,13,18,21,554.90,11.97,959.51,455.32
001,629,613,407,707,,,14,6,2018,13,23,21,554.00,12.64,959.45,455.83
001,652,663,434,703,,,14,6,2018,13,28,21,557.90,12.72,959.55,454.93
001,639,656,435,675,,,14,6,2018,13,33,21,557.40,13.34,959.56,454.84
001,711,667,479,748,,,14,6,2018,13,38,21,555.10,13.21,959.53,455.12
001,776,727,498,846,,,14,6,2018,13,43,21,552.70,12.71,959.63,454.20
001,783,777,500,884,,,14,6,2018,13,48,21,554.30,13.55,959.66,453.99
001,858,832,571,944,,,14,6,2018,13,53,21,558.30,14.29,959.67,453.86
001,891,848,587,997,,,14,6,2018,13,58,21,548.90,14.27,959.75,453.17
001,882,801,585,998,,,14,6,2018,14,3,21,554.20,13.78,959.75,453.16
001,910,927,628,1087,,,14,6,2018,14,8,21,555.80,13.50,959.79,452.84
001,988,943,658,1088,,,14,6,2018,14,13,21,555.90,13.53,959.79,452.85
001,967,907,623,1168,,,14,6,2018,14,18,21,555.30,14.12,959.86,452.27
001,983,966,640,1151,,,14,6,2018,14,23,21,561.00,14.29,959.82,452.54
001,1069,1023,669,1179,,,14,6,2018,14,28,21,558.00,14.62,959.91,451.82
001,1088,991,715,1204,,,14,6,2018,14,33,21,556.30,15.31,959.82,452.59
001,1022,1056,672,1135,,,14,6,2018,14,38,21,562.20,15.95,959.86,452.21
001,1171,1141,758,1264,,,14,6,2018,14,43,21,553.10,16.45,959.88,452.09
001,1199,1152,776,1423,,,14,6,2018,14,48,21,556.40,16.23,959.92,451.69
001,1136,1175,779,1408,,,14,6,2018,14,53,21,560.70,16.18,959.91,451.79
001,1192,1107,781,1361,,,14,6,2018,14,58,21,561.40,15.75,959.91,451.83
001,1120,1071,750,1302,,,14,6,2018,15,3,21,559.20,16.26,959.72,453.49
001,1239,1152,840,1407,,,14,6,2018,15,8,21,556.50,16.98,959.77,453.03
001,1280,1279,832,1472,,,14,6,2018,15,13,21,553.00,16.66,959.76,453.13
001,1183,1152,802,1455,,,14,6,2018,15,18,21,553.70,17.00,959.75,453.22
001,1327,1211,831,1472,,,14,6,2018,15,23,21,550.30,16.64,959.83,452.52
001,1292,1245,859,1511,,,14,6,2018,15,28,22,552.50,17.16,959.74,453.30
001,1207,1207,826,1495,,,14,6,2018,15,33,22,551.00,17.25,959.77,452.99
001,1264,1262,824,1492,,,14,6,2018,15,38,21,553.30,17.81,959.72,453.46
001,1372,1326,879,1567,,,14,6,2018,15,43,22,554.10,17.45,959.64,454.14
001,1263,1248,843,1424,,,14,6,2018,15,48,21,553.20,17.73,959.54,455.06
001,1279,1239,851,1504,,,14,6,2018,15,53,22,556.50,17.92,959.42,456.03
001,1252,1102,831,1350,,,14,6,2018,15,58,21,562.60,17.10,959.56,454.82
001,1247,1216,799,1344,,,14,6,2018,16,3,21,559.50,17.77,959.49,455.45
001,1297,1199,847,1534,,,14,6,2018,16,8,21,557.10,18.12,959.36,456.61
001,1216,1221,825,1431,,,14,6,2018,16,13,21,548.90,18.21,959.38,456.45
001,1231,1152,784,1376,,,14,6,2018,16,18,21,553.20,18.35,959.23,457.71
001,1301,1242,891,1559,,,14,6,2018,16,23,21,559.70,18.66,959.08,459.01
001,1352,1338,880,1535,,,14,6,2018,16,28,21,552.30,18.63,959.13,458.63
001,1275,1230,825,1520,,,14,6,2018,16,33,21,553.50,20.02,959.01,459.61
001,1203,1156,768,1344,,,14,6,2018,16,38,21,547.20,20.11,958.97,460.02
001,1168,1204,808,1309,,,14,6,2018,16,43,22,549.50,19.11,958.85,461.01
001,1153,1255,857,1520,,,14,6,2018,16,48,21,548.90,18.81,958.86,460.92
001,1215,1215,815,1440,,,14,6,2018,16,53,21,543.10,18.96,958.80,461.49
001,1261,1175,805,1408,,,14,6,2018,16,58,21,551.20,18.40,958.73,462.09
001,1276,1206,832,1536,,,14,6,2018,17,3,21,551.90,19.79,958.62,463.03
001,1388,1375,909,1637,,,14,6,2018,17,8,21,549.80,21.04,958.61,463.08
001,1384,1366,959,1643,,,14,6,2018,17,13,21,553.90,21.00,958.50,464.10
001,1463,1439,968,1663,,,14,6,2018,17,18,21,548.70,20.16,958.46,464.45
001,1294,1198,832,1691,,,14,6,2018,17,23,21,558.10,19.93,958.57,463.42
001,1284,1216,823,1408,,,14,6,2018,17,28,21,558.60,19.57,958.42,464.76
001,1231,1184,799,1408,,,14,6,2018,17,33,22,556.20,20.54,958.34,465.47
001,16,28,20,34,,,14,6,2018,17,38,22,560.00,19.51,958.41,464.87
001,20,29,18,35,,,14,6,2018,17,43,22,563.30,17.52,958.49,464.16
001,1007,959,691,1265,,,14,6,2018,17,48,22,557.50,18.14,958.51,463.99
001,17,31,20,44,,,14,6,2018,17,53,22,561.10,18.83,958.39,465.06
001,18,32,17,29,,,14,6,2018,17,58,22,551.30,19.36,958.37,465.24
001,16,28,17,48,,,14,6,2018,18,3,22,548.40,19.40,958.28,466.02
001,17,28,19,33,,,14,6,2018,18,8,22,552.20,19.74,958.28,466.03
001,19,37,19,42,,,14,6,2018,18,13,22,555.20,19.89,958.25,466.23
001,18,29,19,36,,,14,6,2018,18,18,22,541.00,19.66,958.28,466.02
001,18,30,16,35,,,14,6,2018,18,23,22,558.30,19.31,958.28,466.03
001,18,26,19,44,,,14,6,2018,18,28,22,556.60,19.78,958.25,466.26
001,16,27,19,39,,,14,6,2018,18,33,22,555.70,20.29,958.17,466.92
001,17,29,20,33,,,14,6,2018,18,38,22,559.70,19.70,958.15,467.12
001,17,24,19,34,,,14,6,2018,18,43,22,565.00,19.91,958.09,467.67
001,19,33,22,33,,,14,6,2018,18,48,22,557.50,20.08,958.04,468.04
001,18,37,20,46,,,14,6,2018,18,53,22,552.60,20.53,958.02,468.28
001,18,32,22,37,,,14,6,2018,18,58,22,552.50,20.81,958.02,468.23
001,19,39,18,44,,,14,6,2018,19,3,22,553.90,21.14,957.94,468.99
001,19,36,19,41,,,14,6,2018,19,8,22,548.30,21.26,957.89,469.40
001,18,32,18,39,,,14,6,2018,19,13,22,547.30,21.18,957.85,469.73
001,21,47,18,39,,,14,6,2018,19,18,22,547.00,20.91,957.81,470.09
001,19,28,20,47,,,14,6,2018,19,23,22,547.70,20.90,957.89,469.41
001,19,37,19,37,,,14,6,2018,19,28,22,550.90,20.64,957.93,469.07
001,19,32,23,62,,,14,6,2018,19,33,22,547.50,20.39,957.93,469.07
001,17,31,17,34,,,14,6,2018,19,38,22,548.80,19.71,957.78,470.32
001,18,34,17,39,,,14,6,2018,19,43,22,547.70,19.29,957.90,469.30
001,17,43,21,43,,,14,6,2018,19,48,22,544.70,18.89,957.89,469.39
001,18,38,21,46,,,14,6,2018,19,53,22,551.60,17.88,957.97,468.69
001,17,35,22,38,,,14,6,2018,19,58,22,550.00,17.51,957.97,468.70
001,17,36,18,33,,,14,6,2018,20,3,22,549.20,17.18,957.98,468.61
001,20,42,25,59,,,14,6,2018,20,8,22,554.80,16.79,958.10,467.55
001,21,41,21,45,,,14,6,2018,20,13,22,551.80,16.41,958.17,466.96
001,20,35,23,37,,,14,6,2018,20,18,22,543.90,15.81,958.24,466.32
001,18,39,21,35,,,14,6,2018,20,23,22,547.60,15.44,958.24,466.36
001,19,36,22,36,,,14,6,2018,20,28,22,546.80,15.78,958.34,465.44
001,22,39,18,45,,,14,6,2018,20,33,22,551.90,15.37,958.38,465.09
001,22,49,34,32,,,14,6,2018,20,38,22,559.60,14.88,958.37,465.20
001,20,50,18,36,,,14,6,2018,20,43,22,565.90,14.77,958.35,465.34
001,22,58,25,56,,,14,6,2018,20,48,22,559.60,14.54,958.41,464.88
001,23,40,17,59,,,14,6,2018,20,53,22,556.20,14.16,958.45,464.46
001,0,0,0,0,,,16,6,2018,13,37,32,629.60,15.82,947.79,557.77
001,1279,1199,887,1472,,,16,6,2018,13,41,51,628.50,18.11,947.84,557.30
001,1255,1207,873,1464,,,16,6,2018,13,48,23,633.50,19.40,947.74,558.16
001,1343,1273,951,1579,,,16,6,2018,13,53,23,633.30,19.57,947.81,557.61
001,1352,1311,947,1611,,,16,6,2018,13,58,23,633.30,20.29,947.80,557.70
001,1408,1343,967,1643,,,16,6,2018,14,3,23,630.40,20.39,947.91,556.74
001,1470,1283,976,1645,,,16,6,2018,14,8,23,633.40,20.89,947.93,556.56
001,1448,1378,1021,1762,,,16,6,2018,14,13,23,632.90,20.64,948.05,555.52
001,1552,1498,1092,1808,,,16,6,2018,14,18,23,633.40,21.30,948.16,554.54
001,1464,1391,981,1671,,,16,6,2018,14,23,23,633.20,22.89,948.09,555.11
001,1607,1599,1120,1855,,,16,6,2018,14,28,23,629.60,23.75,948.00,555.89
001,1599,1605,1131,1927,,,16,6,2018,14,33,23,632.10,23.94,947.98,556.14
001,1664,1600,1151,2008,,,16,6,2018,14,38,23,632.70,23.38,947.84,557.35
001,1696,1627,1199,2014,,,16,6,2018,14,43,23,632.60,22.77,947.85,557.24
001,1802,1792,1255,2159,,,16,6,2018,14,48,23,632.00,22.82,947.75,558.15
001,1839,1775,1248,2175,,,16,6,2018,14,53,23,631.50,23.65,947.69,558.62
001,1847,1792,1291,2155,,,16,6,2018,14,58,23,629.60,24.14,947.84,557.32
001,1792,1679,1215,2176,,,16,6,2018,15,3,23,633.00,24.11,947.76,558.06
001,1887,1856,1352,2144,,,16,6,2018,15,8,23,633.10,24.14,947.83,557.41
001,1888,1664,1279,2208,,,16,6,2018,15,13,23,634.50,24.41,947.90,556.82
001,1847,1839,1277,2238,,,16,6,2018,15,18,23,635.00,24.64,947.88,557.02
001,1853,1791,1280,2160,,,16,6,2018,15,23,23,634.50,24.85,948.01,555.86
001,1867,1775,1279,2231,,,16,6,2018,15,28,23,633.50,25.49,948.04,555.56
001,1935,1847,1284,2159,,,16,6,2018,15,33,23,633.40,27.05,947.99,556.00
001,1856,1732,1280,2175,,,16,6,2018,15,38,23,632.70,27.45,947.98,556.09
001,1855,1855,1335,2215,,,16,6,2018,15,43,23,630.50,27.70,947.93,556.53
001,1920,1935,1344,2335,,,16,6,2018,15,48,23,631.40,28.21,947.87,557.06
001,1951,1858,1391,2383,,,16,6,2018,15,53,23,633.30,28.42,947.77,557.94
001,1967,1920,1391,2343,,,16,6,2018,15,58,23,631.20,28.33,947.73,558.26
001,2016,1941,1419,2360,,,16,6,2018,16,3,23,631.60,27.64,947.52,560.12
001,2079,1995,1408,2455,,,16,6,2018,16,8,23,630.40,28.18,947.62,559.28
001,2095,1983,1408,2368,,,16,6,2018,16,13,23,630.60,28.65,947.49,560.37
001,2056,1990,1451,2511,,,16,6,2018,16,18,23,629.10,29.09,947.32,561.90
001,2080,2048,1408,2495,,,16,6,2018,16,23,23,631.10,29.49,947.27,562.34
001,2127,2016,1429,2445,,,16,6,2018,16,28,23,636.60,29.40,947.29,562.20
001,2047,1967,1438,2368,,,16,6,2018,16,33,23,631.80,28.67,947.27,562.30
001,2058,2016,1456,2400,,,16,6,2018,16,38,23,631.80,29.02,947.28,562.21
001,1984,1950,1352,2336,,,16,6,2018,16,43,23,631.10,28.95,947.22,562.81
001,2112,2039,1432,2399,,,16,6,2018,16,48,23,632.40,28.85,947.16,563.28
001,2079,1976,1408,2422,,,16,6,2018,16,53,23,626.80,29.18,947.08,563.97
001,2091,1984,1421,2459,,,16,6,2018,16,58,23,622.60,29.44,947.10,563.80
001,2048,2020,1424,2356,,,16,6,2018,17,3,23,625.20,30.04,946.99,564.77
001,2039,1936,1375,2312,,,16,6,2018,17,8,23,621.30,30.31,946.85,566.03
001,1948,1896,1399,2376,,,16,6,2018,17,13,23,623.30,30.06,946.84,566.09
001,1818,1775,1359,2256,,,16,6,2018,17,18,23,626.90,30.75,946.84,566.09
001,1852,1856,1280,2272,,,16,6,2018,17,23,23,632.10,30.48,946.84,566.11
001,1959,1864,1312,2303,,,16,6,2018,17,28,23,627.90,30.65,946.76,566.79
001,1887,1847,1304,2272,,,16,6,2018,17,33,23,625.90,30.63,946.75,566.92
001,1975,1920,1391,2352,,,16,6,2018,17,38,23,627.20,30.56,946.64,567.92
001,1928,1900,1360,2239,,,16,6,2018,17,43,23,628.60,30.81,946.62,568.03
001,1824,1911,1296,2256,,,16,6,2018,17,48,23,629.20,30.38,946.59,568.29
001,1893,1732,1307,2167,,,16,6,2018,17,53,23,626.80,30.63,946.54,568.75
001,1791,1664,1232,2096,,,16,6,2018,17,58,23,620.00,30.43,946.58,568.37
001,1774,1728,1248,2128,,,16,6,2018,18,3,23,627.00,30.35,946.53,568.81
001,1728,1638,1164,2007,,,16,6,2018,18,8,23,626.50,30.77,946.49,569.16
001,1615,1599,1104,1896,,,16,6,2018,18,13,23,627.90,30.17,946.45,569.57
001,1632,1536,1149,1896,,,16,6,2018,18,18,23,634.90,30.89,946.33,570.60
001,1578,1551,1104,1792,,,16,6,2018,18,23,23,631.20,30.65,946.30,570.88
001,1583,1578,1076,1912,,,16,6,2018,18,28,23,635.30,30.45,946.27,571.17
001,1408,1375,1003,1687,,,16,6,2018,18,33,23,634.90,30.89,946.24,571.43
001,1393,1360,980,1648,,,16,6,2018,18,38,23,633.90,30.94,946.28,571.08
001,1405,1455,989,1688,,,16,6,2018,18,43,23,633.90,30.80,946.35,570.47
001,1248,1263,895,1528,,,16,6,2018,18,48,23,631.70,30.14,946.31,570.75
001,1192,1112,823,1451,,,16,6,2018,18,53,23,631.60,29.81,946.27,571.14
001,1128,1122,815,1344,,,16,6,2018,18,58,23,628.90,29.63,946.32,570.69
001,1048,968,688,1199,,,16,6,2018,19,3,23,628.70,29.46,946.34,570.54
001,979,917,655,1144,,,16,6,2018,19,8,23,637.00,29.18,946.38,570.15
001,943,919,663,1056,,,16,6,2018,19,13,23,638.60,28.88,946.30,570.86
001,942,907,621,1048,,,16,6,2018,19,18,23,629.90,29.01,946.26,571.19
001,976,928,672,1087,,,16,6,2018,19,23,23,628.60,28.76,946.23,571.45
001,873,863,619,1024,,,16,6,2018,19,28,23,625.50,28.04,946.29,570.95
001,941,887,616,1055,,,16,6,2018,19,33,23,621.70,27.53,946.29,570.97
001,868,843,613,1003,,,16,6,2018,19,38,23,624.40,27.35,946.28,571.05
001,863,831,593,937,,,16,6,2018,19,43,23,626.60,27.07,946.30,570.89
001,764,831,569,960,,,16,6,2018,19,48,23,626.20,26.78,946.22,571.58
001,807,807,576,943,,,16,6,2018,19,53,23,626.70,26.96,946.30,570.83
001,799,791,556,982,,,16,6,2018,19,58,23,631.80,26.62,946.30,570.87
001,805,708,530,860,,,16,6,2018,20,3,23,624.80,25.93,946.34,570.51
001,784,744,537,887,,,16,6,2018,20,8,23,624.90,25.86,946.35,570.46
001,727,695,501,803,,,16,6,2018,20,13,23,627.50,25.96,946.33,570.64
001,682,683,480,741,,,16,6,2018,20,18,23,631.50,25.72,946.43,569.75
001,611,595,425,680,,,16,6,2018,20,23,23,637.80,25.18,946.46,569.46
001,528,556,392,607,,,16,6,2018,20,28,23,639.40,24.89,946.46,569.49
001,479,496,335,518,,,16,6,2018,20,33,23,632.10,24.82,946.52,568.93
001,416,411,292,422,,,16,6,2018,20,38,23,631.70,24.35,946.42,569.84
001,360,344,255,383,,,16,6,2018,20,43,23,632.10,23.77,946.47,569.36
001,274,274,196,272,,,16,6,2018,20,48,23,633.80,23.36,946.61,568.14
001,212,203,146,196,,,16,6,2018,20,53,23,630.50,22.91,946.67,567.61
001,389,395,241,431,,,17,6,2018,12,43,23,627.60,8.17,947.57,559.72
001,483,444,287,472,,,17,6,2018,12,48,23,634.00,10.34,947.56,559.75
001,553,550,344,585,,,17,6,2018,12,53,23,637.50,12.20,947.53,560.02
001,631,602,408,669,,,17,6,2018,12,58,23,632.00,14.06,947.41,561.10
001,683,681,450,760,,,17,6,2018,13,3,23,633.10,15.71,947.46,560.67
001,746,743,477,889,,,17,6,2018,13,8,23,635.50,17.12,947.42,561.00
001,879,831,560,967,,,17,6,2018,13,13,23,635.60,18.74,947.33,561.85
001,930,927,613,1073,,,17,6,2018,13,18,23,632.50,20.52,947.23,562.70
001,928,879,613,1071,,,17,6,2018,13,23,23,628.50,21.74,947.30,562.04
001,1041,1040,644,1270,,,17,6,2018,13,28,23,634.30,21.93,947.30,562.09
001,1151,1096,712,1287,,,17,6,2018,13,33,23,633.20,22.68,947.29,562.16
001,1235,1168,727,1307,,,17,6,2018,13,38,23,631.40,23.04,947.20,562.98
001,1299,1313,847,1536,,,17,6,2018,13,43,23,630.60,23.70,947.23,562.67
001,1343,1296,871,1535,,,17,6,2018,13,48,23,631.80,24.59,947.23,562.68
001,1383,1370,853,1664,,,17,6,2018,13,53,23,629.90,25.16,947.30,562.04
001,1472,1456,965,1695,,,17,6,2018,13,58,23,629.70,25.65,947.27,562.34
001,1523,1431,943,1713,,,17,6,2018,14,3,23,640.90,26.28,947.36,561.51
001,1535,1416,978,1807,,,17,6,2018,14,8,23,634.30,27.32,947.44,560.87
001,1641,1576,1031,1855,,,17,6,2018,14,13,23,641.60,28.20,947.45,560.72
001,1616,1531,1063,1856,,,17,6,2018,14,18,23,635.80,29.02,947.54,559.95
001,1664,1568,1051,1943,,,17,6,2018,14,23,23,634.90,29.35,947.55,559.86
001,1604,1568,1042,1866,,,17,6,2018,14,28,23,634.50,30.19,947.59,559.55
001,1775,1695,1118,2048,,,17,6,2018,14,33,23,633.80,30.02,947.58,559.58
001,1768,1759,1152,2095,,,17,6,2018,14,38,23,630.80,29.75,947.62,559.30
001,1695,1632,1052,2015,,,17,6,2018,14,43,23,634.20,29.58,947.72,558.34
001,1823,1744,1151,2086,,,17,6,2018,14,48,23,635.00,29.44,947.67,558.86
001,1728,1693,1167,2143,,,17,6,2018,14,53,23,635.20,29.75,947.75,558.11
001,1924,1824,1243,2240,,,17,6,2018,14,58,23,631.00,29.31,947.81,557.63
001,1872,1824,1207,2239,,,17,6,2018,15,3,23,632.80,29.70,947.78,557.84
001,1968,1887,1218,2272,,,17,6,2018,15,8,23,630.10,30.21,947.81,557.61
001,1967,1919,1279,2304,,,17,6,2018,15,13,23,631.40,30.37,947.76,558.07
001,2015,1856,1284,2347,,,17,6,2018,15,18,23,630.90,30.81,947.79,557.75
001,2095,2040,1343,2484,,,17,6,2018,15,23,23,632.50,31.19,947.75,558.12
001,2111,2037,1344,2487,,,17,6,2018,15,28,23,632.30,31.71,947.75,558.14
001,2159,2033,1404,2540,,,17,6,2018,15,33,23,631.70,32.15,947.76,558.05
001,2120,2012,1382,2412,,,17,6,2018,15,38,23,631.80,32.33,947.70,558.57
001,2175,2122,1412,2575,,,17,6,2018,15,43,23,632.70,32.57,947.75,558.11
001,2144,2047,1391,2527,,,17,6,2018,15,48,23,637.20,32.05,947.75,558.13
001,2171,2159,1409,2561,,,17,6,2018,15,53,23,632.40,32.95,947.60,559.46
001,2184,2112,1420,2511,,,17,6,2018,15,58,23,632.10,32.96,947.55,559.84
001,2198,2176,1432,2607,,,17,6,2018,16,3,23,630.60,33.36,947.60,559.40
001,2095,2064,1384,2496,,,17,6,2018,16,8,23,629.40,33.68,947.48,560.52
001,2191,2111,1418,2559,,,17,6,2018,16,13,23,628.00,33.49,947.46,560.70
001,2144,2091,1424,2602,,,17,6,2018,16,18,23,624.80,32.72,947.41,561.14
001,2154,2034,1379,2512,,,17,6,2018,16,23,23,634.70,32.94,947.32,561.91
001,2227,2144,1444,2606,,,17,6,2018,16,28,23,632.20,33.08,947.30,562.03
001,2207,2161,1410,2559,,,17,6,2018,16,33,23,627.20,34.01,947.23,562.67
001,2176,2107,1401,2607,,,17,6,2018,16,38,23,625.10,34.43,947.18,563.16
001,2152,2103,1399,2559,,,17,6,2018,16,43,23,630.60,34.02,947.14,563.45
001,2096,1960,1351,2481,,,17,6,2018,16,48,23,632.80,33.46,947.02,564.54
001,4095,4095,4095,2047,,,17,6,2018,16,53,23,630.90,33.17,946.99,564.82
001,2022,2022,1344,2416,,,17,6,2018,16,58,23,632.00,33.54,946.94,565.20
001,2048,1990,1349,2368,,,17,6,2018,17,3,23,623.30,33.44,946.92,565.43
001,1999,1951,1328,2424,,,17,6,2018,17,8,23,626.30,33.24,946.82,566.34
001,2049,1893,1314,2432,,,17,6,2018,17,13,23,629.90,32.81,946.71,567.29
001,1983,1988,1301,2358,,,17,6,2018,17,18,23,629.30,32.95,946.59,568.32
001,2022,1888,1291,2311,,,17,6,2018,17,23,23,632.70,33.63,946.57,568.51
001,1920,1847,1221,2253,,,17,6,2018,17,28,23,631.10,33.53,946.49,569.20
001,1904,1815,1216,2216,,,17,6,2018,17,33,23,629.20,34.07,946.36,570.32
001,1855,1796,1218,2190,,,17,6,2018,17,38,23,629.90,34.35,946.22,571.61
001,1883,1783,1215,2191,,,17,6,2018,17,43,23,626.90,34.03,946.16,572.06
001,1830,1813,1205,2171,,,17,6,2018,17,48,23,624.30,33.38,946.12,572.49
001,1874,1839,1247,2232,,,17,6,2018,17,53,23,621.30,32.90,946.12,572.49
001,2248,2207,1446,2559,,,17,6,2018,17,58,23,625.10,32.83,946.11,572.53
001,1856,1744,1199,2192,,,17,6,2018,18,3,23,625.50,32.50,946.02,573.37
001,1969,1952,1280,2519,,,17,6,2018,18,8,23,626.30,32.30,945.92,574.24
001,1804,1758,1143,2068,,,17,6,2018,18,13,23,632.60,33.15,945.84,574.89
001,1775,1731,1152,2127,,,17,6,2018,18,18,23,626.70,32.80,945.72,575.95
001,1695,1622,1079,1967,,,17,6,2018,18,23,23,628.40,32.82,945.65,576.55
001,1535,1472,974,1712,,,17,6,2018,18,28,23,628.30,33.27,945.64,576.70
001,1548,1472,984,1773,,,17,6,2018,18,33,23,630.80,33.25,945.56,577.39
001,1563,1503,1007,1844,,,17,6,2018,18,38,23,629.30,33.40,945.52,577.77
001,1503,1495,992,1760,,,17,6,2018,18,43,23,630.80,32.57,945.57,577.28
001,1440,1383,927,1680,,,17,6,2018,18,48,23,630.40,31.68,945.60,577.01
001,1380,1307,887,1591,,,17,6,2018,18,53,23,632.90,31.52,945.55,577.47
001,1311,1315,867,1535,,,17,6,2018,18,58,23,630.40,31.05,945.54,577.59
001,1264,1243,883,1472,,,17,6,2018,19,3,23,631.30,31.15,945.47,578.15
001,1260,1174,826,1432,,,17,6,2018,19,8,23,630.10,30.57,945.44,578.43
001,1236,1171,811,1408,,,17,6,2018,19,13,23,629.00,30.77,945.45,578.37
001,1208,1182,767,1359,,,17,6,2018,19,18,23,628.90,30.93,945.50,577.90
001,1247,1211,803,1408,,,17,6,2018,19,23,23,626.70,31.23,945.44,578.44
001,1143,1160,739,1279,,,17,6,2018,19,28,23,625.30,31.12,945.36,579.18
001,1140,1103,762,1303,,,17,6,2018,19,33,23,624.10,30.68,945.38,578.99
001,1186,1156,744,1313,,,17,6,2018,19,38,23,624.60,30.43,945.32,579.52
001,1051,1024,703,1231,,,17,6,2018,19,43,23,625.50,30.47,945.43,578.51
001,1039,991,640,1221,,,17,6,2018,19,48,23,629.80,30.63,945.41,578.67
001,1000,967,653,1120,,,17,6,2018,19,53,23,628.90,30.36,945.47,578.15
001,951,908,591,1077,,,17,6,2018,19,58,23,628.20,29.64,945.39,578.92
001,904,887,575,1040,,,17,6,2018,20,3,23,626.30,29.05,945.46,578.26
001,830,818,563,964,,,17,6,2018,20,8,23,627.80,28.92,945.50,577.93
001,807,807,537,927,,,17,6,2018,20,13,23,631.70,28.36,945.54,577.54
001,783,714,487,864,,,17,6,2018,20,18,23,634.10,28.08,945.58,577.17
001,627,630,420,731,,,17,6,2018,20,23,23,634.00,27.83,945.63,576.79
001,562,583,384,653,,,17,6,2018,20,28,23,636.70,27.35,945.58,577.25
001,488,473,322,533,,,17,6,2018,20,33,23,636.70,26.84,945.67,576.45
001,416,395,279,431,,,17,6,2018,20,38,23,633.30,26.75,945.66,576.46
001,334,325,219,368,,,17,6,2018,20,43,23,633.50,26.42,945.60,577.07
001,291,264,184,320,,,17,6,2018,20,48,23,634.60,26.10,945.67,576.44
001,233,239,156,218,,,17,6,2018,20,53,23,634.60,25.52,945.68,576.35
