004,811,1566,837,396,,,10,5,2019,19,8,19,566.70,23.79,953.02,511.94
004,849,883,806,371,,,10,5,2019,19,18,9,561.20,24.29,952.94,512.58
004,822,883,792,373,,,10,5,2019,19,23,9,552.70,23.84,952.99,512.13
004,819,857,775,356,,,10,5,2019,19,28,9,551.70,24.23,953.02,511.90
004,761,822,922,354,,,10,5,2019,19,33,9,553.10,24.09,953.03,511.85
004,727,761,675,320,,,10,5,2019,19,38,9,552.30,22.70,953.12,510.99
004,716,755,670,316,,,10,5,2019,19,43,9,550.60,22.51,953.10,511.22
004,726,754,1057,320,,,10,5,2019,19,48,9,550.30,22.19,953.06,511.55
004,659,695,2104,290,,,10,5,2019,19,53,9,550.50,22.33,953.15,510.81
004,630,675,614,286,,,10,5,2019,19,58,9,550.00,21.78,953.29,509.52
004,582,1242,553,264,,,10,5,2019,20,3,9,553.10,22.01,953.40,508.60
004,571,608,1391,249,,,10,5,2019,20,8,9,555.90,21.98,953.43,508.29
004,531,548,497,234,,,10,5,2019,20,13,9,554.40,21.76,953.37,508.87
004,493,524,462,226,,,10,5,2019,20,18,9,557.80,21.66,953.46,508.06
004,457,471,425,197,,,10,5,2019,20,23,9,556.50,21.76,953.51,507.61
004,407,435,1855,187,,,10,5,2019,20,28,9,551.20,22.04,953.57,507.11
004,355,385,343,159,,,10,5,2019,20,33,9,553.90,21.52,953.58,507.02
004,313,343,2434,142,,,10,5,2019,20,38,9,556.10,21.17,953.69,506.05
004,295,319,2511,128,,,10,5,2019,20,43,9,551.60,21.59,953.68,506.11
004,279,298,1825,126,,,10,5,2019,20,48,9,552.20,21.47,953.71,505.90
004,241,254,214,105,,,10,5,2019,20,53,9,547.00,20.90,953.71,505.88
004,192,207,183,93,,,10,5,2019,20,58,9,550.60,20.93,953.61,506.71
004,178,200,163,98,,,10,5,2019,21,3,9,545.70,20.43,953.65,506.41
004,137,146,122,73,,,10,5,2019,21,8,9,546.30,20.21,953.60,506.85
004,105,116,643,47,,,10,5,2019,21,13,9,547.00,20.15,953.61,506.75
004,66,811,62,23,,,11,5,2019,12,8,9,551.70,11.25,956.64,480.32
004,106,1431,96,40,,,11,5,2019,12,13,9,548.00,12.01,956.56,480.94
004,109,775,110,49,,,11,5,2019,12,18,9,555.50,12.55,956.51,481.39
004,143,606,159,88,,,11,5,2019,12,23,9,550.10,12.84,956.47,481.74
004,170,515,238,111,,,11,5,2019,12,28,9,554.00,13.47,956.43,482.10
004,204,1570,359,119,,,11,5,2019,12,33,9,555.80,14.00,956.45,481.93
004,242,972,414,114,,,11,5,2019,12,38,9,552.70,14.36,956.46,481.81
004,270,862,271,125,,,11,5,2019,12,43,9,551.90,14.71,956.43,482.08
004,311,876,830,154,,,11,5,2019,12,48,9,553.80,15.23,956.54,481.15
004,347,951,473,170,,,11,5,2019,12,53,9,552.10,14.96,956.50,481.54
004,399,1164,873,188,,,11,5,2019,12,58,9,553.20,14.86,956.53,481.25
004,446,747,1326,215,,,11,5,2019,13,3,9,554.70,15.15,956.52,481.30
004,484,1063,1476,228,,,11,5,2019,13,8,9,554.10,14.97,956.60,480.64
004,506,1164,470,235,,,11,5,2019,13,13,9,552.30,16.53,956.61,480.54
004,532,1270,1527,242,,,11,5,2019,13,18,9,553.30,16.38,956.61,480.50
004,479,1017,1632,247,,,11,5,2019,13,23,9,553.80,16.44,956.63,480.38
004,567,838,1448,262,,,11,5,2019,13,28,9,555.30,16.80,956.60,480.63
004,610,1137,576,272,,,11,5,2019,13,33,9,559.80,17.89,956.58,480.84
004,640,2028,1387,299,,,11,5,2019,13,38,9,558.60,18.14,956.55,481.10
004,659,1416,785,309,,,11,5,2019,13,43,9,562.60,18.36,956.55,481.03
004,668,1315,1225,310,,,11,5,2019,13,48,9,564.30,18.43,956.58,480.79
004,711,1732,685,327,,,11,5,2019,13,53,9,558.30,19.88,956.59,480.71
004,738,1534,1427,328,,,11,5,2019,13,58,9,557.60,19.28,956.56,480.97
004,769,819,1666,348,,,11,5,2019,14,3,9,558.00,19.03,956.56,480.95
004,800,1489,770,366,,,11,5,2019,14,8,9,557.90,19.51,956.47,481.78
004,810,1174,775,366,,,11,5,2019,14,13,9,558.60,19.89,956.48,481.71
004,855,1792,806,388,,,11,5,2019,14,18,9,561.20,20.57,956.49,481.57
004,847,947,936,382,,,11,5,2019,14,23,9,557.90,20.38,956.44,482.00
004,908,1298,846,398,,,11,5,2019,14,28,9,556.70,20.81,956.42,482.22
004,934,1203,881,426,,,11,5,2019,14,33,9,556.90,22.07,956.33,483.01
004,944,1078,898,426,,,11,5,2019,14,38,9,556.90,23.14,956.13,484.77
004,967,3342,919,439,,,11,5,2019,14,43,9,554.90,23.61,956.13,484.76
004,974,1030,2191,435,,,11,5,2019,14,48,9,554.90,23.78,956.05,485.39
004,985,1015,1315,431,,,11,5,2019,14,53,9,556.50,24.26,956.17,484.42
004,954,1023,1922,445,,,11,5,2019,14,58,9,555.80,24.89,956.00,485.83
004,966,1018,2592,430,,,11,5,2019,15,3,9,553.40,24.81,956.02,485.71
004,958,1003,2651,430,,,11,5,2019,15,8,9,553.60,24.79,956.03,485.57
004,954,1085,2339,422,,,11,5,2019,15,13,9,552.00,22.94,956.03,485.64
004,1007,1040,2736,438,,,11,5,2019,15,18,9,552.40,23.92,955.98,486.08
004,1004,2282,2919,443,,,11,5,2019,15,23,9,553.90,24.57,955.98,486.08
004,982,1630,3591,444,,,11,5,2019,15,28,9,552.20,24.73,955.95,486.28
004,988,1742,3111,436,,,11,5,2019,15,33,9,546.50,25.11,955.93,486.43
004,990,2131,3308,440,,,11,5,2019,15,38,9,555.30,25.95,955.76,487.92
004,986,1044,3614,439,,,11,5,2019,15,43,9,554.50,24.91,955.87,487.01
004,985,1034,3010,424,,,11,5,2019,15,48,9,553.70,24.30,955.96,486.26
004,986,3030,2595,446,,,11,5,2019,15,53,9,556.40,23.14,956.00,485.85
004,998,1926,3639,439,,,11,5,2019,15,58,9,558.90,24.35,955.85,487.22
004,1019,1136,3623,445,,,11,5,2019,16,3,9,558.70,23.30,955.91,486.66
004,1046,1455,3022,451,,,11,5,2019,16,8,9,554.50,23.29,955.93,486.48
004,1017,1758,2851,450,,,11,5,2019,16,13,9,553.50,22.56,956.03,485.62
004,1014,1055,3491,446,,,11,5,2019,16,18,9,553.40,22.70,955.98,486.08
004,1068,1119,4095,475,,,11,5,2019,16,23,9,551.50,24.10,955.98,486.08
004,1070,2908,3891,471,,,11,5,2019,16,28,9,559.60,24.50,955.85,487.19
004,1056,2819,4095,462,,,11,5,2019,16,33,9,557.60,23.95,955.84,487.30
004,1155,2264,4087,502,,,11,5,2019,16,38,9,556.40,24.81,955.76,487.98
004,1155,1623,3640,506,,,11,5,2019,16,43,9,554.70,26.44,955.58,489.56
004,1154,2166,3271,500,,,11,5,2019,16,48,9,551.50,27.40,955.52,490.05
004,1071,1132,4065,474,,,11,5,2019,16,53,9,552.10,27.04,955.54,489.90
004,1122,1163,4094,484,,,11,5,2019,16,58,9,560.50,27.83,955.56,489.74
004,1075,1139,3784,480,,,11,5,2019,17,3,9,561.70,27.46,955.58,489.53
004,1048,1095,4087,457,,,11,5,2019,17,8,9,554.30,26.08,955.60,489.34
004,1072,1147,3449,475,,,11,5,2019,17,13,9,549.80,24.74,955.72,488.34
004,1059,3420,4091,470,,,11,5,2019,17,18,9,554.00,24.26,955.67,488.78
004,1063,1117,3507,466,,,11,5,2019,17,23,9,556.80,25.11,955.65,488.89
004,1027,1072,3404,451,,,11,5,2019,17,28,9,556.80,24.64,955.57,489.58
004,1071,1122,4092,469,,,11,5,2019,17,33,9,558.00,25.95,955.50,490.25
004,1020,1086,4095,454,,,11,5,2019,17,38,9,555.40,28.17,955.36,491.49
004,1033,1100,4092,447,,,11,5,2019,17,43,9,551.80,27.05,955.51,490.16
004,979,1018,3825,435,,,11,5,2019,17,48,9,552.20,26.85,955.46,490.54
004,997,1030,3169,436,,,11,5,2019,17,53,9,557.40,25.54,955.41,491.02
004,963,1031,4095,430,,,11,5,2019,17,58,9,560.00,25.95,955.31,491.85
004,992,1031,3601,438,,,11,5,2019,18,3,9,563.60,25.78,955.34,491.62
004,1030,1068,3449,450,,,11,5,2019,18,8,9,554.90,25.93,955.27,492.25
004,1030,1075,3664,454,,,11,5,2019,18,13,9,555.50,26.69,955.15,493.29
004,1063,1107,4095,466,,,11,5,2019,18,18,9,552.90,26.65,955.13,493.50
004,1030,1089,4094,458,,,11,5,2019,18,23,9,554.20,26.38,955.10,493.74
004,1011,1087,4095,450,,,11,5,2019,18,28,9,556.20,26.48,955.19,492.91
004,950,999,4089,411,,,11,5,2019,18,33,9,554.10,27.92,955.04,494.22
004,983,1025,3679,431,,,11,5,2019,18,38,9,553.00,26.48,955.06,494.04
004,979,1040,3673,426,,,11,5,2019,18,43,9,549.60,26.44,955.00,494.63
004,987,1051,2839,434,,,11,5,2019,18,48,9,554.20,25.77,955.10,493.72
004,947,991,2995,416,,,11,5,2019,18,53,9,554.50,25.26,955.00,494.60
004,958,1005,3224,428,,,11,5,2019,18,58,9,557.60,24.13,954.98,494.79
004,947,1552,3006,411,,,11,5,2019,19,3,9,558.80,25.07,954.94,495.13
004,948,1558,3532,423,,,11,5,2019,19,8,9,554.00,25.99,954.86,495.84
004,892,1486,3187,396,,,11,5,2019,19,13,9,553.90,26.68,954.84,495.99
004,886,2494,3216,386,,,11,5,2019,19,18,9,553.90,27.41,954.80,496.39
004,865,1281,3383,375,,,11,5,2019,19,23,9,551.60,26.27,954.78,496.55
004,830,873,3032,360,,,11,5,2019,19,28,9,553.50,26.89,954.76,496.73
004,774,1711,3068,348,,,11,5,2019,19,33,9,554.80,26.32,954.78,496.55
004,704,753,3663,318,,,11,5,2019,19,38,9,554.30,25.92,954.71,497.13
004,670,1409,3362,300,,,11,5,2019,19,43,9,560.20,25.07,954.67,497.52
004,684,1280,3065,307,,,11,5,2019,19,48,9,553.20,24.99,954.70,497.22
004,640,1255,3072,288,,,11,5,2019,19,53,9,553.40,25.01,954.78,496.54
004,615,1307,2543,278,,,11,5,2019,19,58,9,554.80,24.58,954.83,496.07
004,620,648,2961,271,,,11,5,2019,20,3,9,555.60,23.86,954.88,495.65
004,540,576,2717,250,,,11,5,2019,20,8,9,555.40,23.95,954.80,496.36
004,548,2030,2183,242,,,11,5,2019,20,13,9,554.50,23.55,954.76,496.71
004,503,2289,2632,227,,,11,5,2019,20,18,9,556.60,23.41,954.60,498.05
004,469,2224,2411,225,,,11,5,2019,20,23,9,557.80,23.46,954.66,497.56
004,443,1534,2451,194,,,11,5,2019,20,28,9,556.70,22.46,954.77,496.64
004,375,1585,2338,170,,,11,5,2019,20,33,9,552.40,22.58,954.90,495.51
004,348,1556,2324,152,,,11,5,2019,20,38,9,554.20,22.25,954.90,495.44
004,282,2393,2472,131,,,11,5,2019,20,43,9,551.70,21.69,955.16,493.20
004,248,1772,2816,122,,,11,5,2019,20,48,9,550.70,21.41,955.15,493.31
004,207,1691,2833,108,,,11,5,2019,20,53,9,550.90,21.32,955.13,493.44
004,146,2947,2450,94,,,11,5,2019,20,58,9,548.20,20.86,955.29,492.10
004,142,3490,2327,90,,,11,5,2019,21,3,9,549.90,20.52,955.37,491.41
004,112,2984,2361,51,,,11,5,2019,21,8,9,549.10,20.39,955.30,492.00
004,84,2923,1937,30,,,11,5,2019,21,13,9,543.10,20.08,955.36,491.43
004,94,4079,88,36,,,12,5,2019,12,13,9,557.60,12.45,955.29,492.09
004,126,3188,102,54,,,12,5,2019,12,18,9,554.50,13.09,955.22,492.65
004,146,2920,1111,98,,,12,5,2019,12,23,9,556.40,13.78,955.22,492.66
004,178,3032,1097,124,,,12,5,2019,12,28,9,557.70,14.16,955.32,491.77
004,214,3878,578,112,,,12,5,2019,12,33,9,556.90,14.36,955.31,491.86
004,243,2588,582,130,,,12,5,2019,12,38,9,552.90,14.07,955.40,491.09
004,278,2975,923,134,,,12,5,2019,12,43,9,554.60,14.12,955.37,491.35
004,311,2780,1149,155,,,12,5,2019,12,48,9,550.70,14.85,955.43,490.82
004,364,3340,889,171,,,12,5,2019,12,53,9,551.80,15.77,955.40,491.06
004,375,2384,2195,189,,,12,5,2019,12,58,9,552.10,15.48,955.45,490.67
004,454,3084,503,214,,,12,5,2019,13,3,9,563.10,15.95,955.33,491.71
004,510,3807,486,235,,,12,5,2019,13,8,9,562.10,16.23,955.37,491.36
004,564,2108,840,256,,,12,5,2019,13,13,9,553.60,16.40,955.37,491.36
004,587,1806,1625,272,,,12,5,2019,13,18,9,554.70,17.05,955.23,492.59
004,607,3411,1223,292,,,12,5,2019,13,23,9,554.20,17.43,955.26,492.32
004,674,2368,1574,307,,,12,5,2019,13,28,9,558.50,17.80,955.28,492.14
004,710,2129,1040,327,,,12,5,2019,13,33,9,559.60,17.65,955.34,491.65
004,747,1863,1603,334,,,12,5,2019,13,38,9,560.40,18.35,955.30,492.00
004,782,2739,2211,358,,,12,5,2019,13,43,9,562.40,17.32,955.35,491.56
004,806,2544,2438,359,,,12,5,2019,13,48,9,563.60,17.43,955.38,491.30
004,823,1959,2468,381,,,12,5,2019,13,53,9,561.00,17.98,955.44,490.72
004,870,3161,2680,388,,,12,5,2019,13,58,9,561.30,17.96,955.48,490.44
004,902,1396,843,413,,,12,5,2019,14,3,9,558.20,18.59,955.42,490.92
004,919,2377,1160,420,,,12,5,2019,14,8,9,558.40,18.70,955.39,491.16
004,948,2274,1945,430,,,12,5,2019,14,13,9,559.50,18.73,955.41,491.02
004,974,3032,1305,440,,,12,5,2019,14,18,9,556.70,19.62,955.37,491.40
004,998,1116,1517,459,,,12,5,2019,14,23,9,558.80,20.12,955.45,490.68
004,1056,2241,969,471,,,12,5,2019,14,28,9,555.60,20.81,955.46,490.56
004,1062,2652,988,478,,,12,5,2019,14,33,9,554.10,21.59,955.42,490.91
004,1089,4095,2535,483,,,12,5,2019,14,38,9,554.60,22.63,955.52,490.04
004,1091,4092,2419,490,,,12,5,2019,14,43,9,552.90,23.46,955.48,490.39
004,1110,1627,2464,499,,,12,5,2019,14,48,9,551.30,23.55,955.42,490.92
004,1128,2622,2656,507,,,12,5,2019,14,53,9,551.70,22.88,955.42,490.93
004,1140,1244,2764,504,,,12,5,2019,14,58,9,548.00,24.28,955.43,490.86
004,1175,3724,3549,523,,,12,5,2019,15,3,9,553.60,24.88,955.36,491.47
004,1166,1223,3299,521,,,12,5,2019,15,8,9,554.10,25.97,955.31,491.85
004,1171,1912,3849,510,,,12,5,2019,15,13,9,550.60,25.47,955.28,492.11
004,1198,2846,3137,534,,,12,5,2019,15,18,9,549.80,25.75,955.27,492.23
004,1218,1270,3655,534,,,12,5,2019,15,23,9,554.30,27.06,955.16,493.22
004,1238,1302,4094,546,,,12,5,2019,15,28,9,550.20,27.81,955.16,493.22
004,1255,1303,4095,553,,,12,5,2019,15,33,9,552.90,28.71,955.19,492.97
004,1264,3452,4095,560,,,12,5,2019,15,38,9,556.40,28.25,955.05,494.19
004,1259,2979,4095,558,,,12,5,2019,15,43,9,554.20,27.22,955.13,493.42
004,1267,1302,3792,551,,,12,5,2019,15,48,9,557.50,26.41,955.17,493.13
004,1243,3097,4095,545,,,12,5,2019,15,53,9,558.40,27.15,955.02,494.44
004,1258,4092,3318,551,,,12,5,2019,15,58,9,560.40,26.22,955.01,494.48
004,1268,1330,4095,559,,,12,5,2019,16,3,9,554.60,26.46,955.08,493.94
004,1272,3936,4095,555,,,12,5,2019,16,8,9,553.40,28.31,954.97,494.85
004,1230,1285,4095,542,,,12,5,2019,16,13,9,554.00,29.19,954.94,495.12
004,1243,2992,4095,556,,,12,5,2019,16,18,9,553.50,29.25,954.88,495.64
004,1264,1294,4083,547,,,12,5,2019,16,23,9,564.60,28.63,954.83,496.11
004,1312,2487,4095,567,,,12,5,2019,16,28,9,556.90,29.23,954.80,496.37
004,1244,2342,4095,546,,,12,5,2019,16,33,9,555.80,29.25,954.76,496.73
004,1269,2148,4095,555,,,12,5,2019,16,38,9,552.00,28.43,954.71,497.09
004,1257,2987,4094,546,,,12,5,2019,16,43,9,552.30,28.13,954.57,498.38
004,1251,4094,4095,544,,,12,5,2019,16,48,9,553.30,28.41,954.48,499.16
004,1254,3665,4095,551,,,12,5,2019,16,53,9,553.80,28.58,954.48,499.13
004,1263,3837,4092,554,,,12,5,2019,16,58,9,552.00,28.01,954.33,500.41
004,1271,3695,4095,557,,,12,5,2019,17,3,9,553.60,29.41,954.24,501.26
004,1291,3686,4095,571,,,12,5,2019,17,8,9,550.50,28.82,954.24,501.27
004,1340,3750,4095,573,,,12,5,2019,17,13,9,557.70,29.47,954.13,502.19
004,1312,2946,2488,581,,,12,5,2019,17,18,9,557.00,31.04,954.12,502.33
004,1303,2733,2769,566,,,12,5,2019,17,23,9,552.90,31.21,954.02,503.20
004,1299,1347,4095,560,,,12,5,2019,17,28,9,555.00,29.54,954.02,503.13
004,1307,1353,4091,552,,,12,5,2019,17,33,9,557.00,28.94,953.93,503.92
004,1313,1367,4095,580,,,12,5,2019,17,38,9,555.30,29.22,953.93,503.94
004,1164,2382,4092,569,,,12,5,2019,17,43,9,552.70,28.84,954.00,503.33
004,1280,1337,4071,567,,,12,5,2019,17,48,9,551.60,29.55,953.96,503.69
004,1271,1297,4024,566,,,12,5,2019,17,53,9,559.90,29.19,953.94,503.87
004,1277,1335,4083,551,,,12,5,2019,17,58,9,566.30,30.01,953.92,504.02
004,1267,1311,2800,553,,,12,5,2019,18,3,9,556.80,31.61,953.98,503.54
004,1220,1255,2936,535,,,12,5,2019,18,8,9,556.50,31.19,953.94,503.89
004,1183,1232,2728,511,,,12,5,2019,18,13,9,544.80,31.06,953.94,503.86
004,1171,1198,2902,506,,,12,5,2019,18,18,9,547.40,30.90,953.90,504.25
004,1175,1215,3298,502,,,12,5,2019,18,23,9,556.50,31.94,953.85,504.69
004,1174,1223,2496,510,,,12,5,2019,18,28,9,556.70,31.94,953.86,504.58
004,1106,1150,3073,472,,,12,5,2019,18,33,9,552.40,30.96,953.87,504.47
004,1110,1136,2854,480,,,12,5,2019,18,38,9,558.60,31.32,953.92,504.06
004,1110,1152,2908,478,,,12,5,2019,18,43,9,549.80,31.80,953.79,505.15
004,1110,1163,2914,483,,,12,5,2019,18,48,9,553.90,32.21,953.79,505.13
004,1063,1107,2481,473,,,12,5,2019,18,53,9,557.20,32.42,953.78,505.24
004,1012,1050,2748,450,,,12,5,2019,18,58,9,554.50,30.01,953.82,504.91
004,1078,1131,3235,470,,,12,5,2019,19,3,9,552.30,29.15,953.78,505.24
004,984,2806,3250,434,,,12,5,2019,19,8,9,549.80,29.40,953.84,504.76
004,987,2460,3116,430,,,12,5,2019,19,13,9,551.50,30.03,953.82,504.92
004,1023,2255,2876,455,,,12,5,2019,19,18,9,549.80,30.36,953.75,505.54
004,931,2416,3316,407,,,12,5,2019,19,23,9,546.40,28.15,953.77,505.38
004,999,3217,3367,432,,,12,5,2019,19,28,9,551.00,27.97,953.82,504.93
004,972,3103,3539,423,,,12,5,2019,19,33,9,552.20,28.73,953.87,504.47
004,912,1095,3491,400,,,12,5,2019,19,38,9,562.60,28.91,953.82,504.92
004,918,1115,4070,412,,,12,5,2019,19,43,9,556.00,28.19,953.90,504.23
004,854,1044,3071,370,,,12,5,2019,19,48,9,554.60,27.45,953.85,504.61
004,875,2742,3017,386,,,12,5,2019,19,53,9,554.60,28.05,953.91,504.13
004,854,2153,3152,386,,,12,5,2019,19,58,9,555.80,26.79,954.00,503.34
004,747,2340,2887,326,,,12,5,2019,20,3,9,554.70,27.07,953.97,503.56
004,658,2959,2784,302,,,12,5,2019,20,8,9,550.80,27.69,953.98,503.54
004,667,3023,2908,300,,,12,5,2019,20,13,9,553.20,27.16,954.02,503.14
004,597,624,2867,269,,,12,5,2019,20,18,9,554.00,26.84,954.00,503.34
004,586,975,2764,258,,,12,5,2019,20,23,9,554.30,27.33,954.05,502.89
004,553,1947,2669,240,,,12,5,2019,20,28,9,548.20,26.48,953.99,503.40
004,530,3139,2924,230,,,12,5,2019,20,33,9,550.60,26.52,954.12,502.31
004,474,2527,2412,214,,,12,5,2019,20,38,9,548.60,25.46,954.08,502.59
004,439,3171,2370,198,,,12,5,2019,20,43,9,549.10,24.97,954.07,502.71
004,407,1958,2082,170,,,12,5,2019,20,48,9,547.20,24.81,954.15,502.03
004,331,2599,2483,154,,,12,5,2019,20,53,9,545.70,24.41,954.12,502.33
004,269,1505,2660,127,,,12,5,2019,20,58,9,545.30,24.47,954.08,502.62
004,220,460,2727,108,,,12,5,2019,21,3,9,549.30,24.00,954.21,501.48
004,176,1734,2312,101,,,12,5,2019,21,8,9,546.90,23.69,954.21,501.53
004,137,2640,2311,71,,,12,5,2019,21,13,9,544.80,23.58,954.18,501.80
004,143,3392,2156,110,,,13,5,2019,12,13,10,554.70,14.13,954.81,496.24
004,176,2181,1667,116,,,13,5,2019,12,18,10,556.00,14.76,954.78,496.48
004,231,2534,2146,138,,,13,5,2019,12,23,10,556.20,15.76,954.87,495.74
004,275,3415,2105,150,,,13,5,2019,12,28,10,554.80,16.11,954.85,495.87
004,314,1976,1843,148,,,13,5,2019,12,33,10,555.80,16.51,954.80,496.30
004,351,3591,1665,175,,,13,5,2019,12,38,10,554.50,17.01,954.75,496.76
004,423,2018,2211,202,,,13,5,2019,12,43,10,556.20,16.64,954.82,496.14
004,487,1780,1996,217,,,13,5,2019,12,48,10,547.90,16.37,954.83,496.08
004,501,1795,2464,246,,,13,5,2019,12,53,10,552.50,17.53,954.84,496.01
004,564,2712,1772,268,,,13,5,2019,12,58,10,556.10,18.30,954.77,496.59
004,611,1523,2287,279,,,13,5,2019,13,3,10,555.90,19.11,954.77,496.64
004,674,1207,2919,308,,,13,5,2019,13,8,10,557.90,19.32,954.77,496.63
004,726,1635,2467,323,,,13,5,2019,13,13,10,557.20,18.81,954.84,495.95
004,771,2147,3302,343,,,13,5,2019,13,18,10,558.60,19.18,954.72,497.01
004,809,2343,2076,365,,,13,5,2019,13,23,10,554.50,18.56,954.84,495.95
004,844,2931,2204,378,,,13,5,2019,13,28,10,557.80,19.07,954.86,495.85
004,867,1991,1497,390,,,13,5,2019,13,33,10,563.70,20.31,954.88,495.67
004,790,2523,983,401,,,13,5,2019,13,38,10,561.90,21.45,954.76,496.72
004,926,2876,2574,422,,,13,5,2019,13,43,10,563.70,22.31,954.80,496.37
004,962,2975,3252,431,,,13,5,2019,13,48,10,564.30,23.24,954.76,496.68
004,983,2998,2924,434,,,13,5,2019,13,53,10,565.80,23.57,954.70,497.19
004,1031,2006,3155,466,,,13,5,2019,13,58,10,554.20,23.51,954.71,497.12
004,1059,2643,2857,476,,,13,5,2019,14,3,10,560.10,23.78,954.66,497.60
004,1142,3646,2662,506,,,13,5,2019,14,8,10,564.70,24.25,954.65,497.64
004,1140,2928,2878,498,,,13,5,2019,14,13,10,559.60,23.94,954.64,497.77
004,1123,2240,2047,511,,,13,5,2019,14,18,10,558.50,24.47,954.61,497.96
004,1154,1975,2858,505,,,13,5,2019,14,23,10,554.60,25.43,954.56,498.45
004,1132,2663,2476,528,,,13,5,2019,14,28,10,555.20,25.84,954.51,498.89
004,1159,4095,3135,521,,,13,5,2019,14,33,10,558.20,26.20,954.52,498.75
004,1174,2202,3718,544,,,13,5,2019,14,38,10,556.20,26.24,954.41,499.79
004,1219,3251,3574,542,,,13,5,2019,14,43,10,557.70,26.64,954.48,499.12
004,1223,2773,3116,550,,,13,5,2019,14,48,10,554.50,27.22,954.43,499.58
004,1223,3855,2887,542,,,13,5,2019,14,53,10,552.40,27.48,954.41,499.74
004,1254,3084,3120,554,,,13,5,2019,14,58,10,557.00,27.66,954.38,500.02
004,1273,1960,3310,548,,,13,5,2019,15,3,10,554.60,27.99,954.35,500.25
004,1265,2523,3599,561,,,13,5,2019,15,8,10,553.60,27.01,954.34,500.39
004,1280,1319,3406,555,,,13,5,2019,15,13,10,552.80,27.26,954.31,500.62
004,1298,3769,4092,574,,,13,5,2019,15,18,10,552.00,29.25,954.24,501.20
004,1303,1360,4090,567,,,13,5,2019,15,23,10,551.50,29.56,954.13,502.16
004,1302,1845,4095,574,,,13,5,2019,15,28,10,553.30,29.23,954.16,501.95
004,1287,1352,4094,558,,,13,5,2019,15,33,10,555.70,29.78,954.14,502.07
004,1287,1339,4092,571,,,13,5,2019,15,38,10,557.50,30.23,954.15,502.02
004,1322,1377,4095,578,,,13,5,2019,15,43,10,556.10,30.45,954.16,501.97
004,1329,1379,3972,576,,,13,5,2019,15,48,10,555.40,30.97,954.09,502.51
004,1332,1859,4095,590,,,13,5,2019,15,53,10,557.00,30.83,954.09,502.53
004,1327,2279,3203,594,,,13,5,2019,15,58,10,556.90,30.97,954.06,502.77
004,1345,2135,4095,592,,,13,5,2019,16,3,10,553.30,31.00,953.96,503.71
004,1324,3135,4095,582,,,13,5,2019,16,8,10,558.10,29.19,953.87,504.44
004,1298,3310,4095,574,,,13,5,2019,16,13,10,551.70,29.23,953.85,504.63
004,1339,3400,2889,586,,,13,5,2019,16,18,10,561.70,30.70,953.84,504.69
004,1360,2035,4094,601,,,13,5,2019,16,23,10,559.60,30.89,953.74,505.62
004,1343,2076,4095,591,,,13,5,2019,16,28,10,553.80,31.92,953.72,505.78
004,1379,2487,4094,606,,,13,5,2019,16,33,10,554.00,32.07,953.65,506.41
004,1376,1520,3015,609,,,13,5,2019,16,38,10,554.60,31.83,953.61,506.71
004,1359,1568,3364,595,,,13,5,2019,16,43,10,554.40,32.46,953.58,507.05
004,1321,1489,2852,576,,,13,5,2019,16,48,10,553.00,31.51,953.45,508.13
004,1291,1509,2800,568,,,13,5,2019,16,53,10,554.60,31.29,953.46,508.10
004,1223,2622,3664,534,,,13,5,2019,16,58,10,551.80,32.32,953.43,508.36
004,1256,2608,3483,550,,,13,5,2019,17,3,10,551.80,31.74,953.38,508.78
004,1265,2619,3191,548,,,13,5,2019,17,8,10,556.00,30.56,953.40,508.54
004,1217,2960,3310,535,,,13,5,2019,17,13,10,553.10,30.62,953.34,509.08
004,1211,2515,2568,530,,,13,5,2019,17,18,10,552.80,31.79,953.35,509.01
004,1196,3011,2765,519,,,13,5,2019,17,23,10,552.00,32.35,953.34,509.11
004,1238,2630,3169,530,,,13,5,2019,17,28,10,553.50,31.54,953.32,509.31
004,1219,2517,2715,519,,,13,5,2019,17,33,10,553.90,32.38,953.33,509.17
004,1245,2572,3415,542,,,13,5,2019,17,38,10,554.80,32.52,953.30,509.48
004,1062,2479,2995,529,,,13,5,2019,17,43,10,553.80,32.39,953.27,509.69
004,1215,2577,3568,519,,,13,5,2019,17,48,10,553.60,32.50,953.34,509.14
004,1214,2355,3251,531,,,13,5,2019,17,53,10,560.00,33.10,953.28,509.65
004,1244,2425,3095,537,,,13,5,2019,17,58,10,560.40,33.00,953.25,509.91
004,1239,2468,3123,535,,,13,5,2019,18,3,10,559.40,32.05,953.27,509.76
004,1256,2668,2901,546,,,13,5,2019,18,8,10,554.80,32.10,953.18,510.50
004,1283,2631,3215,558,,,13,5,2019,18,13,10,551.10,33.13,953.25,509.89
004,1262,2503,2847,550,,,13,5,2019,18,18,10,554.60,33.98,953.21,510.21
004,1214,1732,3143,531,,,13,5,2019,18,23,10,557.20,35.06,953.20,510.32
004,1188,1624,3003,531,,,13,5,2019,18,28,10,555.30,35.27,953.21,510.22
004,1198,1639,2826,528,,,13,5,2019,18,33,10,552.60,34.84,953.20,510.31
004,1231,1666,2270,534,,,13,5,2019,18,38,10,548.10,34.37,953.16,510.72
004,1135,1508,2528,504,,,13,5,2019,18,43,10,551.00,35.06,953.11,511.10
004,1188,1543,2860,508,,,13,5,2019,18,48,10,557.80,34.22,953.12,511.00
004,1183,1541,3016,511,,,13,5,2019,18,53,10,555.80,34.37,953.11,511.12
004,1158,1523,2930,508,,,13,5,2019,18,58,10,551.70,34.79,953.09,511.32
004,1152,1510,3016,518,,,13,5,2019,19,3,10,552.90,33.74,953.06,511.55
004,1100,1549,2953,488,,,13,5,2019,19,8,10,552.60,32.38,953.09,511.26
004,1080,1648,3111,470,,,13,5,2019,19,13,10,554.80,32.92,953.12,511.05
004,1067,1659,3470,471,,,13,5,2019,19,18,10,555.30,33.43,953.07,511.44
004,1047,1679,2502,466,,,13,5,2019,19,23,10,554.70,33.45,953.10,511.22
004,1027,1560,3726,449,,,13,5,2019,19,28,10,554.80,32.45,953.12,511.06
004,982,1655,3044,426,,,13,5,2019,19,33,10,551.60,32.51,953.02,511.94
004,943,1558,2816,400,,,13,5,2019,19,38,10,558.20,33.80,953.01,511.96
004,838,1542,3272,412,,,13,5,2019,19,43,10,553.20,33.22,953.06,511.54
004,873,1544,2616,378,,,13,5,2019,19,51,57,552.60,32.32,953.01,512.02
004,663,1944,2408,300,,,13,5,2019,20,18,10,555.80,31.78,953.19,510.41
004,636,2067,2369,295,,,13,5,2019,20,23,10,553.10,31.16,953.23,510.09
004,625,2096,2595,263,,,13,5,2019,20,28,10,553.70,30.22,953.14,510.83
004,557,576,2645,243,,,13,5,2019,20,33,10,553.00,30.34,953.09,511.32
004,490,1195,2806,214,,,13,5,2019,20,38,10,550.80,30.66,953.12,510.99
004,451,1223,2351,198,,,13,5,2019,20,43,10,552.50,30.34,953.19,510.38
004,399,1072,2637,182,,,13,5,2019,20,48,10,548.20,30.47,953.18,510.50
004,352,1138,2607,153,,,13,5,2019,20,53,10,547.20,30.26,953.18,510.54
004,295,1815,2587,130,,,13,5,2019,20,58,10,542.10,29.31,953.32,509.27
004,243,2625,2497,109,,,13,5,2019,21,3,10,547.80,28.76,953.30,509.43
004,187,1201,2631,110,,,13,5,2019,21,8,10,548.30,28.57,953.30,509.50
004,148,455,2180,79,,,13,5,2019,21,13,10,549.50,28.05,953.27,509.73
004,154,2543,2045,94,,,14,5,2019,12,13,10,558.40,16.01,953.20,510.32
004,207,3224,2868,114,,,14,5,2019,12,18,10,562.50,16.75,953.18,510.50
004,254,1735,2394,122,,,14,5,2019,12,23,10,558.10,17.43,953.23,510.02
004,298,1414,1625,138,,,14,5,2019,12,28,10,555.80,17.89,953.24,509.96
004,348,1519,1459,161,,,14,5,2019,12,33,10,553.20,18.59,953.17,510.64
004,374,2163,2052,179,,,14,5,2019,12,38,10,552.50,19.32,953.21,510.20
004,411,2768,1777,194,,,14,5,2019,12,43,10,556.00,19.75,953.15,510.76
004,452,1410,1601,212,,,14,5,2019,12,48,10,556.50,20.34,953.18,510.48
004,509,2618,1891,231,,,14,5,2019,12,53,10,559.60,19.83,953.14,510.84
004,566,2192,1710,256,,,14,5,2019,12,58,10,557.60,19.61,953.21,510.25
004,595,2531,1806,279,,,14,5,2019,13,3,10,553.40,19.85,953.12,511.01
004,662,2734,1694,294,,,14,5,2019,13,8,10,553.00,20.70,953.17,510.59
004,710,1595,2465,330,,,14,5,2019,13,13,10,553.20,21.37,953.19,510.44
004,729,2975,2547,331,,,14,5,2019,13,18,10,556.20,21.85,953.14,510.82
004,751,2487,1631,340,,,14,5,2019,13,23,10,558.70,22.61,953.13,510.91
004,799,2222,1737,370,,,14,5,2019,13,28,10,560.50,22.83,953.16,510.70
004,815,1791,2700,372,,,14,5,2019,13,33,10,565.50,23.06,953.17,510.55
004,871,2403,2884,390,,,14,5,2019,13,38,10,562.90,23.17,953.24,509.95
004,885,2459,2889,395,,,14,5,2019,13,43,10,562.20,23.35,953.27,509.71
004,945,2967,2734,422,,,14,5,2019,13,48,10,564.80,23.60,953.28,509.61
004,947,2652,2461,409,,,14,5,2019,13,53,10,560.40,23.78,953.29,509.55
004,956,1012,2371,425,,,14,5,2019,13,58,10,563.10,24.20,953.27,509.68
004,971,2662,2777,432,,,14,5,2019,14,3,10,563.60,24.90,953.27,509.76
004,1009,2343,2774,444,,,14,5,2019,14,8,10,561.40,24.72,953.33,509.19
004,1028,2370,2945,455,,,14,5,2019,14,13,10,560.10,24.76,953.30,509.43
004,1059,2934,2663,467,,,14,5,2019,14,18,10,558.00,25.05,953.30,509.48
004,1063,1658,3129,480,,,14,5,2019,14,23,10,560.00,25.91,953.29,509.52
004,1088,2115,2838,494,,,14,5,2019,14,28,10,559.80,26.23,953.22,510.13
004,1110,1145,2503,491,,,14,5,2019,14,33,10,546.90,27.38,953.10,511.23
004,1135,2847,2460,503,,,14,5,2019,14,38,10,552.70,28.23,953.10,511.20
004,1139,2901,3321,508,,,14,5,2019,14,43,10,554.80,28.51,953.09,511.31
004,1163,1220,3875,518,,,14,5,2019,14,48,10,554.20,27.46,953.07,511.45
004,1159,1207,4080,519,,,14,5,2019,14,53,10,557.00,27.34,953.07,511.49
004,1166,1219,2792,514,,,14,5,2019,14,58,10,557.10,27.88,953.08,511.35
004,1177,1268,3537,515,,,14,5,2019,15,3,10,559.30,27.64,953.07,511.45
004,1199,2583,3015,519,,,14,5,2019,15,8,10,553.90,28.52,953.06,511.54
004,1203,2044,3500,534,,,14,5,2019,15,13,10,555.60,29.18,953.01,511.99
004,1225,2521,3399,538,,,14,5,2019,15,18,10,555.40,29.03,953.03,511.77
004,1239,2561,4095,550,,,14,5,2019,15,23,10,555.00,29.75,953.01,512.03
004,1219,2379,2558,538,,,14,5,2019,15,28,10,557.50,30.98,952.90,512.91
004,1195,2358,2353,544,,,14,5,2019,15,33,10,556.80,30.64,952.93,512.67
004,1184,2298,2771,541,,,14,5,2019,15,38,10,559.20,31.45,952.90,512.98
004,1262,2321,3324,560,,,14,5,2019,15,43,10,559.60,30.99,952.93,512.70
004,1271,3177,3712,562,,,14,5,2019,15,48,10,561.80,30.79,952.90,512.92
004,1303,3871,2832,556,,,14,5,2019,15,53,10,560.00,31.39,952.87,513.18
004,1286,3678,3612,551,,,14,5,2019,15,58,10,558.90,32.39,952.84,513.48
004,1279,1329,2990,556,,,14,5,2019,16,3,10,556.90,32.06,952.78,514.00
004,1266,2417,4091,561,,,14,5,2019,16,8,10,555.80,30.73,952.77,514.10
004,1303,2742,2171,569,,,14,5,2019,16,13,10,557.30,31.24,952.77,514.10
004,1319,1351,2500,561,,,14,5,2019,16,18,10,561.60,32.29,952.76,514.14
004,1313,1351,3198,571,,,14,5,2019,16,23,10,553.20,32.51,952.75,514.26
004,1312,3145,3427,572,,,14,5,2019,16,28,10,559.00,32.14,952.74,514.37
004,1284,3193,3481,557,,,14,5,2019,16,33,10,560.90,32.39,952.67,515.00
004,1303,3186,3528,564,,,14,5,2019,16,38,10,551.20,32.49,952.66,515.01
004,1368,2256,3643,574,,,14,5,2019,16,43,10,551.60,31.88,952.59,515.69
004,1290,2150,1215,562,,,14,5,2019,16,48,10,549.70,33.04,952.46,516.82
004,1311,3475,4086,574,,,14,5,2019,16,53,10,553.60,32.58,952.37,517.60
004,1306,1947,3362,566,,,14,5,2019,16,58,10,555.90,32.57,952.32,518.05
004,1305,2095,3712,567,,,14,5,2019,17,3,10,558.50,33.04,952.25,518.63
004,1332,1795,2757,578,,,14,5,2019,17,8,10,558.70,33.38,952.14,519.57
004,1329,1713,3470,590,,,14,5,2019,17,13,10,557.40,32.40,952.14,519.65
004,1302,1868,3410,566,,,14,5,2019,17,18,10,557.10,32.30,952.06,520.33
004,1272,2279,3112,550,,,14,5,2019,17,23,10,551.70,32.54,952.06,520.28
004,1238,2087,3136,540,,,14,5,2019,17,28,10,557.40,33.23,951.97,521.13
004,1235,3060,2705,532,,,14,5,2019,17,33,10,556.40,35.03,951.94,521.40
004,1195,3577,3171,515,,,14,5,2019,17,38,10,556.20,34.17,951.90,521.73
004,1047,3265,2799,506,,,14,5,2019,17,43,10,559.50,34.76,951.90,521.75
004,1145,3347,3100,494,,,14,5,2019,17,48,10,563.50,34.20,951.86,522.10
004,1154,3417,3143,503,,,14,5,2019,17,53,10,565.80,35.14,951.78,522.76
004,1202,3488,2907,522,,,14,5,2019,17,58,10,565.30,34.54,951.72,523.30
004,1184,3409,3091,518,,,14,5,2019,18,3,10,558.20,35.61,951.70,523.43
004,1294,3709,3635,550,,,14,5,2019,18,8,10,555.10,36.45,951.62,524.14
004,1251,1820,4049,547,,,14,5,2019,18,13,10,560.70,37.07,951.58,524.49
004,1148,2252,3516,495,,,14,5,2019,18,18,10,562.00,36.56,951.59,524.44
004,1163,1206,3132,500,,,14,5,2019,18,23,10,559.30,34.56,951.53,524.92
004,1150,2193,3462,486,,,14,5,2019,18,28,10,549.80,34.18,951.47,525.43
004,1131,2566,3062,507,,,14,5,2019,18,33,10,552.60,34.60,951.39,526.18
004,1071,2611,3132,476,,,14,5,2019,18,38,10,557.40,34.96,951.51,525.09
004,1072,2236,3327,458,,,14,5,2019,18,43,10,557.20,34.73,951.44,525.73
004,1058,2345,3631,461,,,14,5,2019,18,48,10,555.30,33.78,951.41,526.03
004,1052,1990,3632,454,,,14,5,2019,18,53,10,555.20,34.12,951.39,526.14
004,1058,2393,3571,468,,,14,5,2019,18,58,10,558.50,34.19,951.43,525.87
004,1073,2213,3346,468,,,14,5,2019,19,3,10,553.00,35.69,951.48,525.34
004,1012,2161,3196,445,,,14,5,2019,19,8,10,551.50,35.31,951.53,524.96
004,994,1860,1981,431,,,14,5,2019,19,13,10,556.00,35.01,951.46,525.57
004,1039,2074,3248,453,,,14,5,2019,19,18,10,552.40,33.71,951.37,526.38
004,1059,2098,3544,453,,,14,5,2019,19,23,10,550.60,34.64,951.30,526.94
004,977,2275,2751,431,,,14,5,2019,19,28,10,554.10,34.18,951.32,526.79
004,960,2320,2883,416,,,14,5,2019,19,33,10,553.70,34.40,951.24,527.46
004,898,2153,2559,390,,,14,5,2019,19,38,10,553.30,34.81,951.26,527.30
004,845,2065,2751,365,,,14,5,2019,19,43,10,556.00,34.66,951.18,528.00
004,775,1655,3279,338,,,14,5,2019,19,48,10,553.90,35.16,951.14,528.41
004,846,1729,2883,370,,,14,5,2019,19,53,10,553.40,34.90,951.20,527.82
004,818,1826,2972,358,,,14,5,2019,19,58,10,556.50,34.64,951.13,528.45
004,771,1824,3151,335,,,14,5,2019,20,3,10,555.30,34.31,951.17,528.07
004,715,1859,2873,317,,,14,5,2019,20,8,10,553.60,34.10,951.09,528.78
004,698,1872,2819,316,,,14,5,2019,20,13,10,555.40,34.81,951.10,528.70
004,675,1572,3184,295,,,14,5,2019,20,18,10,551.80,34.64,951.10,528.75
004,626,1543,3185,274,,,14,5,2019,20,23,10,552.30,34.90,951.06,529.03
004,571,1584,2732,250,,,14,5,2019,20,28,10,548.10,34.62,951.03,529.36
004,512,1430,3234,219,,,14,5,2019,20,33,10,549.40,34.10,950.96,529.98
004,453,487,2811,199,,,14,5,2019,20,38,10,550.50,33.54,950.89,530.53
004,407,934,3158,186,,,14,5,2019,20,43,10,547.50,32.94,950.90,530.47
004,374,387,598,162,,,14,5,2019,20,48,10,548.20,32.35,950.87,530.71
004,297,1327,1321,137,,,14,5,2019,20,53,10,542.20,31.78,950.91,530.39
004,252,1892,2065,112,,,14,5,2019,20,58,10,544.90,31.39,950.95,530.04
004,183,2408,2145,108,,,14,5,2019,21,3,10,546.10,30.79,950.90,530.45
004,150,1054,2556,87,,,14,5,2019,21,8,10,547.90,30.03,950.91,530.42
004,112,1325,2434,46,,,14,5,2019,21,13,10,546.40,29.42,951.04,529.28
004,97,871,1421,47,,,15,5,2019,12,13,10,559.20,14.72,951.29,527.01
004,138,1975,2228,88,,,15,5,2019,12,18,10,558.70,15.11,951.25,527.42
004,174,1198,1664,116,,,15,5,2019,12,23,10,556.40,15.31,951.21,527.73
004,213,1636,549,110,,,15,5,2019,12,28,10,555.40,15.33,951.33,526.72
004,268,1198,236,117,,,15,5,2019,12,33,10,551.80,15.99,951.34,526.64
004,294,364,1767,137,,,15,5,2019,12,38,10,551.50,16.97,951.26,527.30
004,335,1649,300,157,,,15,5,2019,12,43,10,555.40,17.85,951.29,527.06
004,374,1936,2240,179,,,15,5,2019,12,48,10,558.30,18.41,951.25,527.43
004,426,2590,2355,194,,,15,5,2019,12,53,10,557.30,18.38,951.14,528.39
004,478,2257,2608,224,,,15,5,2019,12,58,10,552.30,18.07,951.23,527.59
004,500,1904,2983,233,,,15,5,2019,13,3,10,552.00,18.44,951.33,526.69
004,547,1362,1132,246,,,15,5,2019,13,8,10,553.90,18.64,951.37,526.31
004,583,1306,1211,270,,,15,5,2019,13,13,10,556.70,19.46,951.36,526.46
004,615,1420,1635,282,,,15,5,2019,13,18,10,554.30,20.78,951.46,525.52
004,647,1644,2111,296,,,15,5,2019,13,23,10,554.40,22.05,951.42,525.88
004,690,3078,2480,318,,,15,5,2019,13,28,10,561.90,22.96,951.33,526.73
004,753,1459,2588,340,,,15,5,2019,13,33,10,561.50,23.86,951.16,528.21
004,781,822,2755,351,,,15,5,2019,13,38,10,561.00,24.85,951.11,528.65
004,819,2719,2663,367,,,15,5,2019,13,43,10,558.60,25.49,951.07,528.97
004,849,2147,2873,379,,,15,5,2019,13,48,10,561.40,25.73,951.09,528.82
004,854,3011,3168,368,,,15,5,2019,13,53,10,559.10,25.33,951.16,528.23
004,882,2416,3315,391,,,15,5,2019,13,58,10,558.20,25.45,951.19,527.89
004,893,2777,3088,394,,,15,5,2019,14,3,10,559.70,25.54,951.22,527.64
004,907,3168,3233,410,,,15,5,2019,14,8,10,555.80,25.50,951.27,527.19
004,942,2463,3118,438,,,15,5,2019,14,13,10,559.70,25.73,951.23,527.55
004,936,902,2902,422,,,15,5,2019,14,18,10,559.20,25.79,951.18,528.05
004,931,2868,3123,434,,,15,5,2019,14,23,10,554.70,25.97,951.12,528.52
004,992,2145,3039,442,,,15,5,2019,14,28,10,538.00,25.38,951.10,528.68
004,969,1014,2878,447,,,15,5,2019,14,33,10,554.50,25.73,951.08,528.87
004,1022,2233,3425,458,,,15,5,2019,14,38,10,556.70,26.12,951.07,528.96
004,1043,2278,3273,455,,,15,5,2019,14,43,10,557.80,26.64,951.07,528.96
004,1103,2502,3104,487,,,15,5,2019,14,48,10,553.90,26.85,951.12,528.51
004,1141,3120,3192,511,,,15,5,2019,14,53,10,556.40,26.50,951.13,528.47
004,1154,2943,3121,511,,,15,5,2019,14,58,10,557.70,27.06,951.13,528.47
004,1159,2220,3153,513,,,15,5,2019,15,3,10,558.00,26.78,951.10,528.69
004,1159,2198,3425,519,,,15,5,2019,15,8,10,557.00,26.35,951.13,528.50
004,1187,1226,3172,515,,,15,5,2019,15,13,10,556.10,27.86,951.05,529.19
004,1154,2822,3012,510,,,15,5,2019,15,18,10,553.80,28.47,951.05,529.14
004,1169,1217,3449,518,,,15,5,2019,15,23,10,556.90,28.93,951.05,529.19
004,1190,3327,3038,528,,,15,5,2019,15,28,10,558.80,29.26,950.98,529.79
004,1184,2337,4094,523,,,15,5,2019,15,33,10,557.10,30.93,950.97,529.87
004,1210,2434,3233,536,,,15,5,2019,15,38,10,561.60,30.03,951.03,529.37
004,1234,1870,4070,530,,,15,5,2019,15,43,10,559.60,29.59,951.05,529.11
004,1231,2374,3280,546,,,15,5,2019,15,48,10,563.00,30.27,951.03,529.36
004,1235,1553,3792,562,,,15,5,2019,15,53,10,557.10,30.30,950.91,530.41
004,1287,2353,4081,562,,,15,5,2019,15,58,10,558.60,30.78,950.90,530.48
004,1318,1574,3299,591,,,15,5,2019,16,3,10,559.60,31.44,950.90,530.48
004,1287,2615,3522,562,,,15,5,2019,16,8,10,552.10,32.12,950.95,530.03
004,1257,1447,1892,550,,,15,5,2019,16,13,10,556.10,33.34,950.92,530.26
004,1244,1378,3513,539,,,15,5,2019,16,18,10,554.90,32.38,950.98,529.80
004,1234,2355,3044,535,,,15,5,2019,16,23,10,555.10,31.63,950.86,530.86
004,1299,1535,3952,554,,,15,5,2019,16,28,10,553.40,31.38,950.75,531.76
004,1280,1446,2971,552,,,15,5,2019,16,33,10,554.00,32.33,950.63,532.79
004,1225,1377,4095,540,,,15,5,2019,16,38,10,548.10,31.66,950.64,532.76
004,1138,1263,3643,508,,,15,5,2019,16,43,10,546.60,32.15,950.56,533.45
004,1102,1219,3408,474,,,15,5,2019,16,48,10,547.90,32.25,950.51,533.90
004,993,1112,4095,434,,,15,5,2019,16,53,10,549.50,31.75,950.38,535.05
004,939,1023,3535,409,,,15,5,2019,16,58,10,553.40,31.21,950.30,535.71
004,1083,1203,3456,482,,,15,5,2019,17,3,10,557.10,32.13,950.19,536.71
004,971,1075,4029,432,,,15,5,2019,17,8,10,555.90,30.14,950.15,537.06
004,1099,2622,3704,483,,,15,5,2019,17,13,10,555.50,29.36,950.20,536.58
004,1195,2127,3901,526,,,15,5,2019,17,18,10,555.60,29.31,950.17,536.89
004,1263,2223,3129,552,,,15,5,2019,17,23,10,555.70,30.19,950.17,536.85
004,1274,2441,3548,548,,,15,5,2019,17,28,10,555.90,29.36,950.15,537.01
004,1069,2151,3432,455,,,15,5,2019,17,33,10,556.10,28.23,950.13,537.19
004,814,2215,2886,376,,,15,5,2019,17,38,10,552.20,27.93,950.11,537.39
004,891,2050,3193,432,,,15,5,2019,17,43,10,561.70,27.82,950.05,537.89
004,1055,2238,3504,455,,,15,5,2019,17,48,10,559.50,28.15,950.03,538.14
004,1193,2775,3699,514,,,15,5,2019,17,53,10,570.30,28.36,950.04,538.01
004,1194,1241,3700,518,,,15,5,2019,17,58,10,558.70,28.25,950.04,538.04
004,1193,1259,3676,530,,,15,5,2019,18,3,10,554.40,28.44,950.04,537.99
004,1280,1328,3181,566,,,15,5,2019,18,8,10,556.40,27.23,949.92,539.05
004,1279,1323,3551,553,,,15,5,2019,18,13,10,558.20,29.07,949.88,539.41
004,1218,1267,4095,564,,,15,5,2019,18,18,10,552.90,28.46,949.91,539.19
004,1222,2403,3631,540,,,15,5,2019,18,23,10,555.60,28.18,949.80,540.15
004,1246,2006,4089,551,,,15,5,2019,18,28,10,552.40,28.16,949.84,539.75
004,1255,1945,3123,558,,,15,5,2019,18,33,10,556.80,27.71,949.76,540.43
004,1299,1854,4094,576,,,15,5,2019,18,38,10,560.20,28.48,949.69,541.04
004,1246,1749,3038,548,,,15,5,2019,18,43,10,552.50,27.90,949.73,540.74
004,1225,1776,4094,521,,,15,5,2019,18,48,10,558.10,28.78,949.76,540.46
004,1184,1634,3171,523,,,15,5,2019,18,53,10,556.80,27.73,949.79,540.19
004,1166,1698,3139,519,,,15,5,2019,18,58,10,557.30,28.19,949.71,540.92
004,1166,1667,3421,519,,,15,5,2019,19,3,10,554.00,27.86,949.81,540.04
004,1134,1735,3459,498,,,15,5,2019,19,8,10,553.50,26.64,949.77,540.38
004,1059,1559,2593,470,,,15,5,2019,19,13,10,555.70,27.51,949.76,540.49
004,997,2136,3009,460,,,15,5,2019,19,18,10,551.40,28.12,949.79,540.19
004,1024,2083,3031,459,,,15,5,2019,19,23,10,558.00,27.08,949.81,540.00
004,1009,1737,3311,444,,,15,5,2019,19,28,10,553.20,27.05,949.74,540.63
004,990,1619,3507,436,,,15,5,2019,19,33,10,556.20,28.27,949.53,542.45
004,992,1488,2961,455,,,15,5,2019,19,38,10,556.20,28.29,949.49,542.82
004,930,1670,2864,402,,,15,5,2019,19,43,10,554.90,27.45,949.60,541.90
004,896,1676,2998,402,,,15,5,2019,19,48,10,554.60,26.85,949.57,542.15
004,835,1529,2764,374,,,15,5,2019,19,53,10,559.10,26.02,949.64,541.52
004,779,822,2652,345,,,15,5,2019,19,58,10,557.30,26.33,949.68,541.16
004,732,769,3116,327,,,15,5,2019,20,3,10,558.10,26.06,949.71,540.93
004,694,720,2568,306,,,15,5,2019,20,8,10,555.20,25.17,949.80,540.14
004,654,667,2638,295,,,15,5,2019,20,13,10,553.50,24.84,949.81,540.02
004,596,630,2680,268,,,15,5,2019,20,18,10,551.80,24.17,949.88,539.43
004,587,1680,2659,263,,,15,5,2019,20,23,10,552.20,24.62,949.88,539.46
004,515,2480,2393,230,,,15,5,2019,20,28,10,553.60,23.31,950.13,537.21
004,438,562,2896,198,,,15,5,2019,20,33,10,548.70,23.23,950.19,536.67
004,386,406,2076,173,,,15,5,2019,20,38,10,549.70,22.42,950.31,535.67
004,342,374,1913,154,,,15,5,2019,20,43,10,550.80,22.16,950.36,535.18
004,307,332,1304,142,,,15,5,2019,20,48,10,550.70,21.75,950.45,534.40
004,271,310,919,127,,,15,5,2019,20,53,10,549.70,22.01,950.54,533.63
004,222,415,1497,110,,,15,5,2019,20,58,10,547.90,21.57,950.54,533.61
004,173,1192,1272,107,,,15,5,2019,21,3,10,547.00,21.63,950.66,532.53
004,90,367,1245,36,,,15,5,2019,21,8,10,549.40,21.06,950.67,532.52
004,79,1090,1636,24,,,15,5,2019,21,13,10,546.00,20.53,950.79,531.43
004,10,0,367,8,,,16,5,2019,12,13,10,558.40,10.34,953.60,506.86
004,9,0,361,8,,,16,5,2019,12,18,10,552.50,10.47,953.69,506.06
004,8,0,331,9,,,16,5,2019,12,23,10,552.40,10.67,953.75,505.53
004,9,0,259,8,,,16,5,2019,12,28,10,555.60,10.82,953.72,505.80
004,10,0,268,8,,,16,5,2019,12,33,10,553.60,10.50,953.78,505.23
004,10,0,286,13,,,16,5,2019,12,38,10,552.80,10.52,953.81,505.00
004,10,0,246,8,,,16,5,2019,12,43,10,557.70,10.37,953.73,505.74
004,10,0,207,9,,,16,5,2019,12,48,10,557.30,10.34,953.74,505.58
004,9,0,225,8,,,16,5,2019,12,53,10,555.60,10.64,953.69,506.02
004,9,0,256,9,,,16,5,2019,12,58,10,552.80,10.60,953.68,506.12
004,10,0,303,11,,,16,5,2019,13,3,10,550.50,10.25,953.66,506.31
004,10,0,358,9,,,16,5,2019,13,8,10,552.20,9.59,953.78,505.25
004,9,0,333,8,,,16,5,2019,13,13,10,553.90,9.58,953.76,505.42
004,10,0,288,8,,,16,5,2019,13,18,10,556.90,10.00,953.68,506.16
004,11,0,270,8,,,16,5,2019,13,23,10,565.50,10.33,953.74,505.63
004,9,0,263,8,,,16,5,2019,13,28,10,565.50,10.89,953.60,506.83
004,8,0,259,8,,,16,5,2019,13,33,10,564.90,11.49,953.64,506.49
004,8,0,200,8,,,16,5,2019,13,38,10,560.80,11.98,953.65,506.42
004,8,0,199,8,,,16,5,2019,13,43,10,563.10,12.09,953.59,506.93
004,8,0,220,8,,,16,5,2019,13,48,10,561.00,12.03,953.42,508.40
004,8,0,196,8,,,16,5,2019,13,53,10,559.80,12.18,953.56,507.17
004,7,0,211,8,,,16,5,2019,13,58,10,551.80,12.41,953.44,508.24
004,9,0,218,8,,,16,5,2019,14,3,10,556.30,12.39,953.53,507.46
004,7,0,228,8,,,16,5,2019,14,8,10,552.50,12.70,953.42,508.41
004,7,0,175,7,,,16,5,2019,14,13,10,555.90,12.95,953.44,508.21
004,8,0,134,8,,,16,5,2019,14,18,10,558.20,12.86,953.42,508.38
004,1166,2490,1126,532,,,22,5,2019,15,13,24,557.70,18.67,956.75,479.31
004,1160,2788,1086,572,,,22,5,2019,15,17,6,559.70,18.69,956.65,480.15
004,963,3526,1065,534,,,22,5,2019,15,23,14,561.00,18.43,956.59,480.72
004,1144,4095,1079,516,,,22,5,2019,15,28,14,561.10,18.17,956.63,480.36
004,1190,2210,2723,542,,,22,5,2019,15,33,14,562.80,19.01,956.56,480.98
004,1188,3247,1628,743,,,22,5,2019,15,38,14,558.10,19.34,956.48,481.65
004,1138,4094,2735,723,,,22,5,2019,15,43,14,560.50,19.59,956.47,481.78
004,1248,2089,3067,775,,,22,5,2019,15,48,14,558.20,19.38,956.49,481.60
004,1254,4049,3052,727,,,22,5,2019,15,53,14,555.90,20.03,956.46,481.88
004,1286,1331,1852,1319,,,22,5,2019,16,3,14,557.20,21.41,956.26,483.57
004,1255,1550,2460,1344,,,22,5,2019,16,8,14,551.10,21.44,956.18,484.28
004,1282,2914,1966,1356,,,22,5,2019,16,13,14,555.60,21.27,956.12,484.78
004,1329,2555,2657,1402,,,22,5,2019,16,18,14,555.70,21.65,956.04,485.55
004,1312,2375,3140,1427,,,22,5,2019,16,23,14,555.30,21.46,955.99,485.96
004,1299,1375,3072,816,,,22,5,2019,16,28,14,551.90,21.45,955.98,486.05
004,1282,1358,2809,654,,,22,5,2019,16,33,14,553.10,21.56,955.95,486.34
004,1257,1987,2758,651,,,22,5,2019,16,38,14,557.40,21.79,955.86,487.11
004,1206,2180,1284,604,,,22,5,2019,16,43,14,553.40,22.13,955.78,487.78
004,1239,2439,1561,611,,,22,5,2019,16,48,14,554.80,22.87,955.68,488.69
004,1166,2915,2866,525,,,22,5,2019,16,53,14,557.50,21.99,955.64,489.00
004,1149,2595,2017,634,,,22,5,2019,16,58,14,555.00,22.32,955.59,489.42
004,1134,2875,2904,503,,,22,5,2019,17,3,14,553.50,21.76,955.60,489.39
004,1126,2716,3183,603,,,22,5,2019,17,8,14,552.80,21.55,955.61,489.31
004,1095,1154,1016,480,,,22,5,2019,17,13,14,552.90,22.22,955.59,489.48
004,1104,3039,1047,514,,,22,5,2019,17,18,14,556.70,23.34,955.51,490.12
004,1110,2848,1046,494,,,22,5,2019,17,23,14,557.80,23.28,955.31,491.88
004,1051,2169,998,475,,,22,5,2019,17,28,14,557.70,23.23,955.30,491.97
004,1092,1750,1196,479,,,22,5,2019,17,33,14,552.30,23.15,955.27,492.23
004,1012,1339,960,487,,,22,5,2019,17,38,14,550.00,23.11,955.19,492.91
004,1056,1388,1052,486,,,22,5,2019,17,43,14,553.50,23.13,955.18,493.02
004,1094,1910,1065,487,,,22,5,2019,17,48,14,554.00,23.85,955.01,494.48
004,1111,1895,1032,495,,,22,5,2019,17,53,14,553.50,23.54,955.07,493.96
004,1060,1735,1189,470,,,22,5,2019,17,58,14,548.90,23.46,955.01,494.54
004,1009,1792,979,455,,,22,5,2019,18,3,14,557.40,23.42,954.98,494.77
004,976,1773,928,676,,,22,5,2019,18,8,14,554.70,22.15,955.02,494.42
004,946,3345,912,423,,,22,5,2019,18,13,14,556.40,23.18,955.02,494.42
004,1008,2280,1011,479,,,22,5,2019,18,18,14,559.90,24.06,954.93,495.25
004,1003,1031,1010,515,,,22,5,2019,18,23,14,556.10,23.56,954.89,495.60
004,1007,3202,2395,518,,,22,5,2019,18,28,14,553.80,24.76,954.75,496.74
004,988,2001,2160,1474,,,22,5,2019,18,33,14,554.50,25.33,954.79,496.41
004,988,1042,950,1383,,,22,5,2019,18,38,14,554.50,24.51,954.85,495.88
004,999,1067,1375,1283,,,22,5,2019,18,43,14,552.30,23.58,954.92,495.32
004,1037,2700,910,1346,,,22,5,2019,18,48,14,557.50,22.87,954.79,496.41
004,1031,2873,1031,576,,,22,5,2019,18,53,14,559.00,22.11,954.81,496.26
004,998,1046,1363,1295,,,22,5,2019,18,58,14,558.30,23.01,954.87,495.72
004,952,2297,892,566,,,22,5,2019,19,3,14,548.80,23.27,954.78,496.56
004,972,2956,946,587,,,22,5,2019,19,8,14,554.40,23.24,954.89,495.55
004,912,2308,1302,606,,,22,5,2019,19,13,14,551.40,23.12,954.81,496.25
004,886,2687,924,878,,,22,5,2019,19,18,14,553.10,23.95,954.85,495.95
004,864,2019,1934,650,,,22,5,2019,19,23,14,555.30,23.43,954.86,495.81
004,843,1907,1891,633,,,22,5,2019,19,28,14,558.50,22.48,954.94,495.15
004,818,2399,1488,362,,,22,5,2019,19,33,14,556.90,22.28,955.03,494.32
004,801,2008,1512,365,,,22,5,2019,19,38,14,555.90,22.11,955.08,493.91
004,718,1687,1239,326,,,22,5,2019,19,43,14,552.30,22.69,955.11,493.67
004,687,1490,1326,310,,,22,5,2019,19,48,14,556.60,21.88,955.17,493.09
004,668,735,1998,367,,,22,5,2019,19,53,14,551.10,22.16,955.17,493.15
004,631,676,1744,290,,,22,5,2019,19,58,14,550.90,22.21,955.21,492.73
004,659,2049,1319,312,,,22,5,2019,20,3,14,550.60,23.06,955.13,493.47
004,642,2242,1315,292,,,22,5,2019,20,8,14,551.30,23.65,955.14,493.41
004,591,2422,1239,270,,,22,5,2019,20,13,14,550.50,23.29,955.10,493.69
004,519,2193,1081,236,,,22,5,2019,20,18,14,550.10,23.38,955.05,494.13
004,482,2126,1112,215,,,22,5,2019,20,23,14,550.40,23.72,955.11,493.61
004,444,1446,1904,187,,,22,5,2019,20,28,14,546.80,22.63,955.11,493.65
004,382,1867,1959,455,,,22,5,2019,20,33,14,549.20,21.93,955.22,492.68
004,342,361,1878,177,,,22,5,2019,20,38,14,547.50,22.42,955.15,493.30
004,308,328,603,208,,,22,5,2019,20,43,14,551.20,23.03,955.15,493.29
004,258,931,1342,160,,,22,5,2019,20,48,14,540.70,22.97,955.20,492.83
004,232,470,1388,156,,,22,5,2019,20,53,14,552.20,22.82,955.16,493.17
004,194,238,1888,158,,,22,5,2019,20,58,14,555.80,22.53,955.21,492.74
004,141,185,1673,192,,,22,5,2019,21,3,14,545.40,21.72,955.28,492.14
004,114,134,2542,681,,,22,5,2019,21,8,14,556.90,21.23,955.37,491.38
004,172,4094,154,563,,,23,5,2019,12,18,14,552.30,10.54,956.47,481.78
004,204,3270,1084,126,,,23,5,2019,12,23,14,551.30,11.07,956.44,482.01
004,251,4095,246,130,,,23,5,2019,12,28,14,545.60,11.61,956.40,482.36
004,316,3220,279,138,,,23,5,2019,12,33,14,555.60,12.70,956.41,482.30
004,355,2766,1015,166,,,23,5,2019,12,38,14,554.50,13.06,956.44,482.04
004,378,2628,350,174,,,23,5,2019,12,43,14,557.00,13.67,956.38,482.54
004,402,3112,1246,190,,,23,5,2019,12,48,14,553.30,13.96,956.49,481.58
004,442,2979,2594,210,,,23,5,2019,12,53,14,560.40,13.97,956.51,481.41
004,490,2754,463,222,,,23,5,2019,12,58,14,559.10,13.22,956.67,480.05
004,546,2839,1032,247,,,23,5,2019,13,3,14,558.90,13.08,956.66,480.11
004,588,3134,1254,272,,,23,5,2019,13,8,14,551.00,13.41,956.56,480.98
004,652,3281,1595,294,,,23,5,2019,13,13,14,559.20,14.13,956.49,481.55
004,686,2279,1830,308,,,23,5,2019,13,18,14,559.20,14.63,956.51,481.45
004,759,2278,1577,322,,,23,5,2019,13,23,14,553.70,15.25,956.56,481.01
004,770,801,736,367,,,23,5,2019,13,28,14,562.00,16.49,956.51,481.45
004,787,871,758,358,,,23,5,2019,13,33,14,553.90,17.46,956.51,481.46
004,818,2041,788,1387,,,23,5,2019,13,38,14,550.80,18.28,956.41,482.26
004,864,1830,831,1028,,,23,5,2019,13,43,14,548.70,18.68,956.40,482.42
004,882,3321,838,1445,,,23,5,2019,13,48,14,551.30,19.08,956.47,481.78
004,908,3244,866,1074,,,23,5,2019,13,53,14,557.00,19.48,956.47,481.77
004,934,2341,1694,652,,,23,5,2019,13,58,14,532.10,19.46,956.38,482.51
004,967,2541,2278,678,,,23,5,2019,14,3,14,549.30,19.72,956.33,482.99
004,1007,2403,2774,1294,,,23,5,2019,14,8,14,553.90,20.39,956.36,482.69
004,1025,1779,2663,531,,,23,5,2019,14,13,14,555.30,20.71,956.28,483.45
004,1058,1894,2414,1399,,,23,5,2019,14,18,14,556.40,21.35,956.27,483.48
004,999,2370,2160,498,,,23,5,2019,14,23,14,557.40,22.16,956.31,483.17
004,1014,1059,2259,1575,,,23,5,2019,14,28,14,556.20,21.70,956.34,482.88
004,1030,2492,2559,1103,,,23,5,2019,14,33,14,555.80,21.22,956.34,482.90
004,1062,1105,3024,1341,,,23,5,2019,14,38,14,559.80,21.27,956.29,483.35
004,1043,1174,2912,1148,,,23,5,2019,14,43,14,555.10,21.63,956.29,483.31
004,1079,2436,2847,1186,,,23,5,2019,14,48,14,565.00,20.98,956.35,482.85
004,1039,1537,2718,464,,,23,5,2019,14,53,14,563.90,21.53,956.32,483.05
004,1036,2090,2989,471,,,23,5,2019,14,58,14,561.00,21.26,956.15,484.59
004,1104,1670,3598,498,,,23,5,2019,15,3,14,558.30,21.03,956.17,484.39
004,1094,2139,2446,481,,,23,5,2019,15,8,14,560.00,21.76,956.14,484.60
004,1081,1130,2208,494,,,23,5,2019,15,13,14,558.90,22.62,956.01,485.76
004,1079,1276,1684,1379,,,23,5,2019,15,18,14,557.60,22.45,955.93,486.45
004,1136,1193,1928,1175,,,23,5,2019,15,23,14,554.20,22.66,955.87,487.03
004,1156,1188,2713,1401,,,23,5,2019,15,28,14,555.10,22.37,955.82,487.43
004,1126,1955,2804,1139,,,23,5,2019,15,33,14,558.10,21.95,955.90,486.71
004,1159,2508,2955,506,,,23,5,2019,15,38,14,554.50,22.50,955.77,487.84
004,1175,2192,2877,1207,,,23,5,2019,15,43,14,558.00,22.07,955.69,488.56
004,1168,2642,2793,1351,,,23,5,2019,15,48,14,554.40,22.08,955.58,489.57
004,1204,2534,2702,1622,,,23,5,2019,15,53,14,558.00,21.78,955.55,489.76
004,1216,1859,1136,1576,,,23,5,2019,15,58,14,555.60,23.55,955.45,490.67
004,1223,1276,1174,1654,,,23,5,2019,16,3,14,556.10,24.33,955.34,491.63
004,1227,1297,1167,1708,,,23,5,2019,16,8,14,556.70,24.64,955.34,491.60
004,1240,1298,1788,1299,,,23,5,2019,16,13,14,555.30,25.33,955.35,491.56
004,1227,2124,2579,2419,,,23,5,2019,16,18,14,556.90,26.17,955.26,492.31
004,1257,2231,1195,2114,,,23,5,2019,16,23,14,554.00,25.98,955.20,492.83
004,1271,2403,2961,2047,,,23,5,2019,16,28,14,552.30,26.05,955.19,492.93
004,1207,2451,1133,1762,,,23,5,2019,16,33,14,555.30,24.97,955.20,492.88
004,1227,2273,1172,1848,,,23,5,2019,16,38,14,551.90,24.58,955.19,492.95
004,1193,1582,2432,1822,,,23,5,2019,16,43,14,556.30,25.64,955.06,494.03
004,1300,1335,2620,1736,,,23,5,2019,16,48,14,554.20,26.20,954.98,494.79
004,1286,2273,2754,1831,,,23,5,2019,16,53,14,553.80,26.61,954.89,495.53
004,1287,2423,1663,1880,,,23,5,2019,16,58,14,548.80,27.52,954.83,496.06
004,1329,2753,3195,572,,,23,5,2019,17,3,14,548.30,27.49,954.75,496.75
004,1390,3009,2897,569,,,23,5,2019,17,8,14,550.80,28.13,954.63,497.82
004,1286,1331,2821,563,,,23,5,2019,17,13,14,551.10,28.40,954.56,498.46
004,1344,1451,2824,590,,,23,5,2019,17,18,14,556.90,26.47,954.43,499.60
004,1279,2188,3132,583,,,23,5,2019,17,23,14,554.70,26.82,954.40,499.87
004,1331,2264,2406,583,,,23,5,2019,17,28,14,546.00,27.66,954.24,501.19
004,1319,2167,3216,576,,,23,5,2019,17,33,14,549.70,27.79,954.17,501.86
004,1271,2342,2784,548,,,23,5,2019,17,38,14,548.80,29.20,954.19,501.64
004,752,1804,3311,564,,,23,5,2019,17,43,14,548.60,29.30,954.17,501.85
004,1271,1507,2166,554,,,23,5,2019,17,48,14,549.80,29.33,954.10,502.44
004,1321,1488,2027,609,,,23,5,2019,17,53,14,551.20,28.38,953.99,503.44
004,1283,1417,2751,562,,,23,5,2019,17,58,14,552.00,28.83,954.03,503.11
004,1217,1346,2612,527,,,23,5,2019,18,3,14,557.40,28.48,953.91,504.13
004,1167,1301,2201,522,,,23,5,2019,18,8,14,557.90,28.09,953.80,505.05
004,1252,1345,3011,556,,,23,5,2019,18,13,14,559.10,28.11,953.80,505.09
004,1022,1222,2850,496,,,23,5,2019,18,18,14,549.50,27.04,953.70,506.00
004,1127,1224,3027,516,,,23,5,2019,18,23,14,554.50,26.90,953.74,505.60
004,1184,1199,2818,515,,,23,5,2019,18,28,14,554.50,27.47,953.68,506.11
004,1175,1214,3203,514,,,23,5,2019,18,33,14,555.40,27.33,953.68,506.09
004,1169,1223,2546,514,,,23,5,2019,18,38,15,554.20,27.70,953.60,506.81
004,1155,1171,2419,499,,,23,5,2019,18,43,15,553.80,28.38,953.55,507.30
004,1171,1233,2222,512,,,23,5,2019,18,48,15,554.80,27.98,953.53,507.48
004,1132,1186,3078,498,,,23,5,2019,18,53,15,557.50,27.41,953.53,507.47
004,1127,1190,2620,489,,,23,5,2019,18,58,15,557.00,28.43,953.52,507.52
004,1079,1124,2056,502,,,23,5,2019,19,3,15,552.90,27.80,953.51,507.61
004,1078,1127,2129,473,,,23,5,2019,19,8,15,558.70,28.18,953.50,507.72
004,1027,1084,2199,456,,,23,5,2019,19,13,15,549.80,27.12,953.51,507.59
004,963,914,2783,434,,,23,5,2019,19,18,15,553.00,26.79,953.48,507.88
004,952,1008,2739,426,,,23,5,2019,19,23,15,550.70,27.32,953.47,507.95
004,945,990,2563,406,,,23,5,2019,19,28,15,553.10,27.50,953.50,507.74
004,872,871,2185,394,,,23,5,2019,19,33,15,554.10,27.15,953.40,508.56
004,862,912,2780,386,,,23,5,2019,19,38,15,555.40,26.95,953.54,507.35
004,883,919,2649,382,,,23,5,2019,19,43,15,554.50,26.88,953.62,506.66
004,823,855,2576,362,,,23,5,2019,19,48,14,552.20,26.27,953.67,506.23
004,819,995,2729,356,,,23,5,2019,19,53,15,551.50,26.50,953.67,506.23
004,801,865,1555,354,,,23,5,2019,19,58,15,551.30,26.88,953.65,506.42
004,759,807,2528,343,,,23,5,2019,20,3,15,548.60,26.70,953.71,505.86
004,706,747,726,322,,,23,5,2019,20,8,15,550.60,26.35,953.65,506.39
004,643,663,2364,278,,,23,5,2019,20,13,15,552.80,26.54,953.60,506.86
004,582,633,563,246,,,23,5,2019,20,18,15,548.60,25.74,953.58,507.02
004,545,578,499,244,,,23,5,2019,20,23,15,550.90,25.58,953.58,507.01
004,509,547,448,230,,,23,5,2019,20,28,15,550.10,25.73,953.60,506.84
004,404,540,1383,201,,,23,5,2019,20,33,15,550.40,24.88,953.66,506.33
004,391,459,1279,176,,,23,5,2019,20,38,15,549.10,24.62,953.61,506.74
004,346,366,1369,156,,,23,5,2019,20,43,15,551.50,24.23,953.70,505.93
004,291,303,2049,130,,,23,5,2019,20,48,15,541.50,24.47,953.73,505.71
004,240,256,2403,124,,,23,5,2019,20,53,15,546.90,24.05,953.69,506.01
004,198,251,856,116,,,23,5,2019,20,58,15,548.70,23.52,953.75,505.56
004,167,711,2363,111,,,23,5,2019,21,3,15,557.90,23.16,953.84,504.74
004,212,3564,2212,118,,,24,5,2019,12,23,15,543.20,14.76,951.29,527.01
004,218,2905,2304,148,,,24,5,2019,12,28,15,555.20,14.47,951.31,526.87
004,84,1710,1379,24,,,24,5,2019,12,33,15,553.60,13.95,951.35,526.56
004,15,2526,813,8,,,24,5,2019,12,38,15,554.00,13.39,951.29,527.03
004,9,814,758,8,,,24,5,2019,12,43,15,555.50,12.88,951.33,526.75
004,8,622,668,9,,,24,5,2019,12,48,15,557.00,12.75,951.41,526.02
004,8,2496,1396,9,,,24,5,2019,12,53,15,554.30,12.88,951.54,524.83
004,8,1544,8,8,,,24,5,2019,12,58,15,557.40,12.70,951.59,524.39
004,9,2543,9,8,,,24,5,2019,13,3,15,559.20,12.41,951.52,525.03
004,8,2131,9,9,,,24,5,2019,13,8,15,556.80,12.32,951.37,526.38
004,10,1766,10,9,,,24,5,2019,13,13,15,552.20,12.57,951.43,525.82
004,10,1529,1957,9,,,24,5,2019,13,18,15,554.10,12.75,951.59,524.41
004,9,1644,1623,9,,,24,5,2019,13,23,15,561.00,13.01,951.65,523.93
004,10,1254,1665,9,,,24,5,2019,13,28,15,560.70,13.27,951.72,523.28
004,11,2336,1743,9,,,24,5,2019,13,33,15,557.40,13.62,951.77,522.82
004,9,1422,2208,9,,,24,5,2019,13,38,15,555.60,13.93,951.82,522.44
004,10,1897,2051,10,,,24,5,2019,13,43,15,555.10,14.00,951.91,521.61
004,9,1520,2097,9,,,24,5,2019,13,48,15,557.00,14.16,951.82,522.44
004,11,1760,1865,10,,,24,5,2019,13,53,15,548.30,14.53,951.67,523.73
004,9,1661,1789,9,,,24,5,2019,13,58,15,552.40,14.45,951.56,524.72
004,16,2110,2182,8,,,24,5,2019,14,3,15,554.00,14.48,951.64,523.95
004,10,1856,2023,9,,,24,5,2019,14,8,15,552.50,14.59,951.73,523.22
004,9,1742,1375,9,,,24,5,2019,14,13,15,557.30,14.96,951.65,523.86
004,10,1939,1838,9,,,24,5,2019,14,18,15,555.60,15.19,951.58,524.55
004,9,1638,1625,9,,,24,5,2019,14,23,15,558.40,16.05,951.62,524.13
004,10,1937,10,10,,,24,5,2019,14,28,15,556.70,16.56,951.63,524.12
004,9,867,882,9,,,24,5,2019,14,33,15,554.60,16.14,951.63,524.10
004,10,1510,1553,10,,,24,5,2019,14,38,15,553.30,15.99,951.60,524.37
004,9,1793,1215,9,,,24,5,2019,14,43,15,561.30,16.12,951.55,524.79
004,9,1966,1065,10,,,24,5,2019,14,48,15,553.80,16.39,951.62,524.20
004,9,1897,11,9,,,24,5,2019,14,53,15,557.40,16.71,951.37,526.38
004,10,1984,1661,9,,,24,5,2019,14,58,15,557.10,17.02,951.32,526.76
004,10,1436,2015,9,,,24,5,2019,15,3,15,558.90,17.09,951.10,528.68
004,12,1472,1719,10,,,24,5,2019,15,8,15,558.50,17.69,950.96,529.98
004,9,25,1264,10,,,24,5,2019,15,13,15,557.90,18.06,950.97,529.83
004,10,744,280,10,,,24,5,2019,15,18,15,557.50,18.77,950.81,531.26
004,10,948,260,9,,,24,5,2019,15,23,15,555.10,19.42,950.77,531.63
004,32,1312,1494,17,,,24,5,2019,15,28,15,555.30,20.27,950.69,532.32
004,42,1443,1897,18,,,24,5,2019,15,33,15,556.20,21.17,950.51,533.88
004,23,1194,2239,11,,,24,5,2019,15,38,15,557.60,21.70,950.53,533.75
004,10,1773,2320,10,,,24,5,2019,15,43,15,556.40,21.85,950.31,535.66
004,11,1441,2291,11,,,24,5,2019,15,48,15,556.50,21.41,950.29,535.86
004,13,1494,2119,9,,,24,5,2019,15,53,15,555.00,21.30,950.23,536.38
004,11,1511,2188,10,,,24,5,2019,15,58,15,558.20,20.83,950.22,536.46
004,10,10,1929,9,,,24,5,2019,16,3,15,553.50,20.37,950.15,537.04
004,12,704,1177,9,,,24,5,2019,16,8,15,555.10,20.28,949.93,538.95
