004,1655,1760,1728,1488,,,3,9,2018,16,17,48,551.60,33.86,952.88,513.16
004,1747,1809,1794,1543,,,3,9,2018,16,28,9,548.00,34.43,952.81,513.73
004,1710,1760,1762,1534,,,3,9,2018,16,33,9,549.00,34.67,952.80,513.85
004,1745,1801,1788,1551,,,3,9,2018,16,38,9,548.90,35.14,952.77,514.12
004,1751,1808,1795,1553,,,3,9,2018,16,43,9,550.10,36.02,952.78,513.97
004,1747,1787,1767,1547,,,3,9,2018,16,48,9,548.40,36.32,952.79,513.94
004,1726,1783,1754,1523,,,3,9,2018,16,53,9,553.50,37.37,952.69,514.77
004,1735,1796,1784,1543,,,3,9,2018,16,58,9,557.90,37.15,952.65,515.12
004,1719,1807,1744,1510,,,3,9,2018,17,3,9,564.20,36.68,952.57,515.80
004,1684,1729,1713,1475,,,3,9,2018,17,8,9,565.60,36.54,952.59,515.70
004,1707,1752,1713,1480,,,3,9,2018,17,13,9,559.70,36.51,952.51,516.41
004,1649,1671,1625,1434,,,3,9,2018,17,18,9,559.50,37.13,952.40,517.31
004,1687,1745,1724,1467,,,3,9,2018,17,23,9,560.50,38.16,952.45,516.89
004,1663,1729,1699,1462,,,3,9,2018,17,28,9,558.20,38.02,952.36,517.69
004,1683,1728,1707,1463,,,3,9,2018,17,33,9,555.20,37.61,952.24,518.71
004,1591,1662,1617,1414,,,3,9,2018,17,38,9,556.60,37.75,952.16,519.46
004,1619,1700,1671,1436,,,3,9,2018,17,43,9,559.80,37.29,952.12,519.82
004,1624,1696,1664,1421,,,3,9,2018,17,48,9,557.20,37.15,952.09,520.03
004,1597,1663,1649,1401,,,3,9,2018,17,53,9,554.10,37.01,951.99,520.88
004,1542,1619,1591,1352,,,3,9,2018,17,58,9,556.00,36.93,951.95,521.28
004,1568,1643,1591,1369,,,3,9,2018,18,3,9,559.60,37.85,951.85,522.17
004,1559,1635,1599,1365,,,3,9,2018,18,8,9,557.00,37.62,951.71,523.41
004,1559,1613,1576,1331,,,3,9,2018,18,13,9,553.80,37.45,951.64,523.99
004,1518,1580,1551,1323,,,3,9,2018,18,18,9,554.30,37.35,951.53,524.94
004,1490,1549,1539,1312,,,3,9,2018,18,23,9,554.30,38.32,951.48,525.38
004,1479,1558,1495,1283,,,3,9,2018,18,28,9,556.90,38.76,951.48,525.42
004,1536,1622,1571,1349,,,3,9,2018,18,33,9,555.10,38.50,951.34,526.61
004,1519,1576,1503,1286,,,3,9,2018,18,38,9,554.20,38.69,951.21,527.71
004,1489,1555,1527,1286,,,3,9,2018,18,43,9,556.00,38.53,951.15,528.29
004,1471,1565,1506,1282,,,3,9,2018,18,48,9,554.10,38.57,951.08,528.88
004,1460,1522,1487,1265,,,3,9,2018,18,53,9,554.40,38.55,950.99,529.71
004,205,280,71,58,,,3,9,2018,18,58,9,550.30,38.37,950.98,529.81
004,840,1338,801,912,,,3,9,2018,19,3,9,564.40,37.39,950.92,530.33
004,358,440,723,452,,,3,9,2018,19,8,9,562.90,36.49,950.77,531.64
004,1363,1366,1442,1209,,,3,9,2018,19,13,9,556.00,36.15,950.73,531.95
004,1378,1431,1401,1201,,,3,9,2018,19,18,9,553.90,35.75,950.71,532.11
004,1380,1452,1417,1192,,,3,9,2018,19,23,9,554.80,36.75,950.69,532.27
004,1335,1409,1367,1151,,,3,9,2018,19,28,9,559.80,35.07,950.58,533.29
004,965,1138,1201,1007,,,3,9,2018,19,33,9,556.30,34.31,950.61,533.05
004,1291,1355,1314,1132,,,3,9,2018,19,38,9,553.50,35.60,950.57,533.33
004,1319,1377,1351,1126,,,3,9,2018,19,43,9,555.10,37.01,950.50,534.02
004,1283,1344,1299,1106,,,3,9,2018,19,48,9,554.80,37.50,950.57,533.39
004,1238,1305,1256,1075,,,3,9,2018,19,53,9,556.80,37.91,950.44,534.47
004,1184,1248,1200,1023,,,3,9,2018,19,58,9,553.40,38.42,950.38,535.06
004,1088,1184,1137,962,,,3,9,2018,20,3,9,554.50,38.02,950.41,534.78
004,1057,1101,1091,930,,,3,9,2018,20,8,9,553.20,37.21,950.37,535.16
004,1015,1065,1036,879,,,3,9,2018,20,13,9,553.90,36.84,950.33,535.49
004,998,1035,1001,841,,,3,9,2018,20,18,9,550.00,36.57,950.35,535.31
004,935,999,955,820,,,3,9,2018,20,23,9,550.40,36.50,950.26,536.11
004,833,896,865,722,,,3,9,2018,20,28,9,550.70,36.27,950.21,536.53
004,803,839,805,681,,,3,9,2018,20,33,9,561.70,35.65,950.14,537.10
004,755,807,771,651,,,3,9,2018,20,38,9,555.50,35.10,950.20,536.61
004,745,776,740,639,,,3,9,2018,20,43,9,554.70,34.54,950.12,537.30
004,691,736,695,583,,,3,9,2018,20,48,9,559.40,33.71,950.15,537.03
004,659,701,664,567,,,3,9,2018,20,53,9,553.50,33.72,950.14,537.12
004,641,678,638,544,,,3,9,2018,20,58,9,555.60,33.88,950.21,536.54
004,567,610,583,483,,,3,9,2018,21,3,9,556.70,33.68,950.10,537.47
004,540,571,538,453,,,3,9,2018,21,8,9,553.10,31.89,950.19,536.67
004,8,8,9,8,,,3,9,2018,21,13,9,553.00,29.82,950.09,537.56
004,8,8,9,8,,,3,9,2018,21,18,9,554.30,28.69,950.18,536.77
004,8,8,9,8,,,3,9,2018,21,23,9,550.00,28.44,950.17,536.90
004,9,7,9,8,,,3,9,2018,21,28,9,552.40,29.34,950.18,536.75
004,266,327,291,254,,,3,9,2018,21,33,9,556.20,29.90,950.21,536.51
004,264,290,253,211,,,3,9,2018,21,38,9,554.90,30.17,950.25,536.17
004,238,249,227,192,,,3,9,2018,21,43,9,558.90,29.97,950.23,536.31
004,191,205,179,149,,,3,9,2018,21,48,9,557.60,29.42,950.24,536.29
004,159,176,147,126,,,4,9,2018,11,38,9,551.70,15.62,949.11,546.21
004,211,231,210,178,,,4,9,2018,11,43,9,557.90,16.55,948.99,547.20
004,270,298,262,222,,,4,9,2018,11,48,9,555.70,17.60,948.95,547.56
004,335,371,330,279,,,4,9,2018,11,53,9,557.30,18.83,948.92,547.88
004,398,427,391,343,,,4,9,2018,11,58,9,555.30,19.97,948.86,548.39
004,465,502,471,387,,,4,9,2018,12,3,9,553.00,20.06,948.79,549.02
004,53,13,77,7,,,4,9,2018,12,8,9,554.30,18.88,948.97,547.40
004,588,638,570,464,,,4,9,2018,12,13,9,555.60,18.51,948.99,547.24
004,640,694,657,549,,,4,9,2018,12,18,9,557.10,20.37,948.96,547.53
004,702,765,726,619,,,4,9,2018,12,23,9,558.30,21.32,948.84,548.53
004,769,833,785,656,,,4,9,2018,12,28,9,559.50,22.76,948.88,548.22
004,813,871,791,691,,,4,9,2018,12,33,9,560.00,23.42,948.79,548.99
004,855,892,871,738,,,4,9,2018,12,38,9,562.40,24.44,948.83,548.62
004,883,951,912,768,,,4,9,2018,12,43,9,563.00,25.24,948.87,548.31
004,958,1015,966,819,,,4,9,2018,12,48,9,556.90,25.75,948.89,548.13
004,1023,1079,1027,859,,,4,9,2018,12,53,9,555.50,26.35,948.89,548.12
004,1031,1100,1063,886,,,4,9,2018,12,58,9,558.50,26.50,948.86,548.39
004,1094,1175,1107,952,,,4,9,2018,13,3,9,559.20,27.14,948.87,548.25
004,1101,1161,1118,950,,,4,9,2018,13,8,9,561.50,27.41,948.84,548.59
004,1137,1191,1150,977,,,4,9,2018,13,13,9,561.00,27.50,948.75,549.34
004,1154,1222,1184,1003,,,4,9,2018,13,18,9,556.80,27.91,948.72,549.57
004,1199,1265,1202,1030,,,4,9,2018,13,23,9,554.20,28.17,948.71,549.70
004,1237,1300,1263,1070,,,4,9,2018,13,28,9,555.10,28.20,948.73,549.53
004,1271,1362,1289,1106,,,4,9,2018,13,33,9,554.10,28.43,948.74,549.42
004,1255,1327,1274,1103,,,4,9,2018,13,38,9,549.80,28.65,948.68,549.94
004,1265,1340,1267,1071,,,4,9,2018,13,43,9,554.70,28.66,948.68,549.91
004,1274,1371,1288,1111,,,4,9,2018,13,48,9,550.00,28.89,948.68,549.98
004,1337,1415,1361,1160,,,4,9,2018,13,53,9,549.80,29.32,948.66,550.15
004,1313,1387,1327,1152,,,4,9,2018,13,58,9,549.90,30.15,948.67,550.04
004,1332,1431,1360,1139,,,4,9,2018,14,3,9,550.60,30.43,948.57,550.92
004,1403,1459,1457,1233,,,4,9,2018,14,8,9,550.00,30.90,948.54,551.17
004,1430,1596,1371,1254,,,4,9,2018,14,13,9,552.20,31.46,948.50,551.57
004,1406,1395,1195,1330,,,4,9,2018,14,18,9,550.70,31.78,948.54,551.15
004,1479,1600,1220,1293,,,4,9,2018,14,23,9,550.30,32.11,948.52,551.34
004,1517,1599,1532,1297,,,4,9,2018,14,28,9,547.40,32.63,948.43,552.10
004,1526,1607,1551,1327,,,4,9,2018,14,33,9,554.10,32.25,948.47,551.80
004,1535,1624,1570,1321,,,4,9,2018,14,38,9,550.50,32.73,948.55,551.12
004,1574,1665,1598,1380,,,4,9,2018,14,43,9,550.60,33.31,948.51,551.44
004,1475,1639,1552,1347,,,4,9,2018,14,48,9,551.40,33.30,948.52,551.39
004,1571,1655,1604,1355,,,4,9,2018,14,53,9,550.30,33.29,948.51,551.47
004,1516,1539,1473,1329,,,4,9,2018,14,58,9,555.00,33.80,948.51,551.41
004,1564,1638,1590,1356,,,4,9,2018,15,3,9,546.70,34.16,948.54,551.21
004,1619,1696,1655,1400,,,4,9,2018,15,8,9,546.70,34.33,948.51,551.44
004,1602,1655,1619,1379,,,4,9,2018,15,13,9,548.70,34.22,948.44,552.06
004,1615,1700,1634,1414,,,4,9,2018,15,18,9,553.80,34.54,948.46,551.86
004,1623,1720,1659,1392,,,4,9,2018,15,23,9,552.30,34.90,948.38,552.62
004,1675,1752,1703,1436,,,4,9,2018,15,28,9,552.40,34.87,948.36,552.72
004,1683,1751,1715,1464,,,4,9,2018,15,33,9,549.70,35.78,948.35,552.84
004,1729,1831,1763,1481,,,4,9,2018,15,38,9,547.10,36.31,948.24,553.85
004,1748,1828,1783,1508,,,4,9,2018,15,43,9,552.40,36.94,948.19,554.25
004,1704,1784,1732,1467,,,4,9,2018,15,48,9,556.40,37.59,948.23,553.93
004,1684,1776,1711,1476,,,4,9,2018,15,53,9,558.20,37.67,948.25,553.73
004,1728,1811,1752,1494,,,4,9,2018,15,58,9,549.60,38.00,948.17,554.41
004,1726,1812,1747,1481,,,4,9,2018,16,3,9,554.40,38.41,948.06,555.39
004,1678,1771,1714,1454,,,4,9,2018,16,8,9,553.30,38.47,948.02,555.71
004,1720,1779,1752,1489,,,4,9,2018,16,13,9,555.80,38.25,948.05,555.50
004,1758,1848,1790,1505,,,4,9,2018,16,18,9,549.90,38.45,947.88,557.00
004,1775,1859,1800,1540,,,4,9,2018,16,23,9,550.30,38.55,947.84,557.36
004,1795,1894,1843,1562,,,4,9,2018,16,28,9,553.20,39.27,947.82,557.50
004,1799,1939,1827,1547,,,4,9,2018,16,33,9,551.70,39.98,947.85,557.27
004,1796,1873,1815,1528,,,4,9,2018,16,38,9,553.90,40.45,947.79,557.80
004,1803,1895,1838,1568,,,4,9,2018,16,43,9,554.60,40.65,947.67,558.86
004,1900,1996,1939,1625,,,4,9,2018,16,48,9,555.10,40.34,947.58,559.64
004,1895,1992,1941,1636,,,4,9,2018,16,53,9,546.40,41.36,947.54,559.95
004,1908,2007,1940,1639,,,4,9,2018,16,58,9,556.10,41.27,947.48,560.49
004,1858,1953,1907,1591,,,4,9,2018,17,3,9,558.20,41.35,947.37,561.46
004,1841,1927,1871,1568,,,4,9,2018,17,8,9,556.50,40.85,947.30,562.11
004,1815,1895,1849,1523,,,4,9,2018,17,13,9,565.80,41.36,947.31,562.02
004,1779,1875,1825,1500,,,4,9,2018,17,18,9,558.70,41.28,947.19,563.05
004,1772,1878,1826,1500,,,4,9,2018,17,23,9,565.40,41.77,947.18,563.11
004,1767,1851,1788,1470,,,4,9,2018,17,28,9,561.40,41.03,947.11,563.75
004,1763,1841,1782,1459,,,4,9,2018,17,33,9,560.90,41.60,947.07,564.08
004,1766,1848,1812,1456,,,4,9,2018,17,38,9,559.40,41.59,946.98,564.87
004,1752,1859,1801,1464,,,4,9,2018,17,43,9,553.20,42.04,946.97,564.96
004,1762,1843,1809,1475,,,4,9,2018,17,48,9,555.50,42.73,946.90,565.60
004,1798,1908,1836,1491,,,4,9,2018,17,53,9,559.10,43.04,946.95,565.12
004,1751,1858,1767,1440,,,4,9,2018,17,58,9,557.30,42.19,946.82,566.31
004,1649,1746,1676,1359,,,4,9,2018,18,3,9,558.20,42.06,946.84,566.14
004,1478,1556,1516,1230,,,4,9,2018,18,8,9,555.00,41.83,946.86,565.95
004,1475,1558,1520,1229,,,4,9,2018,18,13,9,557.40,39.68,946.76,566.82
004,1459,1549,1489,1193,,,4,9,2018,18,18,9,554.80,39.68,946.74,567.01
004,1510,1607,1558,1240,,,4,9,2018,18,23,9,557.20,39.44,946.70,567.38
004,1518,1537,1554,1239,,,4,9,2018,18,33,9,552.90,37.91,946.70,567.36
004,1636,1730,1666,1313,,,4,9,2018,18,38,9,554.20,36.51,946.68,567.53
004,1609,1713,1668,1305,,,4,9,2018,18,43,9,557.90,35.77,946.86,565.99
004,1666,1767,1699,1353,,,4,9,2018,18,48,9,554.70,35.19,946.81,566.40
004,1671,1785,1704,1347,,,4,9,2018,18,53,9,550.60,35.05,946.93,565.35
004,1140,1420,925,652,,,4,9,2018,18,58,9,590.20,34.67,946.96,565.04
004,1681,1801,1703,1352,,,4,9,2018,19,3,9,559.70,33.55,946.93,565.31
004,1335,1437,932,822,,,4,9,2018,19,8,9,560.60,32.93,947.01,564.59
004,1528,1734,1687,1300,,,4,9,2018,19,13,9,554.20,32.68,947.01,564.61
004,1623,1713,1651,1326,,,4,9,2018,19,18,9,552.20,33.15,947.08,564.00
004,1555,1648,1608,1267,,,4,9,2018,19,23,9,558.60,33.30,947.15,563.36
004,1507,1582,1555,1255,,,4,9,2018,19,28,9,557.40,33.39,947.17,563.18
004,1275,1329,1426,1114,,,4,9,2018,19,33,9,557.50,32.42,947.21,562.88
004,1449,1518,1465,1158,,,4,9,2018,19,38,9,559.80,32.93,947.24,562.62
004,1395,1481,1430,1150,,,4,9,2018,19,43,9,557.50,32.46,947.38,561.36
004,1351,1442,1399,1108,,,4,9,2018,19,48,9,557.90,32.33,947.42,561.04
004,1292,1384,1345,1054,,,4,9,2018,19,53,9,559.10,32.86,947.40,561.23
004,1327,1410,1324,1072,,,4,9,2018,19,58,9,553.70,32.20,947.35,561.60
004,1275,1356,1323,1057,,,4,9,2018,20,3,9,556.20,32.41,947.33,561.81
004,1248,1327,1269,1014,,,4,9,2018,20,8,9,554.50,31.04,947.16,563.27
004,1189,1271,1220,966,,,4,9,2018,20,13,9,551.70,,,
004,1171,1222,1184,929,,,4,9,2018,20,18,9,550.30,,,
004,1152,1231,1168,935,,,4,9,2018,20,23,9,556.50,,,
004,1134,1213,1170,929,,,4,9,2018,20,28,9,554.90,,,
004,1062,1159,1107,868,,,4,9,2018,20,33,9,555.00,,,
004,992,1067,1020,820,,,4,9,2018,20,38,9,555.00,,,
004,967,1025,979,774,,,4,9,2018,20,43,9,558.10,,,
004,928,981,947,740,,,4,9,2018,20,48,9,557.90,29.37,947.81,557.57
004,864,947,892,707,,,4,9,2018,20,53,9,553.60,,,
004,802,857,803,639,,,4,9,2018,20,58,9,555.70,,,
004,681,731,741,577,,,4,9,2018,21,3,9,553.30,,,
004,651,600,639,470,,,4,9,2018,21,8,9,552.80,,,
004,9,8,9,8,,,4,9,2018,21,13,9,552.70,24.72,948.36,552.77
004,9,8,9,8,,,4,9,2018,21,18,9,551.90,24.23,948.43,552.17
004,1726,1815,1737,1388,,,2,10,2018,18,31,24,564.60,27.99,954.34,500.36
004,1696,1794,1747,1383,,,2,10,2018,18,43,9,559.10,,,
004,1742,1859,1907,1519,,,2,10,2018,18,48,9,552.20,,,
004,1647,1756,1688,1351,,,2,10,2018,18,53,9,559.60,,,
004,1683,1794,1730,1374,,,2,10,2018,18,58,9,550.50,,,
004,1669,1749,1700,1367,,,2,10,2018,19,3,9,551.20,,,
004,1641,1790,1703,1367,,,2,10,2018,19,8,9,554.90,,,
004,1659,1762,1712,1361,,,2,10,2018,19,13,9,556.50,,,
004,1646,1715,1657,1344,,,2,10,2018,19,18,9,553.00,,,
004,1635,1742,1635,1335,,,2,10,2018,19,23,9,557.80,,,
004,1631,1743,1647,1336,,,2,10,2018,19,28,9,557.90,,,
004,1602,1707,1631,1304,,,2,10,2018,19,33,9,548.90,,,
004,1585,1683,1619,1281,,,2,10,2018,19,38,9,556.50,,,
004,1559,1666,1584,1260,,,2,10,2018,19,43,9,551.80,,,
004,1497,1611,1554,1236,,,2,10,2018,19,48,9,557.00,,,
004,1472,1589,1527,1207,,,2,10,2018,19,53,9,556.50,,,
004,1441,1529,1463,1191,,,2,10,2018,19,58,9,555.30,,,
004,1399,1478,1428,1132,,,2,10,2018,20,3,9,545.50,,,
004,1342,1446,1390,1111,,,2,10,2018,20,8,9,551.50,,,
004,1383,1441,1403,1111,,,2,10,2018,20,13,9,550.40,,,
004,1344,1422,1353,1092,,,2,10,2018,20,18,9,552.60,,,
004,1318,1399,1331,1067,,,2,10,2018,20,23,9,556.40,,,
004,1283,1331,1279,1037,,,2,10,2018,20,28,9,559.20,,,
004,1211,1315,1266,1001,,,2,10,2018,20,33,9,557.60,,,
004,1206,1279,1201,968,,,2,10,2018,20,38,9,550.60,,,
004,1134,1203,1155,900,,,2,10,2018,20,43,9,554.20,,,
004,1094,1171,1108,887,,,2,10,2018,20,48,9,555.60,,,
004,1043,1117,1062,855,,,2,10,2018,20,53,9,553.30,,,
004,1004,1047,1031,815,,,2,10,2018,20,58,9,556.80,,,
004,977,1041,992,774,,,2,10,2018,21,3,9,541.20,,,
004,923,991,945,751,,,2,10,2018,21,8,9,542.10,,,
004,863,929,880,702,,,2,10,2018,21,13,9,554.70,,,
004,798,857,844,670,,,2,10,2018,21,18,9,557.80,,,
004,762,807,771,610,,,2,10,2018,21,23,9,556.80,,,
004,687,739,694,551,,,2,10,2018,21,28,9,557.00,,,
004,654,687,656,524,,,2,10,2018,21,33,9,557.90,,,
004,567,653,598,450,,,2,10,2018,21,38,9,555.40,,,
004,522,550,511,391,,,2,10,2018,21,43,9,552.70,,,
004,430,466,421,338,,,2,10,2018,21,48,9,555.50,,,
004,367,399,369,294,,,2,10,2018,21,53,9,553.60,,,
004,304,353,316,247,,,2,10,2018,21,58,9,555.00,,,
004,189,221,171,119,,,2,10,2018,22,3,9,552.90,,,
004,17,10,29,30,,,2,10,2018,22,8,9,549.20,,,
004,6,6,7,6,,,3,10,2018,10,58,9,555.80,9.55,955.75,488.07
004,6,6,6,6,,,3,10,2018,11,3,9,556.50,10.09,955.74,488.17
004,234,268,153,117,,,3,10,2018,11,8,9,557.10,10.67,955.65,488.95
004,6,6,6,6,,,3,10,2018,11,13,9,552.70,11.33,955.56,489.75
004,294,336,339,274,,,3,10,2018,11,18,9,555.00,11.99,955.40,491.13
004,6,7,7,7,,,3,10,2018,11,23,9,554.20,12.56,955.30,492.02
004,500,538,511,399,,,3,10,2018,11,28,9,555.70,13.63,955.29,492.07
004,542,612,423,435,,,3,10,2018,11,33,9,552.10,14.97,955.27,492.24
004,636,687,639,510,,,3,10,2018,11,38,9,556.20,15.94,955.18,492.98
004,729,768,724,578,,,3,10,2018,11,43,9,551.20,16.07,955.14,493.38
004,759,806,774,612,,,3,10,2018,11,48,9,551.30,16.32,955.10,493.71
004,517,683,662,603,,,3,10,2018,11,53,9,555.20,16.38,955.13,493.50
004,864,913,899,686,,,3,10,2018,11,58,9,559.60,16.21,955.21,492.79
004,951,1007,951,759,,,3,10,2018,12,3,9,546.60,16.75,955.24,492.48
004,982,1055,990,783,,,3,10,2018,12,8,9,555.50,17.82,955.17,493.08
004,930,1076,947,772,,,3,10,2018,12,13,9,550.80,17.89,955.19,492.95
004,1059,1121,1063,832,,,3,10,2018,12,18,9,551.50,18.18,955.24,492.51
004,1106,1187,1115,886,,,3,10,2018,12,23,9,550.30,18.07,955.25,492.44
004,1111,1164,1113,871,,,3,10,2018,12,28,9,552.90,16.96,955.27,492.21
004,1120,1203,1121,899,,,3,10,2018,12,33,9,547.70,16.83,955.32,491.77
004,1163,1266,1175,786,,,3,10,2018,12,38,9,557.30,16.79,955.34,491.63
004,1302,1262,1243,942,,,3,10,2018,12,43,9,553.70,18.17,955.25,492.38
004,1251,1315,1270,995,,,3,10,2018,12,48,9,556.40,19.39,955.22,492.67
004,1299,1383,1331,1041,,,3,10,2018,12,53,9,558.30,19.22,955.10,493.69
004,1326,1401,1347,1052,,,3,10,2018,12,58,9,557.10,20.81,955.05,494.12
004,1363,1457,1381,1112,,,3,10,2018,13,3,9,557.00,20.84,955.02,494.43
004,1363,1451,1371,1090,,,3,10,2018,13,8,9,555.70,21.06,955.09,493.80
004,1404,1518,1427,1124,,,3,10,2018,13,13,9,558.50,22.03,954.94,495.10
004,1461,1551,1472,1158,,,3,10,2018,13,18,9,554.90,22.91,954.92,495.33
004,1475,1560,1494,1190,,,3,10,2018,13,23,9,555.40,23.73,954.95,495.07
004,1487,1602,1531,1212,,,3,10,2018,13,28,9,549.00,23.37,954.85,495.91
004,1481,1614,1516,1205,,,3,10,2018,13,33,9,554.50,24.03,954.70,497.22
004,1527,1619,1555,1219,,,3,10,2018,13,38,9,555.20,23.54,954.73,496.98
004,1514,1615,1554,1217,,,3,10,2018,13,43,9,559.60,22.40,954.76,496.73
004,1553,1632,1537,1225,,,3,10,2018,13,48,9,553.40,24.30,954.86,495.84
004,1601,1679,1591,1282,,,3,10,2018,13,53,9,556.90,25.43,954.81,496.23
004,1575,1683,1590,1267,,,3,10,2018,13,58,9,556.30,25.75,954.79,496.44
004,1601,1692,1634,1302,,,3,10,2018,14,3,9,553.10,25.05,954.73,496.96
004,1615,1702,1659,1318,,,3,10,2018,14,8,9,558.10,24.91,954.68,497.36
004,1679,1760,1671,1325,,,3,10,2018,14,13,9,555.90,25.06,954.57,498.40
004,1720,1815,1744,1367,,,3,10,2018,14,18,9,557.60,25.78,954.49,499.02
004,1766,1863,1796,1427,,,3,10,2018,14,23,9,561.50,26.69,954.47,499.24
004,1719,1800,1739,1387,,,3,10,2018,14,28,9,566.10,27.61,954.36,500.15
004,1712,1841,1745,1395,,,3,10,2018,14,33,9,560.30,25.78,954.30,500.71
004,1779,1883,1803,1440,,,3,10,2018,14,38,9,562.70,25.29,954.24,501.26
004,1754,1864,1771,1415,,,3,10,2018,14,43,9,557.60,26.69,954.17,501.82
004,1774,1879,1783,1423,,,3,10,2018,14,48,9,561.80,26.51,953.97,503.56
004,1776,1869,1793,1427,,,3,10,2018,14,53,9,552.90,27.71,953.95,503.79
004,1795,1912,1811,1445,,,3,10,2018,14,58,9,560.20,27.66,953.77,505.37
004,1747,1852,1784,1415,,,3,10,2018,15,3,9,563.00,26.98,953.81,504.97
004,1762,1872,1788,1446,,,3,10,2018,15,8,9,563.30,26.75,953.70,505.92
004,1760,1840,1776,1416,,,3,10,2018,15,13,9,565.20,,,
004,1711,1805,1735,1376,,,3,10,2018,15,18,9,562.70,27.51,953.67,506.23
004,1723,1825,1762,1410,,,3,10,2018,15,23,9,562.20,,,
004,1712,1828,1787,1404,,,3,10,2018,15,28,9,559.40,29.08,953.65,506.44
004,1711,1803,1731,1379,,,3,10,2018,15,33,9,557.30,,,
004,1710,1808,1735,1394,,,3,10,2018,15,38,9,560.40,,,
004,1735,1840,1743,1403,,,3,10,2018,15,43,9,560.10,,,
004,1762,1856,1777,1426,,,3,10,2018,15,48,9,557.10,,,
004,1745,1852,1763,1456,,,3,10,2018,15,53,9,559.50,,,
004,1847,1870,1789,1436,,,3,10,2018,15,58,9,559.50,,,
004,1849,1952,1892,1515,,,3,10,2018,16,3,9,556.60,,,
004,1921,2023,1929,1555,,,3,10,2018,16,8,9,557.80,,,
004,1856,1959,1878,1499,,,3,10,2018,16,13,9,559.00,,,
004,1859,1968,1873,1569,,,3,10,2018,16,18,9,558.50,,,
004,1872,1978,1896,1524,,,3,10,2018,16,23,9,560.90,,,
004,1878,2000,1904,1537,,,3,10,2018,16,28,9,558.80,,,
004,1826,1929,1857,1480,,,3,10,2018,16,33,9,558.00,,,
004,1784,1891,1827,1463,,,3,10,2018,16,38,9,556.80,,,
004,1771,1872,1795,1425,,,3,10,2018,16,43,9,547.00,,,
004,1782,1873,1799,1470,,,3,10,2018,16,48,9,552.40,,,
004,1771,1854,1801,1430,,,3,10,2018,16,53,9,554.60,,,
004,1742,1852,1760,1399,,,3,10,2018,16,58,9,550.40,,,
004,1763,1868,1764,1445,,,3,10,2018,17,3,9,556.20,,,
004,1709,1787,1720,1399,,,3,10,2018,17,8,9,557.10,,,
004,1679,1763,1703,1372,,,3,10,2018,17,13,9,560.30,,,
004,1707,1803,1751,1392,,,3,10,2018,17,18,9,557.80,,,
004,1684,1773,1697,1351,,,3,10,2018,17,23,9,561.70,,,
004,1673,1771,1697,1355,,,3,10,2018,17,28,9,565.40,,,
004,1659,1760,1686,1351,,,3,10,2018,17,33,9,563.90,,,
004,1611,1703,1641,1314,,,3,10,2018,17,38,9,568.20,,,
004,1571,1669,1596,1293,,,3,10,2018,17,43,9,572.70,,,
004,1553,1646,1576,1246,,,3,10,2018,17,48,9,562.70,,,
004,1384,1451,1403,1096,,,3,10,2018,17,53,9,551.30,,,
004,1408,1497,1406,1171,,,3,10,2018,17,58,9,556.00,,,
004,1403,1476,1440,1137,,,3,10,2018,18,3,9,556.50,,,
004,1504,1588,1520,1223,,,3,10,2018,18,8,9,552.50,,,
004,1536,1639,1551,1228,,,3,10,2018,18,13,9,556.20,,,
004,1763,1766,1799,1346,,,3,10,2018,18,18,9,551.20,,,
004,1713,1808,1737,1406,,,3,10,2018,18,23,9,550.30,,,
004,1783,1895,1825,1434,,,3,10,2018,18,28,9,550.70,,,
004,1792,1895,1819,1463,,,3,10,2018,18,33,9,550.20,,,
004,1763,1859,1809,1430,,,3,10,2018,18,38,9,551.40,,,
004,1804,1922,1808,1449,,,3,10,2018,18,43,9,550.70,,,
004,1777,1889,1816,1442,,,3,10,2018,18,48,9,552.10,,,
004,1761,1881,1824,1472,,,3,10,2018,18,53,9,548.00,,,
004,1783,1875,1814,1462,,,3,10,2018,18,58,9,554.30,,,
004,1737,1825,1761,1401,,,3,10,2018,19,3,9,558.50,,,
004,1747,1847,1777,1411,,,3,10,2018,19,8,9,559.30,,,
004,1734,1831,1766,1399,,,3,10,2018,19,13,9,556.60,,,
004,1698,1761,1719,1379,,,3,10,2018,19,18,9,556.30,,,
004,1651,1740,1703,1349,,,3,10,2018,19,23,9,555.50,,,
004,1654,1750,1702,1362,,,3,10,2018,19,28,9,554.00,,,
004,1651,1739,1659,1321,,,3,10,2018,19,33,9,550.30,,,
004,1624,1715,1662,1316,,,3,10,2018,19,38,9,553.50,,,
004,1611,1683,1634,1299,,,3,10,2018,19,43,9,555.70,,,
004,1523,1619,1559,1222,,,3,10,2018,19,48,9,554.70,,,
004,1431,1558,1494,1196,,,3,10,2018,19,53,9,550.30,,,
004,1442,1527,1445,1154,,,3,10,2018,19,58,9,552.50,,,
004,1432,1511,1412,1126,,,3,10,2018,20,3,9,553.80,,,
004,1409,1507,1417,1135,,,3,10,2018,20,8,9,543.80,,,
004,1359,1433,1372,1104,,,3,10,2018,20,13,9,550.50,,,
004,1399,1489,1417,1134,,,3,10,2018,20,18,9,555.30,,,
004,1319,1393,1376,1079,,,3,10,2018,20,23,9,549.40,,,
004,1345,1419,1356,1088,,,3,10,2018,20,28,9,558.80,,,
004,1299,1385,1319,1056,,,3,10,2018,20,33,9,551.90,,,
004,1271,1344,1275,1029,,,3,10,2018,20,38,9,550.40,,,
004,1207,1275,1227,979,,,3,10,2018,20,43,9,554.50,,,
004,1137,1214,1147,903,,,3,10,2018,20,48,9,550.00,,,
004,1111,1190,1124,902,,,3,10,2018,20,53,9,556.50,,,
004,1070,1139,1071,855,,,3,10,2018,20,58,9,553.50,,,
004,1023,1091,1037,831,,,3,10,2018,21,3,9,550.50,,,
004,963,1017,992,780,,,3,10,2018,21,8,9,548.80,,,
004,907,950,918,719,,,3,10,2018,21,13,9,552.60,,,
004,851,919,873,695,,,3,10,2018,21,18,9,564.10,,,
004,796,839,805,636,,,3,10,2018,21,23,9,565.60,,,
004,741,789,742,585,,,3,10,2018,21,28,9,552.80, NAN, NAN, NAN
004,688,727,674,544,,,3,10,2018,21,33,9,562.60,27.20,950.69,532.33
004,622,669,617,474,,,3,10,2018,21,38,9,558.80,,,
004,557,598,567,443,,,3,10,2018,21,43,9,559.00,,,
004,507,530,500,385,,,3,10,2018,21,48,9,558.80,,,
004,406,423,403,323,,,3,10,2018,21,53,9,553.90,,,
004,338,359,347,275,,,3,10,2018,21,58,9,548.30,,,
004,173,184,219,149,,,3,10,2018,22,3,9,551.70,,,
004,26,218,38,140,,,3,10,2018,22,8,9,552.30,,,
004,139,126,119,106,,,3,10,2018,22,13,9,552.10,,,
004,7,6,7,6,,,4,10,2018,10,58,9,551.40,12.67,950.30,535.77
004,6,10,31,17,,,4,10,2018,11,3,9,555.20,12.95,950.30,535.75
004,7,7,7,7,,,4,10,2018,11,8,9,558.40,13.16,950.29,535.84
004,100,111,78,48,,,4,10,2018,11,13,9,560.40,13.38,950.30,535.71
004,119,131,103,100,,,4,10,2018,11,18,9,554.10,13.78,950.32,535.54
004,244,282,242,198,,,4,10,2018,11,23,9,558.40,14.64,950.37,535.12
004,196,216,199,164,,,4,10,2018,11,28,9,552.20,15.39,950.34,535.34
004,366,419,382,300,,,4,10,2018,11,33,9,551.30,15.97,950.21,536.52
004,389,471,393,311,,,4,10,2018,11,38,9,558.80,16.88,950.33,535.46
004,430,471,433,338,,,4,10,2018,11,43,9,555.10,17.69,950.33,535.46
004,336,372,334,298,,,4,10,2018,11,48,9,567.20,18.38,950.27,536.01
004,623,680,628,500,,,4,10,2018,11,53,9,561.20,19.61,950.30,535.74
004,570,612,566,422,,,4,10,2018,11,58,9,563.50,21.07,950.26,536.05
004,568,622,576,447,,,4,10,2018,12,3,9,551.80,21.55,950.39,534.90
004,513,555,516,410,,,4,10,2018,12,8,9,552.30,20.96,950.42,534.72
004,608,638,606,482,,,4,10,2018,12,13,9,548.90,21.81,950.45,534.41
004,568,619,574,446,,,4,10,2018,12,18,9,543.90,22.85,950.51,533.89
004,552,591,547,438,,,4,10,2018,12,23,9,551.30,23.41,950.54,533.58
004,711,763,719,570,,,4,10,2018,12,28,9,551.70,23.72,950.67,532.47
004,803,871,828,625,,,4,10,2018,12,33,9,551.90,24.45,950.65,532.68
004,625,705,624,514,,,4,10,2018,12,38,9,555.40,24.23,950.69,532.29
004,873,939,875,691,,,4,10,2018,12,43,9,558.50,24.79,950.74,531.83
004,751,826,746,627,,,4,10,2018,12,48,9,560.30,24.94,950.82,531.16
004,859,910,849,688,,,4,10,2018,12,53,9,556.00,24.84,950.73,531.92
004,879,963,888,700,,,4,10,2018,12,58,9,558.50,25.07,950.80,531.35
004,835,896,848,667,,,4,10,2018,13,3,9,557.10,26.17,950.78,531.52
004,754,801,736,610,,,4,10,2018,13,8,9,559.50,26.81,950.74,531.91
004,787,846,770,632,,,4,10,2018,13,13,9,553.20,27.08,950.72,532.07
004,726,751,715,594,,,4,10,2018,13,18,9,555.30,27.23,950.60,533.09
004,841,912,852,701,,,4,10,2018,13,23,9,553.60,28.43,950.63,532.88
004,914,986,956,748,,,4,10,2018,13,28,9,550.70,,,
004,804,838,845,650,,,4,10,2018,13,33,9,555.00,27.67,950.81,531.30
004,702,773,709,571,,,4,10,2018,13,38,9,558.00,28.35,950.75,531.77
004,609,651,606,496,,,4,10,2018,13,43,9,557.00,28.52,950.79,531.48
004,630,679,625,506,,,4,10,2018,13,48,9,555.00,28.75,950.77,531.64
004,686,753,716,570,,,4,10,2018,13,53,9,552.90,28.48,950.78,531.54
004,704,757,715,573,,,4,10,2018,13,58,9,556.40,28.11,950.75,531.80
004,723,779,710,583,,,4,10,2018,14,3,9,556.00,29.05,950.79,531.41
004,699,763,705,567,,,4,10,2018,14,8,9,554.60,30.29,950.89,530.59
004,689,785,723,592,,,4,10,2018,14,13,9,558.10,30.45,950.91,530.34
004,839,910,857,690,,,4,10,2018,14,18,9,557.40,30.87,950.92,530.30
004,835,899,860,691,,,4,10,2018,14,23,9,565.10,30.94,950.95,530.02
004,937,1018,960,773,,,4,10,2018,14,28,9,557.40,31.45,950.84,531.00
004,931,992,963,766,,,4,10,2018,14,33,9,557.40,31.28,950.80,531.32
004,687,745,699,562,,,4,10,2018,14,38,9,545.40,32.41,950.81,531.26
004,718,753,735,599,,,4,10,2018,14,43,9,548.40,,,
004,741,796,767,588,,,4,10,2018,14,48,9,549.30,,,
004,731,801,738,612,,,4,10,2018,14,53,9,552.00,,,
004,908,983,933,741,,,4,10,2018,14,58,9,562.90,,,
004,705,771,686,591,,,4,10,2018,15,3,9,564.20,,,
004,531,593,544,451,,,4,10,2018,15,8,9,565.30,,,
004,504,539,501,398,,,4,10,2018,15,13,9,557.20,,,
004,663,708,651,515,,,4,10,2018,15,18,9,560.90,,,
004,546,596,552,416,,,4,10,2018,15,23,9,562.00,,,
004,538,583,545,431,,,4,10,2018,15,28,9,562.50,,,
004,608,646,583,485,,,4,10,2018,15,33,9,564.00,,,
004,704,830,717,767,,,4,10,2018,15,38,9,557.60,,,
004,915,928,899,772,,,4,10,2018,15,43,9,559.60,,,
004,887,1030,883,816,,,4,10,2018,15,48,9,557.00,,,
004,987,1057,989,839,,,4,10,2018,15,53,9,561.90,,,
004,1227,1332,1216,1001,,,4,10,2018,15,58,9,556.20,,,
004,1271,1333,1289,1025,,,4,10,2018,16,3,9,560.40,,,
004,1415,1491,1448,1151,,,4,10,2018,16,8,9,556.90,,,
004,1395,1463,1415,1117,,,4,10,2018,16,13,9,564.70,,,
004,1452,1493,1508,1146,,,4,10,2018,16,18,9,557.10,,,
004,1291,1363,1292,1054,,,4,10,2018,16,23,9,559.70,,,
004,1282,1367,1300,1059,,,4,10,2018,16,28,9,561.00,,,
004,1440,1511,1473,1169,,,4,10,2018,16,33,9,558.60,,,
004,1495,1572,1515,1219,,,4,10,2018,16,38,9,558.50,,,
004,1671,1735,1673,1315,,,4,10,2018,16,43,9,552.60,,,
004,1569,1665,1544,1273,,,4,10,2018,16,48,9,551.20,,,
004,1563,1627,1591,1255,,,4,10,2018,16,53,9,552.00,,,
004,1543,1601,1608,1289,,,4,10,2018,16,58,9,550.40,,,
004,587,599,596,462,,,4,10,2018,17,3,9,556.40,,,
004,352,365,339,267,,,4,10,2018,17,8,9,558.70,,,
004,770,776,708,591,,,4,10,2018,17,13,9,562.10,,,
004,653,625,705,650,,,4,10,2018,17,18,9,561.00,,,
004,920,1036,1016,750,,,4,10,2018,17,23,9,567.40,,,
004,1247,1303,1286,973,,,4,10,2018,17,28,9,560.50,,,
004,818,791,763,695,,,4,10,2018,17,33,9,563.40,,,
004,1356,1478,1257,1095,,,4,10,2018,17,38,9,567.00,,,
004,1703,1811,1734,1376,,,4,10,2018,17,43,9,558.00,,,
004,41,47,49,28,,,4,10,2018,17,48,9,558.00,,,
004,1431,1754,1488,1274,,,4,10,2018,17,53,9,554.70,,,
004,632,641,623,509,,,4,10,2018,17,58,9,555.00,,,
004,882,939,902,721,,,4,10,2018,18,3,9,558.40,,,
004,1843,1909,1806,1409,,,4,10,2018,18,8,9,554.10,,,
004,1776,1872,1811,1424,,,4,10,2018,18,13,9,555.20,,,
004,681,734,793,750,,,4,10,2018,18,18,9,555.00,,,
004,1676,1815,1696,1383,,,4,10,2018,18,23,9,555.40,,,
004,1745,1843,1723,1403,,,4,10,2018,18,28,9,557.30,,,
004,1121,1201,1168,815,,,4,10,2018,18,33,9,557.20,,,
004,411,453,423,291,,,4,10,2018,18,38,9,553.30,,,
004,1450,1601,1505,1250,,,4,10,2018,18,43,9,553.50,,,
004,798,970,671,772,,,4,10,2018,18,48,9,556.90,,,
004,1335,1349,1343,1038,,,4,10,2018,18,53,9,556.80,,,
004,1295,1335,1331,1111,,,4,10,2018,18,58,9,558.90,,,
004,1443,1523,1455,1167,,,4,10,2018,19,3,9,562.10,,,
004,940,990,1016,792,,,4,10,2018,19,8,9,558.50,,,
004,1017,999,998,835,,,4,10,2018,19,13,9,561.40,,,
004,1335,1414,1332,1019,,,4,10,2018,19,18,9,563.30,,,
004,1468,1559,1495,1151,,,4,10,2018,19,23,9,557.20,,,
004,1553,1700,1600,1301,,,4,10,2018,19,28,9,557.70,,,
004,1527,1619,1562,1241,,,4,10,2018,19,33,9,554.50,,,
004,919,1015,955,742,,,4,10,2018,19,38,9,559.30,,,
004,1154,1061,1239,1014,,,4,10,2018,19,43,9,551.30,,,
004,1347,1444,1395,1102,,,4,10,2018,19,48,9,553.80,,,
004,1474,1570,1486,1223,,,4,10,2018,19,53,9,549.80,,,
004,1460,1534,1495,1187,,,4,10,2018,19,58,9,553.60,,,
004,1423,1487,1457,1158,,,4,10,2018,20,3,9,547.60,,,
004,1345,1349,1325,1105,,,4,10,2018,20,8,9,558.90,,,
004,1253,1382,1275,1040,,,4,10,2018,20,13,9,553.90,,,
004,1255,1351,1228,998,,,4,10,2018,20,18,9,555.60,,,
004,1191,1258,1195,934,,,4,10,2018,20,23,9,555.00,,,
004,1119,1160,1138,926,,,4,10,2018,20,28,9,555.60,,,
004,1007,1086,1028,806,,,4,10,2018,20,33,9,560.70,,,
004,1019,1079,1041,828,,,4,10,2018,20,38,9,554.90,,,
004,987,1063,1007,792,,,4,10,2018,20,43,9,557.10,,,
004,896,947,924,736,,,4,10,2018,20,48,9,563.60,,,
004,905,935,883,711,,,4,10,2018,20,53,9,565.30,,,
004,839,900,848,626,,,4,10,2018,20,58,9,551.50,,,
004,790,851,807,628,,,4,10,2018,21,3,9,543.20,,,
004,689,711,678,545,,,4,10,2018,21,8,9,557.90,,,
004,604,695,601,498,,,4,10,2018,21,13,9,572.20,,,
004,526,567,527,415,,,4,10,2018,21,18,9,560.40,,,
004,350,315,327,261,,,4,10,2018,21,23,9,562.90,,,
004,247,279,240,194,,,4,10,2018,21,28,9,556.50,,,
004,174,196,174,128,,,4,10,2018,21,33,9,559.00,,,
004,162,164,154,118,,,4,10,2018,21,38,9,557.80,,,
004,100,128,85,102,,,4,10,2018,21,43,9,551.90,,,
004,30,32,31,25,,,4,10,2018,21,48,9,553.90,,,
004,7,7,7,7,,,4,10,2018,21,53,9,552.00,,,
004,7,7,7,7,,,4,10,2018,21,58,9,550.70,,,
004,7,7,7,7,,,4,10,2018,22,3,9,544.60,,,
004,8,8,8,8,,,4,10,2018,22,8,9,542.60,,,
004,7,7,7,7,,,4,10,2018,22,13,9,546.90,,,
004,6,6,7,6,,,5,10,2018,10,53,9,564.00,11.17,953.88,504.35
004,7,6,7,6,,,5,10,2018,10,58,9,557.40,11.26,953.82,504.86
004,7,6,7,6,,,5,10,2018,11,3,9,560.40,11.51,953.77,505.31
004,7,6,7,6,,,5,10,2018,11,8,9,561.30,11.67,953.85,504.62
004,7,6,7,6,,,5,10,2018,11,13,9,552.00,11.71,953.87,504.47
004,13,8,7,6,,,5,10,2018,11,18,9,559.10,11.73,953.94,503.88
004,164,214,172,129,,,5,10,2018,11,23,9,560.40,11.94,953.84,504.71
004,214,231,199,150,,,5,10,2018,11,28,9,559.90,12.63,953.80,505.07
004,406,436,386,303,,,5,10,2018,11,33,9,550.50,13.81,953.67,506.18
004,452,470,431,336,,,5,10,2018,11,38,9,554.40,15.19,953.65,506.38
004,527,563,506,402,,,5,10,2018,11,43,9,555.20,16.32,953.64,506.47
004,566,611,563,433,,,5,10,2018,11,48,9,565.60,17.23,953.51,507.62
004,623,667,604,472,,,5,10,2018,11,53,9,566.90,18.23,953.34,509.13
004,679,707,674,534,,,5,10,2018,11,58,9,559.10,18.38,953.35,509.03
004,701,743,653,495,,,5,10,2018,12,3,9,559.50,18.81,953.35,509.01
004,737,779,731,576,,,5,10,2018,12,8,9,551.20,18.87,953.35,509.00
004,750,809,767,591,,,5,10,2018,12,13,9,545.90,19.08,953.25,509.88
004,782,847,791,623,,,5,10,2018,12,18,9,552.40,18.92,953.28,509.61
004,857,918,846,646,,,5,10,2018,12,23,9,542.80,18.83,953.35,509.05
004,899,951,878,683,,,5,10,2018,12,28,9,547.10,18.49,953.29,509.52
004,951,1005,939,726,,,5,10,2018,12,33,9,553.30,19.21,953.31,509.34
004,940,927,963,764,,,5,10,2018,12,38,9,557.80,20.26,953.23,510.08
004,1007,1068,1010,791,,,5,10,2018,12,43,9,558.60,18.20,953.30,509.50
004,1031,1079,1031,806,,,5,10,2018,12,48,9,557.50,18.24,953.38,508.76
004,1047,1105,1031,806,,,5,10,2018,12,53,9,557.10,18.41,953.28,509.59
004,1103,1151,1095,858,,,5,10,2018,12,58,9,559.70,18.97,953.26,509.78
004,1160,1219,1147,904,,,5,10,2018,13,3,9,559.60,18.94,953.26,509.80
004,1179,1240,1186,928,,,5,10,2018,13,8,9,555.10,18.19,953.29,509.53
004,1185,1264,1187,924,,,5,10,2018,13,13,9,555.80,19.84,953.13,510.97
004,1255,1323,1241,977,,,5,10,2018,13,18,9,556.30,20.45,953.02,511.90
004,1158,1299,1138,901,,,5,10,2018,13,23,9,554.30,20.67,952.87,513.23
004,1235,1329,1243,894,,,5,10,2018,13,28,9,556.10,20.78,952.87,513.23
004,1211,1258,1287,986,,,5,10,2018,13,33,9,557.50,22.46,952.81,513.77
004,1295,1255,1311,1039,,,5,10,2018,13,38,9,562.90,23.27,952.82,513.62
004,1298,1385,1309,995,,,5,10,2018,13,43,9,560.90,23.12,952.83,513.56
004,1301,1369,1308,1046,,,5,10,2018,13,48,9,558.20,22.76,952.91,512.84
004,1358,1424,1360,1068,,,5,10,2018,13,53,9,557.70,23.20,952.86,513.27
004,1399,1451,1394,1092,,,5,10,2018,13,58,9,554.90,24.26,952.87,513.18
004,1355,1440,1363,1056,,,5,10,2018,14,3,9,551.00,25.18,952.84,513.52
004,1364,1465,1396,1080,,,5,10,2018,14,8,9,551.30,22.93,952.99,512.19
004,1367,1443,1363,1059,,,5,10,2018,14,13,9,554.60,24.99,952.84,513.47
004,1391,1447,1378,1084,,,5,10,2018,14,18,9,556.10,25.99,952.87,513.18
004,1406,1447,1392,1083,,,5,10,2018,14,23,9,558.10,26.88,952.94,512.57
004,1462,1560,1494,1132,,,5,10,2018,14,28,9,550.80,27.60,952.81,513.73
004,1446,1521,1454,1149,,,5,10,2018,14,33,9,554.50,26.27,952.90,512.92
004,1521,1585,1523,1186,,,5,10,2018,14,38,9,555.90,26.99,952.89,513.08
004,1448,1540,1457,1140,,,5,10,2018,14,43,9,548.30,27.85,952.89,513.06
004,1425,1491,1409,1107,,,5,10,2018,14,48,9,551.10,27.10,952.84,513.48
004,1513,1587,1515,1168,,,5,10,2018,14,53,9,560.20,26.95,952.96,512.44
004,1473,1542,1443,1144,,,5,10,2018,14,58,9,563.70,,,
004,1435,1481,1420,1117,,,5,10,2018,15,3,9,560.60,27.38,952.97,512.33
004,1368,1431,1337,1062,,,5,10,2018,15,8,9,559.90,26.14,952.85,513.36
004,1531,1593,1511,1189,,,5,10,2018,15,13,9,557.80,,,
004,1491,1556,1486,1159,,,5,10,2018,15,18,9,567.70,24.36,952.93,512.66
004,1559,1635,1556,1204,,,5,10,2018,15,23,9,558.60,,,
004,1494,1543,1494,1174,,,5,10,2018,15,28,9,557.00,,,
004,1582,1635,1568,1246,,,5,10,2018,15,33,9,568.10,,,
004,1617,1683,1599,1252,,,5,10,2018,15,38,9,556.90,,,
004,1575,1648,1586,1246,,,5,10,2018,15,43,9,559.40,,,
004,1615,1699,1600,1265,,,5,10,2018,15,48,9,562.10,,,
004,1619,1681,1617,1287,,,5,10,2018,15,53,9,562.30,,,
004,1651,1715,1631,1293,,,5,10,2018,15,58,9,561.60,,,
004,1629,1686,1611,1280,,,5,10,2018,16,3,9,559.20,,,
004,1636,1720,1648,1291,,,5,10,2018,16,8,9,554.20,,,
004,1619,1691,1620,1273,,,5,10,2018,16,13,9,563.50,,,
004,1656,1729,1679,1295,,,5,10,2018,16,18,9,560.70,,,
004,1691,1747,1676,1323,,,5,10,2018,16,23,9,558.90,,,
004,1683,1751,1664,1318,,,5,10,2018,16,28,9,557.10,,,
004,1703,1768,1688,1329,,,5,10,2018,16,33,9,555.10,,,
004,1679,1765,1696,1319,,,5,10,2018,16,38,9,553.90,,,
004,1713,1798,1702,1361,,,5,10,2018,16,43,9,550.40,,,
004,1732,1789,1743,1376,,,5,10,2018,16,48,9,547.30,,,
004,1708,1779,1680,1362,,,5,10,2018,16,53,9,561.70,,,
004,1679,1814,1680,1335,,,5,10,2018,16,58,9,559.80,,,
004,1746,1799,1725,1376,,,5,10,2018,17,3,9,551.20,,,
004,1737,1808,1697,1362,,,5,10,2018,17,8,9,556.60,,,
004,1761,1816,1743,1378,,,5,10,2018,17,13,9,561.40,,,
004,1793,1876,1794,1419,,,5,10,2018,17,18,9,564.40,,,
004,1767,1840,1771,1400,,,5,10,2018,17,23,9,557.50,,,
004,1874,1923,1847,1457,,,5,10,2018,17,28,9,560.40,,,
004,1891,1952,1875,1479,,,5,10,2018,17,33,9,556.70,,,
004,1839,1959,1811,1447,,,5,10,2018,17,38,9,554.50,,,
004,1874,1947,1857,1479,,,5,10,2018,17,43,9,559.90,,,
004,1879,1968,1887,1511,,,5,10,2018,17,48,9,554.60,,,
004,1862,1922,1826,1454,,,5,10,2018,17,53,9,553.40,,,
004,1827,1888,1871,1442,,,5,10,2018,17,58,9,557.60,,,
004,1692,1794,1702,1350,,,5,10,2018,18,3,9,552.50,,,
004,1739,1809,1735,1363,,,5,10,2018,18,8,9,550.70,,,
004,1766,1830,1767,1415,,,5,10,2018,18,13,9,551.40,,,
004,1710,1788,1702,1340,,,5,10,2018,18,18,9,550.20,,,
004,1618,1611,1664,1287,,,5,10,2018,18,23,9,546.50,,,
004,1159,1263,1114,958,,,5,10,2018,18,28,9,554.50,,,
004,862,915,876,773,,,5,10,2018,18,33,9,553.30,,,
004,1148,1318,1288,1043,,,5,10,2018,18,38,9,551.90,,,
004,1679,1747,1655,1284,,,5,10,2018,18,43,9,552.80,,,
004,613,724,589,442,,,5,10,2018,18,48,9,548.80,,,
004,679,688,723,529,,,5,10,2018,18,53,9,554.90,,,
004,539,599,567,447,,,5,10,2018,18,58,9,561.60,,,
004,1554,1602,1575,1230,,,5,10,2018,19,3,9,554.30,,,
004,1551,1603,1543,1219,,,5,10,2018,19,8,9,554.40,,,
004,1296,1366,1287,1042,,,5,10,2018,19,13,9,556.80,,,
004,1457,1569,1443,1161,,,5,10,2018,19,18,9,556.10,,,
004,1481,1522,1459,1166,,,5,10,2018,19,23,9,553.00,,,
004,1497,1553,1495,1164,,,5,10,2018,19,28,9,553.10,,,
004,1427,1491,1411,1107,,,5,10,2018,19,33,9,552.30,,,
004,1447,1506,1535,1154,,,5,10,2018,19,38,9,552.20,,,
004,1446,1521,1455,1111,,,5,10,2018,19,43,9,553.40,,,
004,1331,1440,1303,1081,,,5,10,2018,19,48,9,554.00,,,
004,1361,1415,1377,1056,,,5,10,2018,19,53,9,550.40,,,
004,1343,1419,1347,1076,,,5,10,2018,19,58,9,553.90,,,
004,1327,1390,1295,1047,,,5,10,2018,20,3,9,552.70,,,
004,1231,1255,1227,978,,,5,10,2018,20,8,9,559.30,,,
004,1219,1294,1217,950,,,5,10,2018,20,13,9,554.40,,,
004,1203,1254,1220,965,,,5,10,2018,20,18,9,566.30,,,
004,1188,1315,1188,940,,,5,10,2018,20,23,9,557.60,,,
004,1132,1166,1127,890,,,5,10,2018,20,28,9,553.20,,,
004,1094,1120,1058,837,,,5,10,2018,20,33,9,560.30,,,
004,1056,1095,1059,827,,,5,10,2018,20,38,9,556.60,,,
004,962,993,922,750,,,5,10,2018,20,43,9,555.50,,,
004,923,963,911,716,,,5,10,2018,20,48,9,557.50,,,
004,895,944,879,698,,,5,10,2018,20,53,9,552.80,,,
004,847,885,828,638,,,5,10,2018,20,58,9,553.40,,,
004,811,846,807,636,,,5,10,2018,21,3,9,555.20,,,
004,732,769,722,566,,,5,10,2018,21,8,9,571.60,,,
004,747,775,729,575,,,5,10,2018,21,13,9,555.60,,,
004,690,707,672,531,,,5,10,2018,21,18,9,557.20,,,
004,644,691,634,515,,,5,10,2018,21,23,9,558.30,,,
004,604,635,595,469,,,5,10,2018,21,28,9,555.70,,,
004,564,595,555,426,,,5,10,2018,21,33,9,562.60,,,
