003,4095,4095,4095,4095,,,20,8,2018,21,44,17,,23.02,956.49,481.61
003,55,8,9,8,,,20,8,2018,22,26,31,,24.29,957.34,474.16
003,53,8,9,8,,,20,8,2018,22,34,11,,24.13,957.44,473.29
003,47,8,9,8,,,20,8,2018,22,38,21,,23.89,957.56,472.23
003,21,6,6,6,,,20,8,2018,23,7,0,,22.94,957.98,468.62
003,51,8,9,8,,,20,8,2018,23,18,10,,22.80,957.75,470.64
003,49,8,9,8,,,20,8,2018,23,23,10,,22.85,957.83,469.94
003,53,8,9,7,,,20,8,2018,23,28,10,,22.89,957.87,469.54
003,50,8,9,8,,,20,8,2018,23,33,10,,22.92,957.94,468.93
003,19,6,5,5,,,21,8,2018,11,50,37,548.00,11.76,958.20,466.69
003,43,7,8,7,,,21,8,2018,12,8,11,552.00,13.51,957.80,470.13
003,45,7,7,7,,,21,8,2018,12,13,9,553.40,13.69,957.29,474.63
003,242,7,7,6,,,21,8,2018,12,15,53,552.20,14.09,957.36,474.01
003,0,0,0,0,,,21,8,2018,13,51,44,561.30,22.35,956.34,482.87
003,49,929,1321,1224,,,21,8,2018,14,3,10,558.90,25.08,956.30,483.22
003,39,952,1320,1214,,,21,8,2018,14,8,10,551.80,25.28,956.41,482.28
003,47,952,1378,1271,,,21,8,2018,14,13,10,562.80,25.41,955.65,488.89
003,41,1004,1420,1313,,,21,8,2018,14,18,10,551.00,25.10,956.05,485.46
003,37,1018,1458,1328,,,21,8,2018,14,23,10,549.70,25.57,955.84,487.24
003,39,992,1424,1312,,,21,8,2018,14,28,10,541.60,25.69,956.05,485.45
003,47,1054,1520,1376,,,21,8,2018,14,33,10,548.90,26.89,955.87,486.97
003,44,1054,1555,1412,,,21,8,2018,14,38,10,549.80,27.66,955.75,488.06
003,45,1056,1520,1392,,,21,8,2018,14,43,10,545.80,27.23,955.98,486.06
003,47,1042,1470,1361,,,21,8,2018,14,48,10,547.90,27.09,955.75,488.06
003,41,1072,1532,1394,,,21,8,2018,14,53,10,548.10,27.51,955.72,488.35
003,49,1073,1529,1404,,,21,8,2018,14,58,10,547.20,27.71,955.54,489.91
003,49,1108,1574,1444,,,21,8,2018,15,3,10,548.20,27.37,955.63,489.08
003,51,1112,1577,1425,,,21,8,2018,15,8,10,548.30,27.64,955.54,489.90
003,112,1119,1585,1494,,,21,8,2018,15,13,10,548.50,28.01,955.70,488.45
003,53,1156,1648,1497,,,21,8,2018,15,18,10,543.30,28.12,955.59,489.46
003,50,1148,1662,1526,,,21,8,2018,15,23,10,549.10,28.90,955.50,490.19
003,47,1107,1608,1484,,,21,8,2018,15,28,10,547.30,29.40,955.47,490.45
003,49,1160,1667,1524,,,21,8,2018,15,33,10,551.60,29.94,955.33,491.75
003,41,1144,1641,1500,,,21,8,2018,15,38,10,546.70,29.90,955.27,492.27
003,38,1133,1612,1468,,,21,8,2018,15,43,10,546.10,30.18,955.33,491.71
003,51,1084,1584,1420,,,21,8,2018,15,48,10,549.10,30.77,954.99,494.64
003,49,1001,1502,1406,,,21,8,2018,15,53,10,551.40,30.81,955.11,493.60
003,40,1188,1719,1540,,,21,8,2018,15,58,10,551.90,31.26,955.17,493.08
003,37,1196,1701,1544,,,21,8,2018,16,3,10,552.30,31.79,955.08,493.85
003,47,1163,1694,1530,,,21,8,2018,16,8,10,550.60,30.84,955.20,492.82
003,48,1200,1744,1576,,,21,8,2018,16,13,10,553.50,31.06,955.13,493.50
003,43,1198,1708,1553,,,21,8,2018,16,18,10,551.80,31.47,955.20,492.87
003,49,1237,1778,1621,,,21,8,2018,16,23,10,547.50,31.75,955.09,493.81
003,45,1236,1784,1608,,,21,8,2018,16,28,10,550.10,31.93,955.11,493.59
003,41,1220,1772,1587,,,21,8,2018,16,33,10,546.00,31.76,955.14,493.41
003,42,1248,1776,1628,,,21,8,2018,16,38,10,547.20,32.02,954.79,496.45
003,48,1247,1816,1640,,,21,8,2018,16,43,10,545.50,32.97,955.06,494.10
003,47,1232,1776,1624,,,21,8,2018,16,48,10,545.50,32.11,955.12,493.58
003,35,1288,1816,1624,,,21,8,2018,16,53,10,548.60,32.32,954.98,494.75
003,44,1260,1814,1663,,,21,8,2018,16,58,10,550.60,32.64,954.88,495.64
003,37,1280,1816,1716,,,21,8,2018,17,3,10,551.90,32.08,954.93,495.17
003,45,1318,1890,1703,,,21,8,2018,17,8,10,552.00,32.23,954.82,496.17
003,45,1297,1864,1692,,,21,8,2018,17,13,10,542.70,33.19,954.75,496.80
003,50,1292,1840,1672,,,21,8,2018,17,18,10,556.40,33.09,954.63,497.80
003,49,1312,1876,1708,,,21,8,2018,17,23,10,550.90,33.75,954.55,498.52
003,49,1310,1848,1710,,,21,8,2018,17,28,10,556.90,32.93,954.53,498.73
003,44,1222,1784,1640,,,21,8,2018,17,33,10,550.00,33.32,954.60,498.13
003,34,1212,1679,1532,,,21,8,2018,17,38,10,550.30,32.23,954.61,498.04
003,55,1248,1768,1595,,,21,8,2018,17,43,10,564.20,32.56,954.30,500.73
003,37,1212,1726,1568,,,21,8,2018,17,48,10,553.30,33.94,954.37,500.10
003,37,1180,1689,1532,,,21,8,2018,17,53,10,556.30,34.74,954.31,500.59
003,45,1188,1696,1531,,,21,8,2018,17,58,10,570.20,34.44,954.22,501.44
003,49,1204,1706,1528,,,21,8,2018,18,3,10,555.40,34.48,954.16,501.94
003,48,914,1282,1164,,,21,8,2018,18,8,10,562.50,33.01,954.09,502.57
003,48,326,465,401,,,21,8,2018,18,13,10,557.40,31.04,954.29,500.80
003,45,1092,1574,1447,,,21,8,2018,18,18,10,555.20,31.24,954.19,501.70
003,4095,4095,4095,4095,,,3,9,2018,16,15,7,546.20,33.66,953.88,504.40
003,33,1258,1738,1468,,,3,9,2018,16,23,13,547.80,33.64,953.89,504.27
003,33,1260,1753,1478,,,3,9,2018,16,28,13,546.60,34.05,953.65,506.38
003,30,1238,1726,1456,,,3,9,2018,16,33,13,553.30,34.42,953.63,506.54
003,31,1264,1764,1476,,,3,9,2018,16,38,13,558.00,34.93,953.52,507.55
003,30,1260,1768,1479,,,3,9,2018,16,43,13,551.90,35.84,953.34,509.09
003,29,1254,1756,1468,,,3,9,2018,16,48,13,553.40,36.18,953.29,509.58
003,41,1250,1746,1457,,,3,9,2018,16,53,13,547.00,37.20,953.19,510.44
003,37,1256,1747,1486,,,3,9,2018,16,58,13,557.20,36.71,953.11,511.09
003,31,1232,1727,1444,,,3,9,2018,17,3,13,560.50,36.38,953.06,511.54
003,31,1222,1702,1430,,,3,9,2018,17,8,13,561.20,36.27,952.88,513.11
003,31,1230,1696,1383,,,3,9,2018,17,13,13,564.70,36.11,952.85,513.36
003,31,1168,1656,1382,,,3,9,2018,17,18,13,565.10,36.67,952.74,514.40
003,32,1214,1700,1428,,,3,9,2018,17,23,13,564.70,37.65,952.76,514.17
003,31,1204,1664,1420,,,3,9,2018,17,28,13,563.40,37.43,952.61,515.47
003,30,1206,1677,1414,,,3,9,2018,17,33,13,561.90,37.19,952.51,516.39
003,33,1160,1638,1356,,,3,9,2018,17,38,13,557.60,37.31,952.50,516.45
003,34,1170,1635,1375,,,3,9,2018,17,43,13,561.10,36.85,952.41,517.20
003,33,1168,1644,1376,,,3,9,2018,17,48,13,558.50,37.08,952.31,518.08
003,43,1172,1624,1366,,,3,9,2018,17,53,13,563.00,36.78,952.30,518.19
003,30,1124,1580,1316,,,3,9,2018,17,58,13,560.80,36.67,952.24,518.72
003,30,1128,1572,1333,,,3,9,2018,18,3,13,557.70,37.38,952.08,520.10
003,30,1116,1560,1328,,,3,9,2018,18,8,13,558.30,36.99,951.98,521.02
003,31,1104,1548,1294,,,3,9,2018,18,13,13,559.30,36.95,951.78,522.80
003,31,1084,1516,1265,,,3,9,2018,18,18,13,551.90,36.94,951.85,522.12
003,29,1072,1496,1284,,,3,9,2018,18,23,13,556.00,37.88,951.72,523.30
003,31,1072,1502,1256,,,3,9,2018,18,28,13,556.20,38.10,951.71,523.40
003,155,1118,1548,1302,,,3,9,2018,18,33,13,555.80,37.76,951.63,524.10
003,27,872,1159,904,,,3,9,2018,18,38,13,557.10,37.94,951.51,525.09
003,33,1064,1488,1248,,,3,9,2018,18,43,13,551.80,37.53,951.38,526.28
003,43,9,9,9,,,3,9,2018,18,48,13,550.10,35.97,951.51,525.13
003,37,154,78,134,,,3,9,2018,18,53,13,551.70,35.18,951.42,525.92
003,30,895,1423,1208,,,3,9,2018,18,58,13,539.80,36.00,951.34,526.58
003,31,1022,1424,1191,,,3,9,2018,19,3,13,549.30,35.09,951.25,527.39
003,43,1040,1444,1215,,,3,9,2018,19,8,13,555.40,35.98,951.10,528.73
003,31,1016,1398,1182,,,3,9,2018,19,13,13,553.00,36.91,950.98,529.80
003,30,985,1375,1142,,,3,9,2018,19,18,13,557.10,37.28,951.12,528.53
003,32,870,1134,1063,,,3,9,2018,19,23,13,562.80,36.16,951.07,529.02
003,32,937,1191,1087,,,3,9,2018,19,28,13,563.30,34.94,951.11,528.61
003,31,964,1366,1120,,,3,9,2018,19,33,13,560.00,35.12,950.87,530.75
003,34,928,1306,1080,,,3,9,2018,19,38,13,559.80,36.12,950.84,531.03
003,31,940,1304,1104,,,3,9,2018,19,43,13,559.90,37.04,950.83,531.06
003,37,663,947,928,,,3,9,2018,19,48,13,552.90,37.40,950.80,531.39
003,47,845,1215,1056,,,3,9,2018,19,53,13,557.20,37.85,950.75,531.83
003,30,825,1159,1000,,,3,9,2018,19,58,13,558.60,38.11,950.71,532.10
003,29,812,1132,932,,,3,9,2018,20,3,13,554.40,37.67,950.71,532.14
003,29,710,1026,850,,,3,9,2018,20,8,13,558.70,37.00,950.64,532.76
003,29,664,911,827,,,3,9,2018,20,13,13,558.10,36.71,950.71,532.14
003,34,704,988,832,,,3,9,2018,20,18,13,550.60,36.36,950.64,532.79
003,30,661,948,784,,,3,9,2018,20,23,13,556.50,36.24,950.57,533.36
003,42,608,846,711,,,3,9,2018,20,28,13,556.00,36.02,950.65,532.64
003,30,572,780,658,,,3,9,2018,20,33,13,556.20,35.34,950.62,532.95
003,42,541,755,632,,,3,9,2018,20,38,13,556.00,35.05,950.71,532.16
003,30,552,748,615,,,3,9,2018,20,43,13,556.90,34.45,950.74,531.89
003,33,480,667,560,,,3,9,2018,20,48,13,555.30,33.71,950.75,531.78
003,32,462,624,528,,,3,9,2018,20,53,13,557.90,33.50,950.73,531.98
003,35,448,602,503,,,3,9,2018,20,58,13,554.80,33.71,950.69,532.28
003,30,411,550,464,,,3,9,2018,21,3,13,551.50,33.21,950.64,532.79
003,48,322,524,355,,,3,9,2018,21,8,13,555.80,31.14,950.93,530.20
003,37,9,9,8,,,3,9,2018,21,13,13,554.90,29.52,951.08,528.91
003,34,9,9,8,,,3,9,2018,21,18,13,558.10,28.59,951.06,529.11
003,51,8,9,8,,,3,9,2018,21,23,13,557.30,28.22,951.07,529.01
003,39,161,106,158,,,3,9,2018,21,28,13,556.20,29.15,951.04,529.26
003,39,221,295,254,,,3,9,2018,21,33,13,554.10,29.79,951.00,529.63
003,34,182,255,204,,,3,9,2018,21,38,13,551.70,30.17,950.93,530.22
003,35,166,219,188,,,3,9,2018,21,43,13,549.30,30.16,951.01,529.47
003,46,127,172,152,,,3,9,2018,21,48,13,545.90,29.84,951.08,528.87
003,44,113,152,128,,,4,9,2018,11,38,13,554.10,14.67,950.05,537.88
003,56,170,209,166,,,4,9,2018,11,43,13,555.60,15.54,949.85,539.69
003,50,201,254,220,,,4,9,2018,11,48,13,548.70,16.50,949.90,539.25
003,46,256,340,277,,,4,9,2018,11,53,13,552.90,17.66,949.87,539.53
003,36,201,277,195,,,4,9,2018,11,58,13,556.20,18.08,950.19,536.70
003,41,242,288,256,,,4,9,2018,12,3,13,555.80,17.06,950.35,535.27
003,52,124,161,119,,,4,9,2018,12,8,13,552.20,16.43,950.43,534.59
003,53,433,596,499,,,4,9,2018,12,13,13,553.20,17.70,950.06,537.87
003,55,468,656,544,,,4,9,2018,12,18,13,554.50,19.74,949.96,538.70
003,41,518,721,605,,,4,9,2018,12,23,13,558.80,20.74,949.87,539.46
003,47,560,776,649,,,4,9,2018,12,28,13,555.40,21.93,949.85,539.65
003,40,589,820,681,,,4,9,2018,12,33,13,557.50,22.44,949.84,539.75
003,39,599,851,717,,,4,9,2018,12,38,13,558.50,23.34,949.80,540.07
003,35,656,895,744,,,4,9,2018,12,43,13,558.50,24.09,949.85,539.64
003,43,694,961,814,,,4,9,2018,12,48,13,560.30,24.54,949.74,540.60
003,41,739,1008,844,,,4,9,2018,12,53,13,560.50,25.25,949.68,541.18
003,44,756,1028,871,,,4,9,2018,12,58,13,560.30,25.32,949.80,540.08
003,52,780,1085,912,,,4,9,2018,13,3,13,560.30,25.99,949.80,540.13
003,45,804,1096,936,,,4,9,2018,13,8,13,551.90,26.26,949.68,541.14
003,45,820,1132,967,,,4,9,2018,13,13,13,553.20,26.41,949.65,541.43
003,37,830,1153,963,,,4,9,2018,13,18,13,556.30,26.82,949.61,541.82
003,60,848,1160,1012,,,4,9,2018,13,23,13,549.40,26.98,949.66,541.33
003,45,872,1199,834,,,4,9,2018,13,28,13,548.30,27.06,949.61,541.81
003,37,927,1266,1080,,,4,9,2018,13,33,13,548.90,27.42,949.54,542.39
003,45,913,1259,1052,,,4,9,2018,13,38,13,550.30,27.68,949.57,542.13
003,37,932,1275,1056,,,4,9,2018,13,43,13,549.20,27.65,949.60,541.87
003,40,938,1284,1092,,,4,9,2018,13,48,13,546.30,27.98,949.46,543.13
003,32,966,1389,1128,,,4,9,2018,13,53,13,546.30,28.32,949.43,543.36
003,45,959,1316,1124,,,4,9,2018,13,58,13,545.60,29.07,949.36,543.96
003,39,976,1338,1146,,,4,9,2018,14,3,13,554.00,29.41,949.35,544.04
003,44,1023,1423,1183,,,4,9,2018,14,8,13,552.70,29.72,949.17,545.68
003,46,1044,1448,1236,,,4,9,2018,14,13,13,549.40,30.24,949.10,546.26
003,43,1082,1510,1263,,,4,9,2018,14,18,13,550.60,30.62,949.11,546.17
003,45,1076,1480,1324,,,4,9,2018,14,23,13,551.70,31.13,949.06,546.64
003,47,1096,1492,1270,,,4,9,2018,14,28,13,552.00,31.70,949.03,546.89
003,41,1086,1524,1295,,,4,9,2018,14,33,13,546.50,31.43,949.13,545.98
003,45,1108,1528,1292,,,4,9,2018,14,38,13,549.20,31.97,949.06,546.63
003,40,1126,1574,1336,,,4,9,2018,14,43,13,547.40,32.45,949.11,546.14
003,41,1123,1543,1308,,,4,9,2018,14,48,13,548.40,32.60,949.06,546.64
003,41,1104,1549,1312,,,4,9,2018,14,53,13,547.60,32.33,949.02,546.93
003,40,1103,1539,1287,,,4,9,2018,14,58,13,549.30,32.80,949.03,546.84
003,42,1140,1553,1315,,,4,9,2018,15,3,13,549.10,33.31,948.96,547.46
003,40,1150,1581,1356,,,4,9,2018,15,8,13,548.20,33.56,949.01,547.06
003,41,1132,1566,1315,,,4,9,2018,15,13,13,546.40,33.59,948.95,547.59
003,33,1151,1583,1375,,,4,9,2018,15,18,13,548.60,33.80,948.92,547.83
003,43,1176,1615,1368,,,4,9,2018,15,23,13,555.60,34.22,948.84,548.54
003,43,1199,1661,1404,,,4,9,2018,15,28,13,555.20,34.46,948.80,548.89
003,45,1202,1672,1426,,,4,9,2018,15,33,13,552.50,35.25,948.71,549.65
003,44,1242,1712,1458,,,4,9,2018,15,38,13,546.60,35.75,948.58,550.80
003,48,1236,1716,1468,,,4,9,2018,15,43,13,547.50,36.42,948.51,551.47
003,41,1211,1694,1444,,,4,9,2018,15,48,13,553.90,37.08,948.53,551.25
003,41,1224,1700,1430,,,4,9,2018,15,53,13,555.10,37.21,948.53,551.26
003,45,1240,1718,1458,,,4,9,2018,15,58,13,559.90,37.52,948.43,552.18
003,49,1235,1708,1432,,,4,9,2018,16,3,13,552.20,37.90,948.43,552.18
003,40,1196,1654,1428,,,4,9,2018,16,8,13,550.50,38.09,948.37,552.66
003,37,1241,1720,1447,,,4,9,2018,16,13,13,553.70,37.86,948.34,552.94
003,37,1260,1748,1478,,,4,9,2018,16,18,13,553.00,38.05,948.23,553.93
003,43,1264,1760,1490,,,4,9,2018,16,23,13,551.70,38.08,948.21,554.06
003,38,1300,1796,1520,,,4,9,2018,16,28,13,559.20,38.60,948.18,554.31
003,34,1292,1784,1508,,,4,9,2018,16,33,13,550.90,39.23,948.11,555.00
003,41,1276,1766,1489,,,4,9,2018,16,38,13,556.30,39.68,948.01,555.86
003,34,1300,1793,1527,,,4,9,2018,16,43,13,561.60,39.90,947.97,556.19
003,35,1380,1888,1593,,,4,9,2018,16,48,13,556.30,39.59,947.87,557.06
003,41,1364,1907,1607,,,4,9,2018,16,53,13,558.80,40.48,947.78,557.87
003,49,1374,1916,1608,,,4,9,2018,16,58,13,562.30,40.68,947.71,558.51
003,45,1342,1880,1590,,,4,9,2018,17,3,13,563.20,40.88,947.60,559.42
003,40,1324,1818,1552,,,4,9,2018,17,8,13,563.80,40.56,947.60,559.47
003,35,1304,1792,1526,,,4,9,2018,17,13,13,559.10,41.01,947.45,560.76
003,51,1272,1783,1494,,,4,9,2018,17,18,13,564.90,40.90,947.43,560.96
003,41,1252,1760,1480,,,4,9,2018,17,23,13,562.10,41.38,947.34,561.71
003,35,1261,1767,1474,,,4,9,2018,17,28,13,562.20,40.73,947.33,561.77
003,37,1263,1736,1470,,,4,9,2018,17,33,13,558.30,41.09,947.32,561.86
003,48,1274,1758,1482,,,4,9,2018,17,38,13,559.40,40.96,947.19,563.01
003,41,1250,1759,1480,,,4,9,2018,17,43,13,561.60,41.59,947.18,563.16
003,41,1260,1754,1480,,,4,9,2018,17,48,13,567.90,41.84,947.11,563.71
003,41,1271,1804,1494,,,4,9,2018,17,53,13,560.50,42.06,947.09,563.90
003,43,1256,1742,1484,,,4,9,2018,17,58,13,558.00,41.45,947.12,563.63
003,35,1172,1614,1380,,,4,9,2018,18,3,13,555.60,41.15,947.03,564.42
003,37,1070,1464,1235,,,4,9,2018,18,8,13,555.10,41.22,947.02,564.53
003,32,1096,1502,1304,,,4,9,2018,18,13,13,556.80,39.60,947.12,563.62
003,39,1040,1440,1218,,,4,9,2018,18,18,13,559.60,39.42,947.09,563.93
003,37,1128,1534,1316,,,4,9,2018,18,23,13,554.30,39.19,947.05,564.26
003,43,1124,1544,1314,,,4,9,2018,18,28,13,557.90,38.44,947.15,563.40
003,42,1100,1524,1288,,,4,9,2018,18,33,13,559.80,38.00,947.16,563.33
003,35,1176,1616,1376,,,4,9,2018,18,38,13,547.70,36.90,947.12,563.69
003,47,1166,1604,1372,,,4,9,2018,18,43,13,548.40,35.70,947.23,562.71
003,43,39,10,9,,,4,9,2018,18,48,13,550.70,34.74,947.34,561.76
003,45,947,692,892,,,4,9,2018,18,53,13,544.40,34.27,947.45,560.78
003,45,795,1495,1245,,,4,9,2018,18,58,13,544.90,34.46,947.47,560.56
003,40,1204,1662,1406,,,4,9,2018,19,3,13,546.70,32.92,947.54,559.97
003,45,1204,1622,1375,,,4,9,2018,19,8,13,551.50,33.59,947.69,558.67
003,41,1196,1648,1391,,,4,9,2018,19,13,13,559.10,33.84,947.66,558.92
003,41,1176,1598,1339,,,4,9,2018,19,18,13,562.80,34.17,947.66,558.93
003,46,896,1188,1011,,,4,9,2018,19,23,13,561.80,33.34,947.82,557.47
003,43,1101,1505,1281,,,4,9,2018,19,28,13,558.00,33.32,947.81,557.60
003,48,1042,1439,1217,,,4,9,2018,19,33,13,559.80,33.77,947.80,557.69
003,39,1048,1412,1202,,,4,9,2018,19,38,13,552.20,33.63,947.87,557.08
003,44,1004,1382,1179,,,4,9,2018,19,43,13,553.90,32.87,947.93,556.50
003,48,961,1352,1150,,,4,9,2018,19,48,13,554.60,32.68,948.00,555.89
003,44,959,1308,1118,,,4,9,2018,19,53,13,557.60,32.91,947.99,556.03
003,48,950,1302,1126,,,4,9,2018,19,58,13,553.70,32.31,948.05,555.50
003,41,940,1264,1078,,,4,9,2018,20,3,13,557.60,32.52,948.00,555.92
003,41,881,1242,1034,,,4,9,2018,20,8,13,557.30,31.44,948.13,554.79
003,47,852,1176,988,,,4,9,2018,20,13,13,549.40,30.67,948.07,555.27
003,45,836,1144,955,,,4,9,2018,20,18,13,551.30,30.53,948.31,553.24
003,42,828,1119,964,,,4,9,2018,20,23,13,556.60,29.97,948.36,552.73
003,49,786,1048,900,,,4,9,2018,20,28,13,551.70,29.64,948.25,553.71
003,44,784,1050,904,,,4,9,2018,20,33,13,560.30,29.84,948.33,553.06
003,47,701,956,823,,,4,9,2018,20,38,13,553.00,29.91,948.25,553.73
003,35,691,945,785,,,4,9,2018,20,43,13,549.60,29.47,948.53,551.28
003,37,656,912,712,,,4,9,2018,20,48,13,551.30,29.64,948.69,549.86
003,39,644,882,730,,,4,9,2018,20,53,13,555.60,29.22,948.73,549.53
003,41,562,772,661,,,4,9,2018,20,58,13,549.60,29.26,948.63,550.42
003,40,543,736,618,,,4,9,2018,21,3,13,559.20,27.06,949.12,546.11
003,40,9,9,8,,,4,9,2018,21,8,13,555.60,25.58,949.28,544.68
003,45,8,9,8,,,4,9,2018,21,13,13,556.00,24.82,949.43,543.35
003,38,8,8,8,,,4,9,2018,21,18,13,549.10,24.56,949.58,542.03
003,27,7,7,7,,,1,10,2018,17,1,56,,23.31,957.63,471.69
003,11,8,7,7,,,2,10,2018,18,20,57,556.30,32.20,954.88,495.62
003,4095,4095,4095,4095,,,2,10,2018,18,25,1,556.00,29.38,955.10,493.74
003,34,1244,1703,1442,,,2,10,2018,18,33,9,556.90,29.48,955.09,493.77
003,32,1248,1704,1433,,,2,10,2018,18,38,9,552.80,27.34,955.29,492.05
003,31,1246,1699,1431,,,2,10,2018,18,43,9,551.30,27.57,955.21,492.74
003,35,1280,1748,1492,,,2,10,2018,18,48,9,560.50,28.27,955.13,493.50
003,33,1220,1662,1428,,,2,10,2018,18,53,10,556.40,28.12,955.19,492.92
003,37,1230,1671,1424,,,2,10,2018,18,58,10,552.00,28.30,955.09,493.80
003,40,1228,1662,1413,,,2,10,2018,19,3,10,556.40,27.67,955.21,492.72
003,30,1248,1665,1410,,,2,10,2018,19,8,10,552.50,26.97,955.28,492.18
003,34,1224,1662,1431,,,2,10,2018,19,13,10,554.10,26.96,955.15,493.29
003,33,1192,1624,1392,,,2,10,2018,19,18,10,555.10,27.59,955.18,493.06
003,34,1208,1637,1400,,,2,10,2018,19,23,10,560.70,27.47,955.22,492.68
003,32,1212,1640,1388,,,2,10,2018,19,28,10,555.70,28.23,955.16,493.17
003,35,1168,1574,1372,,,2,10,2018,19,33,10,557.70,28.80,955.05,494.12
003,37,1172,1590,1350,,,2,10,2018,19,38,10,560.00,26.59,955.48,490.37
003,33,1144,1534,1324,,,2,10,2018,19,43,10,555.20,27.58,955.22,492.66
003,35,1092,1512,1292,,,2,10,2018,19,48,10,555.30,28.45,955.18,493.02
003,43,1093,1480,1264,,,2,10,2018,19,53,10,561.70,27.03,955.40,491.14
003,39,1076,1444,1251,,,2,10,2018,19,58,10,554.30,27.16,955.32,491.76
003,34,1015,1382,1185,,,2,10,2018,20,3,10,558.90,26.33,955.47,490.46
003,35,1001,1367,1160,,,2,10,2018,20,8,10,556.70,27.26,955.31,491.90
003,32,996,1370,1160,,,2,10,2018,20,13,10,554.80,26.67,955.39,491.15
003,44,974,1313,1077,,,2,10,2018,20,18,10,560.60,26.79,955.47,490.50
003,35,953,1304,1116,,,2,10,2018,20,23,10,548.40,25.95,955.56,489.72
003,49,906,1241,1055,,,2,10,2018,20,28,10,538.50,26.06,955.59,489.46
003,32,889,1208,1036,,,2,10,2018,20,33,10,542.80,26.25,955.59,489.46
003,41,892,1204,1008,,,2,10,2018,20,38,10,552.10,26.20,955.55,489.77
003,49,817,1135,968,,,2,10,2018,20,43,10,544.00,26.14,955.46,490.59
003,37,805,1073,938,,,2,10,2018,20,48,10,553.90,25.63,955.54,489.91
003,36,750,1042,702,,,2,10,2018,20,53,10,552.30,26.26,955.57,489.58
003,51,609,936,810,,,2,10,2018,20,58,10,551.90,26.42,955.50,490.21
003,47,720,976,836,,,2,10,2018,21,3,10,552.10,25.75,955.58,489.50
003,41,692,916,776,,,2,10,2018,21,8,10,548.70,25.64,955.65,488.92
003,39,633,852,714,,,2,10,2018,21,13,10,551.90,25.37,955.61,489.23
003,37,498,780,683,,,2,10,2018,21,18,10,552.40,25.06,955.73,488.20
003,40,330,422,508,,,2,10,2018,21,23,10,548.10,24.58,955.86,487.09
003,34,7,8,7,,,2,10,2018,21,28,10,552.00,24.61,955.73,488.23
003,38,8,7,7,,,2,10,2018,21,33,10,555.10,23.90,955.86,487.11
003,47,7,7,8,,,2,10,2018,21,38,10,553.30,23.23,955.98,486.05
003,35,7,7,7,,,2,10,2018,21,43,10,557.70,22.61,956.08,485.13
003,35,7,7,7,,,2,10,2018,21,48,10,561.30,22.48,956.06,485.35
003,34,7,7,7,,,2,10,2018,21,53,10,563.40,22.11,956.10,485.04
003,36,7,7,7,,,2,10,2018,21,58,10,555.60,21.76,956.15,484.60
003,35,7,12,7,,,2,10,2018,22,3,10,557.50,21.18,956.19,484.24
003,38,7,7,7,,,2,10,2018,22,8,10,554.10,20.99,956.16,484.50
003,43,8,7,17,,,3,10,2018,10,58,10,559.70,9.54,957.10,476.28
003,41,23,22,56,,,3,10,2018,11,3,10,554.90,10.30,956.90,477.98
003,47,7,7,6,,,3,10,2018,11,8,10,560.70,11.24,956.71,479.68
003,127,7,6,6,,,3,10,2018,11,13,10,557.50,11.45,956.64,480.26
003,129,283,368,305,,,3,10,2018,11,18,10,559.40,12.13,956.49,481.63
003,140,319,422,368,,,3,10,2018,11,23,10,555.80,13.02,956.38,482.54
003,124,378,493,370,,,3,10,2018,11,28,10,557.80,14.04,956.32,483.07
003,124,429,564,467,,,3,10,2018,11,33,10,549.90,15.13,956.25,483.70
003,67,489,636,534,,,3,10,2018,11,38,10,553.80,16.02,956.26,483.57
003,83,527,716,608,,,3,10,2018,11,43,10,548.40,16.00,956.36,482.76
003,112,586,772,656,,,3,10,2018,11,48,10,550.50,16.33,956.39,482.50
003,82,617,824,712,,,3,10,2018,11,53,10,562.00,16.31,956.43,482.13
003,112,673,904,775,,,3,10,2018,11,58,10,557.40,15.97,956.55,481.04
003,132,700,941,793,,,3,10,2018,12,3,10,554.40,16.34,956.57,480.87
003,121,708,961,828,,,3,10,2018,12,8,10,549.80,17.54,956.35,482.79
003,91,736,996,840,,,3,10,2018,12,13,10,553.80,17.84,956.34,482.89
003,121,784,1049,894,,,3,10,2018,12,18,10,551.20,18.14,956.39,482.50
003,92,785,1072,912,,,3,10,2018,12,23,10,549.80,18.19,956.37,482.64
003,116,794,1084,928,,,3,10,2018,12,28,10,560.70,17.37,956.62,480.43
003,127,813,1107,949,,,3,10,2018,12,33,10,550.50,17.45,956.59,480.74
003,131,866,1187,1004,,,3,10,2018,12,38,10,550.70,17.07,956.64,480.32
003,126,853,1169,983,,,3,10,2018,12,43,10,551.70,18.33,956.28,483.40
003,83,920,1240,1068,,,3,10,2018,12,48,10,559.30,19.51,956.21,484.07
003,82,956,1304,1100,,,3,10,2018,12,53,10,553.80,18.97,956.33,483.01
003,99,968,1324,1120,,,3,10,2018,12,58,10,555.40,20.73,955.96,486.25
003,104,990,1348,1144,,,3,10,2018,13,3,10,555.50,21.10,955.97,486.16
003,70,1004,1352,1154,,,3,10,2018,13,8,10,551.70,21.56,955.97,486.14
003,78,1044,1420,1207,,,3,10,2018,13,13,10,558.20,22.47,955.80,487.60
003,53,1060,1440,1232,,,3,10,2018,13,18,10,555.90,23.41,955.69,488.53
003,37,1070,1441,1256,,,3,10,2018,13,23,10,558.50,24.36,955.63,489.11
003,66,1101,1498,1273,,,3,10,2018,13,28,10,549.60,24.20,955.68,488.65
003,85,1104,1491,1278,,,3,10,2018,13,33,10,556.00,24.73,955.45,490.71
003,48,1124,1528,1298,,,3,10,2018,13,38,10,558.20,24.20,955.65,488.94
003,51,1124,1526,1316,,,3,10,2018,13,43,10,558.60,22.69,955.86,487.05
003,55,1112,1489,1324,,,3,10,2018,13,48,10,556.50,24.78,955.57,489.63
003,70,1148,1568,1341,,,3,10,2018,13,53,10,555.50,26.25,955.43,490.82
003,38,1144,1556,1332,,,3,10,2018,13,58,10,553.20,26.25,955.49,490.34
003,52,1166,1588,1352,,,3,10,2018,14,3,10,548.30,25.86,955.47,490.54
003,72,1188,1604,1389,,,3,10,2018,14,8,10,549.10,25.98,955.41,491.04
003,77,1192,1631,1378,,,3,10,2018,14,13,10,554.30,25.87,955.32,491.78
003,53,1264,1699,1464,,,3,10,2018,14,18,10,555.40,26.84,955.21,492.77
003,53,1291,1744,1480,,,3,10,2018,14,23,10,553.60,27.47,955.01,494.49
003,43,1254,1704,1460,,,3,10,2018,14,28,10,559.80,28.58,954.82,496.14
003,47,1264,1728,1488,,,3,10,2018,14,33,10,561.90,27.16,955.04,494.25
003,55,1292,1756,1489,,,3,10,2018,14,38,10,554.10,26.20,955.12,493.53
003,40,1255,1721,1478,,,3,10,2018,14,43,10,557.30,27.27,954.80,496.31
003,36,1274,1748,1476,,,3,10,2018,14,48,10,554.70,27.02,954.83,496.06
003,47,1292,1768,1504,,,3,10,2018,14,53,10,558.70,28.39,954.58,498.25
003,50,1303,1778,1513,,,3,10,2018,14,58,10,564.70,28.16,954.56,498.47
003,52,1348,1815,1484,,,3,10,2018,15,3,10,565.40,27.49,954.46,499.32
003,49,1288,1747,1504,,,3,10,2018,15,8,10,555.00,27.98,954.39,499.91
003,37,1248,1717,1480,,,3,10,2018,15,13,10,558.80,29.69,954.16,501.95
003,40,1236,1688,1438,,,3,10,2018,15,18,10,558.50,28.07,954.37,500.11
003,51,1241,1696,1464,,,3,10,2018,15,23,10,560.20,28.99,954.21,501.49
003,49,1250,1700,1464,,,3,10,2018,15,28,10,561.00,30.14,954.10,502.45
003,43,1268,1696,1452,,,3,10,2018,15,33,10,560.80,30.11,954.17,501.88
003,41,1248,1692,1450,,,3,10,2018,15,38,10,560.30,29.10,954.11,502.39
003,35,1254,1712,1464,,,3,10,2018,15,43,10,558.80,31.36,953.88,504.39
003,48,1276,1748,1472,,,3,10,2018,15,48,10,562.90,32.12,953.78,505.22
003,49,1272,1722,1466,,,3,10,2018,15,53,10,560.90,32.67,953.77,505.38
003,37,1292,1739,1481,,,3,10,2018,15,58,10,558.40,33.37,953.76,505.45
003,41,1345,1848,1567,,,3,10,2018,16,3,10,557.50,31.96,953.74,505.62
003,45,1398,1890,1608,,,3,10,2018,16,8,10,561.00,33.04,953.73,505.66
003,43,1334,1808,1551,,,3,10,2018,16,13,10,559.10,32.91,953.70,505.95
003,42,1340,1812,1544,,,3,10,2018,16,18,10,559.70,32.77,953.62,506.64
003,44,1337,1840,1574,,,3,10,2018,16,23,10,561.70,30.66,953.59,506.92
003,40,1380,1890,1592,,,3,10,2018,16,28,10,556.40,30.59,953.45,508.15
003,43,1320,1814,1535,,,3,10,2018,16,33,10,556.90,31.65,953.33,509.17
003,51,1292,1775,1508,,,3,10,2018,16,38,10,559.70,30.88,953.38,508.74
003,46,1275,1734,1504,,,3,10,2018,16,43,10,554.40,31.48,953.31,509.39
003,39,1279,1740,1488,,,3,10,2018,16,48,10,550.90,31.68,953.18,510.48
003,43,1250,1729,1472,,,3,10,2018,16,53,10,552.70,32.50,953.04,511.72
003,45,1247,1709,1436,,,3,10,2018,16,58,10,558.20,30.99,953.13,510.94
003,39,1261,1740,1495,,,3,10,2018,17,3,10,564.50,32.30,952.97,512.38
003,35,1232,1684,1438,,,3,10,2018,17,8,10,558.90,32.19,953.04,511.75
003,51,1224,1660,1422,,,3,10,2018,17,13,10,561.60,32.23,952.80,513.85
003,40,1238,1688,1432,,,3,10,2018,17,18,10,560.70,33.32,952.68,514.86
003,37,1209,1654,1394,,,3,10,2018,17,23,10,561.40,34.83,952.52,516.31
003,47,1228,1650,1406,,,3,10,2018,17,28,10,560.90,35.45,952.35,517.81
003,28,1214,1653,1396,,,3,10,2018,17,33,10,555.30,36.12,952.29,518.32
003,45,1140,1553,1348,,,3,10,2018,17,38,10,557.60,34.24,952.46,516.81
003,28,1120,1535,1320,,,3,10,2018,17,43,10,555.10,33.88,952.34,517.88
003,41,1120,1527,1285,,,3,10,2018,17,48,10,556.90,35.73,952.20,519.08
003,41,998,1380,1207,,,3,10,2018,17,53,10,558.70,34.34,952.22,518.94
003,36,1028,1409,1188,,,3,10,2018,17,58,10,550.90,34.39,952.15,519.48
003,32,1032,1400,1172,,,3,10,2018,18,3,10,550.60,32.86,952.19,519.19
003,32,1080,1480,1260,,,3,10,2018,18,8,10,558.50,33.92,951.95,521.29
003,46,1116,1503,1288,,,3,10,2018,18,13,10,549.30,33.26,951.99,520.88
003,42,1215,1638,1392,,,3,10,2018,18,18,10,550.10,31.00,952.14,519.65
003,31,1246,1670,1433,,,3,10,2018,18,23,10,551.20,31.04,952.09,520.05
003,42,1294,1768,1520,,,3,10,2018,18,28,10,549.10,30.42,952.14,519.63
003,39,1314,1776,1505,,,3,10,2018,18,33,10,550.60,30.37,952.04,520.45
003,39,1261,1720,1485,,,3,10,2018,18,38,10,554.70,30.19,952.15,519.51
003,40,1305,1768,1516,,,3,10,2018,18,43,10,551.20,29.45,952.07,520.22
003,31,1275,1756,1508,,,3,10,2018,18,48,10,552.10,29.12,952.09,520.04
003,32,1294,1766,1504,,,3,10,2018,18,53,10,551.10,31.78,951.80,522.55
003,33,1272,1756,1483,,,3,10,2018,18,58,10,551.20,31.70,951.79,522.68
003,32,1241,1696,1446,,,3,10,2018,19,3,10,554.30,31.19,951.87,521.98
003,33,1262,1724,1484,,,3,10,2018,19,8,10,554.70,32.61,951.70,523.44
003,30,1248,1669,1442,,,3,10,2018,19,13,10,556.10,30.18,951.92,521.58
003,42,1216,1665,1436,,,3,10,2018,19,18,10,557.60,31.33,951.70,523.45
003,39,1234,1668,1415,,,3,10,2018,19,23,10,555.20,31.13,951.67,523.75
003,39,1153,1603,1392,,,3,10,2018,19,28,10,558.70,32.28,951.43,525.80
003,33,1212,1614,1355,,,3,10,2018,19,33,10,550.70,33.80,951.34,526.62
003,33,1188,1582,1368,,,3,10,2018,19,38,10,553.30,34.00,951.43,525.87
003,29,1172,1590,1360,,,3,10,2018,19,43,10,558.80,32.22,951.61,524.24
003,29,1118,1512,1292,,,3,10,2018,19,48,10,553.30,32.68,951.50,525.24
003,31,1043,1448,1236,,,3,10,2018,19,53,10,558.20,31.57,951.51,525.11
003,33,1036,1421,1224,,,3,10,2018,19,58,10,556.80,33.21,951.34,526.64
003,33,1046,1411,1202,,,3,10,2018,20,3,10,549.90,31.39,951.57,524.57
003,34,1030,1390,1188,,,3,10,2018,20,8,10,555.00,30.45,951.61,524.27
003,31,939,1259,1150,,,3,10,2018,20,13,10,548.90,29.79,951.56,524.68
003,51,492,904,765,,,3,10,2018,20,18,10,543.70,29.69,951.56,524.67
003,32,946,1251,1057,,,3,10,2018,20,23,10,545.90,29.80,951.55,524.76
003,34,956,1287,1113,,,3,10,2018,20,28,10,549.70,29.12,951.55,524.79
003,32,879,1251,1100,,,3,10,2018,20,33,10,552.10,29.86,951.46,525.60
003,31,879,1224,1036,,,3,10,2018,20,38,10,546.40,29.69,951.53,524.92
003,34,859,1161,1016,,,3,10,2018,20,43,10,553.50,29.28,951.53,524.93
003,39,834,1132,972,,,3,10,2018,20,48,10,551.90,29.08,951.51,525.16
003,34,808,1082,930,,,3,10,2018,20,53,10,550.20,29.59,951.52,525.04
003,32,680,907,806,,,3,10,2018,20,58,10,551.20,29.96,951.48,525.39
003,32,434,724,301,,,3,10,2018,21,3,10,550.50,29.57,951.47,525.46
003,63,700,952,808,,,3,10,2018,21,8,10,546.30,30.17,951.46,525.55
003,34,660,888,756,,,3,10,2018,21,13,10,552.20,30.25,951.38,526.28
003,44,370,536,304,,,3,10,2018,21,18,10,556.70,29.69,951.54,524.89
003,48,8,8,8,,,3,10,2018,21,23,10,554.10,28.40,951.60,524.31
003,39,7,7,7,,,3,10,2018,21,28,10,562.40,27.58,951.62,524.15
003,38,84,180,81,,,3,10,2018,21,33,10,554.70,27.27,951.68,523.62
003,35,8,8,7,,,3,10,2018,21,38,10,557.90,27.43,951.59,524.44
003,39,7,7,8,,,3,10,2018,21,43,10,559.30,26.83,951.71,523.37
003,40,8,7,7,,,3,10,2018,21,48,10,556.60,26.39,951.82,522.42
003,57,7,7,7,,,3,10,2018,21,53,10,553.50,26.04,951.82,522.44
003,72,8,7,7,,,3,10,2018,21,58,10,555.30,25.66,951.91,521.65
003,75,206,260,231,,,3,10,2018,22,3,10,560.90,25.24,951.98,521.00
003,34,7,7,7,,,3,10,2018,22,8,10,556.10,24.76,952.10,519.93
003,37,7,7,7,,,3,10,2018,22,13,10,556.40,24.43,952.22,518.93
003,131,8,15,6,,,4,10,2018,10,58,10,546.40,12.72,951.65,523.93
003,151,7,8,12,,,4,10,2018,11,3,10,554.90,12.97,951.64,524.01
003,196,7,7,7,,,4,10,2018,11,8,10,554.00,13.22,951.55,524.75
003,152,7,7,6,,,4,10,2018,11,13,10,558.90,13.45,951.58,524.55
003,106,7,7,7,,,4,10,2018,11,18,10,556.40,13.90,951.58,524.48
003,148,186,240,205,,,4,10,2018,11,23,10,556.40,14.73,951.56,524.72
003,129,7,7,7,,,4,10,2018,11,28,10,557.00,15.31,951.56,524.69
003,146,223,310,273,,,4,10,2018,11,33,10,558.20,15.89,951.48,525.34
003,105,263,331,293,,,4,10,2018,11,38,10,560.10,16.84,951.48,525.37
003,133,331,445,363,,,4,10,2018,11,43,10,557.70,17.62,951.35,526.55
003,123,262,337,277,,,4,10,2018,11,48,10,557.40,18.43,951.33,526.66
003,88,427,623,504,,,4,10,2018,11,53,10,555.50,19.74,951.36,526.45
003,71,328,462,380,,,4,10,2018,11,58,10,559.70,21.10,951.22,527.66
003,77,394,555,479,,,4,10,2018,12,3,10,553.10,21.76,951.33,526.70
003,68,343,476,411,,,4,10,2018,12,8,10,554.50,21.33,951.45,525.67
003,65,438,584,497,,,4,10,2018,12,13,10,551.00,22.03,951.47,525.51
003,57,406,532,455,,,4,10,2018,12,18,10,551.90,23.10,951.31,526.86
003,84,385,511,444,,,4,10,2018,12,23,10,562.90,23.58,951.40,526.12
003,85,521,712,600,,,4,10,2018,12,28,10,555.50,23.49,951.50,525.23
003,78,582,788,684,,,4,10,2018,12,33,10,554.80,24.06,951.54,524.85
003,88,468,633,552,,,4,10,2018,12,38,10,552.80,24.06,951.67,523.75
003,90,629,870,708,,,4,10,2018,12,43,10,559.00,24.72,951.57,524.58
003,39,524,736,608,,,4,10,2018,12,48,10,558.10,25.23,951.68,523.60
003,77,617,848,708,,,4,10,2018,12,53,10,553.10,25.18,951.68,523.63
003,80,628,839,705,,,4,10,2018,12,58,10,557.50,25.10,951.74,523.10
003,33,561,780,666,,,4,10,2018,13,3,10,556.50,26.39,951.56,524.67
003,32,544,756,614,,,4,10,2018,13,8,10,556.00,26.84,951.49,525.32
003,51,576,768,660,,,4,10,2018,13,13,10,556.10,27.18,951.44,525.77
003,31,492,656,520,,,4,10,2018,13,18,10,553.20,27.48,951.38,526.27
003,32,616,831,702,,,4,10,2018,13,23,10,554.70,28.82,951.36,526.48
003,31,531,761,740,,,4,10,2018,13,28,10,554.80,29.15,951.41,525.98
003,35,594,801,696,,,4,10,2018,13,33,10,556.10,27.91,951.59,524.44
003,30,505,706,573,,,4,10,2018,13,38,10,555.80,28.73,951.41,525.98
003,34,432,596,494,,,4,10,2018,13,43,10,553.40,28.85,951.38,526.24
003,31,447,608,510,,,4,10,2018,13,48,10,557.20,28.88,951.40,526.08
003,44,504,695,584,,,4,10,2018,13,53,10,555.60,28.61,951.47,525.49
003,31,496,672,525,,,4,10,2018,13,58,10,556.30,28.45,951.44,525.73
003,28,509,682,576,,,4,10,2018,14,3,10,559.00,29.29,951.44,525.78
003,33,496,676,568,,,4,10,2018,14,8,10,564.40,30.49,951.33,526.71
003,33,527,759,571,,,4,10,2018,14,13,10,559.20,30.86,951.35,526.57
003,29,619,842,698,,,4,10,2018,14,18,10,553.70,31.23,951.41,526.00
003,29,569,791,684,,,4,10,2018,14,23,10,556.80,31.43,951.51,525.14
003,36,681,937,796,,,4,10,2018,14,28,10,553.00,32.27,951.38,526.27
003,29,677,906,780,,,4,10,2018,14,33,10,555.40,32.01,951.37,526.35
003,31,493,670,571,,,4,10,2018,14,38,10,557.40,32.98,951.20,527.86
003,30,470,654,534,,,4,10,2018,14,43,10,558.30,32.60,951.31,526.84
003,31,542,746,564,,,4,10,2018,14,48,10,556.20,33.27,951.11,528.59
003,31,531,739,601,,,4,10,2018,14,53,10,562.80,34.97,950.95,530.01
003,32,654,908,726,,,4,10,2018,14,58,10,565.20,34.85,951.00,529.58
003,32,496,668,587,,,4,10,2018,15,3,10,551.60,34.29,951.09,528.81
003,32,396,543,445,,,4,10,2018,15,8,10,559.40,34.72,951.07,528.99
003,39,356,484,376,,,4,10,2018,15,13,10,563.30,35.15,951.04,529.27
003,29,450,633,534,,,4,10,2018,15,18,10,562.10,36.85,950.84,530.96
003,32,376,528,430,,,4,10,2018,15,23,10,558.20,35.65,950.95,530.05
003,31,368,516,434,,,4,10,2018,15,28,10,557.20,34.18,951.05,529.16
003,36,424,572,470,,,4,10,2018,15,33,10,558.70,33.31,951.05,529.14
003,31,748,1037,867,,,4,10,2018,15,38,10,556.90,32.81,950.96,529.90
003,30,670,953,800,,,4,10,2018,15,43,10,555.20,31.77,951.01,529.54
003,34,742,993,840,,,4,10,2018,15,48,10,558.80,32.45,950.85,530.87
003,30,732,1006,844,,,4,10,2018,15,53,10,558.40,33.47,950.70,532.21
003,44,888,1227,1010,,,4,10,2018,15,58,10,556.60,33.33,950.70,532.22
003,30,928,1264,1068,,,4,10,2018,16,3,10,558.70,32.28,950.86,530.79
003,43,1010,1374,1158,,,4,10,2018,16,8,10,561.50,34.16,950.68,532.41
003,30,960,1308,1138,,,4,10,2018,16,13,10,560.20,32.83,950.83,531.12
003,32,1059,1446,1233,,,4,10,2018,16,18,10,558.90,33.36,950.61,532.98
003,30,904,1240,1058,,,4,10,2018,16,23,10,559.80,34.32,950.58,533.26
003,30,934,1279,1116,,,4,10,2018,16,28,10,561.80,34.04,950.65,532.69
003,31,1056,1424,1202,,,4,10,2018,16,33,10,556.50,33.45,950.67,532.51
003,36,1067,1464,1248,,,4,10,2018,16,38,10,555.10,33.82,950.60,533.14
003,32,1044,1473,1330,,,4,10,2018,16,43,10,556.70,35.06,950.57,533.39
003,38,1082,1516,1320,,,4,10,2018,16,48,10,560.00,36.27,950.46,534.34
003,32,1116,1512,1276,,,4,10,2018,16,53,10,558.40,36.24,950.40,534.83
003,30,1016,1446,1315,,,4,10,2018,16,58,10,559.00,34.32,950.52,533.79
003,69,404,566,435,,,4,10,2018,17,3,10,558.00,34.32,950.45,534.42
003,40,158,239,244,,,4,10,2018,17,8,10,564.50,33.06,950.44,534.46
003,29,433,700,536,,,4,10,2018,17,13,10,562.00,31.91,950.60,533.12
003,35,592,822,710,,,4,10,2018,17,18,10,563.50,31.55,950.57,533.36
003,29,680,942,840,,,4,10,2018,17,23,10,562.70,33.36,950.34,535.40
003,32,836,1124,1019,,,4,10,2018,17,28,10,561.40,34.41,950.24,536.22
003,28,478,663,612,,,4,10,2018,17,33,10,553.40,33.81,950.26,536.09
003,31,992,1350,1085,,,4,10,2018,17,38,10,555.40,33.00,950.30,535.73
003,30,1230,1668,1238,,,4,10,2018,17,43,10,557.40,32.24,950.41,534.72
003,32,23,36,27,,,4,10,2018,17,48,10,560.00,30.73,950.50,533.95
003,42,1160,1553,1314,,,4,10,2018,17,53,10,556.40,31.50,950.40,534.86
003,33,415,553,498,,,4,10,2018,17,58,10,555.10,30.42,950.52,533.79
003,33,697,828,752,,,4,10,2018,18,3,10,556.70,30.97,950.40,534.83
003,35,1330,1791,1526,,,4,10,2018,18,8,10,555.30,30.50,950.39,534.95
003,35,1207,1660,1479,,,4,10,2018,18,13,10,553.60,32.11,950.32,535.56
003,48,496,695,636,,,4,10,2018,18,18,10,555.80,30.38,950.47,534.21
003,30,1175,1636,1370,,,4,10,2018,18,23,10,556.20,29.80,950.38,535.04
003,40,1217,1680,1443,,,4,10,2018,18,28,10,555.60,31.33,950.18,536.76
003,33,800,1020,743,,,4,10,2018,18,33,10,555.60,30.15,950.45,534.41
003,33,254,338,294,,,4,10,2018,18,38,10,550.10,28.87,950.55,533.50
003,31,1020,1345,1228,,,4,10,2018,18,43,10,556.50,31.31,950.23,536.30
003,36,583,1003,808,,,4,10,2018,18,48,10,548.40,31.57,950.33,535.46
003,34,911,1265,1007,,,4,10,2018,18,53,10,553.80,30.49,950.37,535.09
003,33,959,1281,1116,,,4,10,2018,18,58,10,552.20,30.99,950.24,536.27
003,31,988,1162,1160,,,4,10,2018,19,3,10,556.20,29.47,950.54,533.61
003,34,488,665,663,,,4,10,2018,19,8,10,558.20,29.23,950.60,533.08
003,32,724,944,791,,,4,10,2018,19,13,10,558.50,29.92,950.60,533.14
003,33,976,1324,887,,,4,10,2018,19,18,10,556.60,31.73,950.36,535.20
003,45,1092,1455,1245,,,4,10,2018,19,23,10,560.70,29.62,950.55,533.51
003,42,1086,1479,1297,,,4,10,2018,19,28,10,554.50,29.11,950.66,532.60
003,34,1112,1506,1272,,,4,10,2018,19,33,10,554.10,28.77,950.57,533.37
003,33,519,764,616,,,4,10,2018,19,38,10,558.20,28.12,950.47,534.22
003,31,911,1248,999,,,4,10,2018,19,43,10,558.60,29.37,950.47,534.23
003,45,971,1319,1123,,,4,10,2018,19,48,10,553.10,29.59,950.37,535.12
003,40,1077,1457,1244,,,4,10,2018,19,53,10,550.50,29.36,950.68,532.37
003,34,1025,1428,1228,,,4,10,2018,19,58,10,548.60,29.78,950.60,533.09
003,40,1042,1416,1188,,,4,10,2018,20,3,10,553.60,28.88,950.75,531.75
003,34,985,1360,1128,,,4,10,2018,20,8,10,547.60,27.75,950.91,530.40
003,36,760,1176,1019,,,4,10,2018,20,13,10,539.80,27.19,950.95,529.99
003,33,928,1246,1037,,,4,10,2018,20,18,10,537.80,27.75,950.97,529.84
003,34,872,1159,965,,,4,10,2018,20,23,10,546.60,28.36,950.94,530.11
003,32,738,1107,856,,,4,10,2018,20,28,10,553.50,27.16,951.08,528.86
003,35,736,980,824,,,4,10,2018,20,33,10,543.30,27.58,951.02,529.44
003,33,748,1023,857,,,4,10,2018,20,38,10,559.40,26.92,951.14,528.39
003,33,696,944,810,,,4,10,2018,20,43,10,553.90,26.99,951.26,527.35
003,32,658,892,766,,,4,10,2018,20,48,10,556.60,27.51,951.19,527.89
003,32,520,727,736,,,4,10,2018,20,53,10,556.30,27.33,951.24,527.51
003,35,609,828,707,,,4,10,2018,20,58,10,554.30,27.72,951.37,526.38
003,49,518,718,648,,,4,10,2018,21,3,10,553.80,26.67,951.50,525.25
003,35,489,643,527,,,4,10,2018,21,8,10,549.30,25.36,951.70,523.43
003,36,253,293,206,,,4,10,2018,21,13,10,556.20,25.02,951.74,523.08
003,35,90,127,50,,,4,10,2018,21,18,10,552.60,24.40,951.74,523.09
003,35,8,8,7,,,4,10,2018,21,23,10,563.60,24.11,951.92,521.51
003,33,8,8,7,,,4,10,2018,21,28,10,556.90,23.39,951.97,521.07
003,45,15,8,7,,,4,10,2018,21,33,10,553.90,23.31,951.98,521.04
003,102,7,8,7,,,4,10,2018,21,38,10,562.20,23.26,952.03,520.61
003,89,7,8,7,,,4,10,2018,21,43,10,561.60,23.08,952.00,520.86
003,95,7,7,7,,,4,10,2018,21,48,10,560.10,22.76,952.20,519.08
003,54,7,7,7,,,4,10,2018,21,53,10,555.20,22.58,952.27,518.50
003,98,7,8,7,,,4,10,2018,21,58,10,560.30,22.11,952.50,516.48
003,81,7,7,7,,,4,10,2018,22,3,10,555.10,21.65,952.57,515.81
003,43,8,8,7,,,4,10,2018,22,8,10,552.00,21.37,952.63,515.31
003,48,7,8,7,,,4,10,2018,22,13,10,555.90,20.94,952.64,515.19
003,55,7,7,7,,,5,10,2018,10,53,10,560.80,10.99,955.06,494.05
003,50,7,7,7,,,5,10,2018,10,58,10,555.00,11.14,954.98,494.74
003,51,7,7,7,,,5,10,2018,11,3,10,558.20,11.39,955.00,494.59
003,228,7,7,6,,,5,10,2018,11,8,10,558.40,11.58,955.01,494.51
003,51,7,7,6,,,5,10,2018,11,13,10,557.60,11.54,955.01,494.49
003,57,7,7,6,,,5,10,2018,11,18,10,559.10,11.64,955.13,493.43
003,52,7,7,6,,,5,10,2018,11,23,10,556.50,11.89,955.02,494.42
003,47,7,7,6,,,5,10,2018,11,28,10,556.70,12.57,954.94,495.11
003,49,7,7,6,,,5,10,2018,11,33,10,549.90,13.64,954.75,496.75
003,48,297,382,344,,,5,10,2018,11,38,10,545.90,14.87,954.71,497.13
003,39,403,528,428,,,5,10,2018,11,43,10,552.50,15.99,954.71,497.15
003,38,417,564,465,,,5,10,2018,11,48,10,555.90,17.07,954.52,498.82
003,44,447,596,504,,,5,10,2018,11,53,10,557.70,17.99,954.47,499.26
003,35,499,672,568,,,5,10,2018,11,58,10,555.30,18.30,954.56,498.42
003,37,505,688,556,,,5,10,2018,12,3,10,555.00,18.79,954.51,498.85
003,34,538,722,599,,,5,10,2018,12,8,10,551.50,18.94,954.53,498.66
003,95,548,754,639,,,5,10,2018,12,13,10,553.00,19.04,954.56,498.44
003,51,584,785,663,,,5,10,2018,12,18,10,549.80,18.72,954.62,497.94
003,33,625,848,706,,,5,10,2018,12,23,10,550.50,18.62,954.59,498.19
003,33,639,868,744,,,5,10,2018,12,28,10,554.30,18.52,954.59,498.20
003,34,684,936,777,,,5,10,2018,12,33,10,550.90,19.30,954.40,499.82
003,33,708,967,819,,,5,10,2018,12,38,10,554.80,20.40,954.22,501.40
003,45,744,999,848,,,5,10,2018,12,43,10,558.90,18.15,954.78,496.48
003,49,736,1015,809,,,5,10,2018,12,48,10,552.80,18.21,954.67,497.51
003,107,752,1021,865,,,5,10,2018,12,53,10,553.30,18.66,954.59,498.16
003,85,775,1065,916,,,5,10,2018,12,58,10,548.20,18.93,954.46,499.28
003,36,828,1136,950,,,5,10,2018,13,3,10,555.90,18.94,954.47,499.20
003,81,856,1155,992,,,5,10,2018,13,8,10,557.70,18.15,954.55,498.54
003,89,872,1184,1008,,,5,10,2018,13,13,10,550.00,20.00,954.17,501.88
003,33,905,1240,1062,,,5,10,2018,13,18,10,552.80,20.89,954.03,503.04
003,69,916,1252,1033,,,5,10,2018,13,23,10,550.80,20.90,953.91,504.11
003,57,920,1255,1062,,,5,10,2018,13,28,10,553.50,20.88,954.00,503.38
003,80,950,1303,1112,,,5,10,2018,13,33,10,551.50,22.51,953.78,505.23
003,58,952,1302,1120,,,5,10,2018,13,38,10,556.00,23.37,953.86,504.59
003,34,955,1302,1110,,,5,10,2018,13,43,10,552.90,23.62,953.78,505.26
003,47,960,1307,1109,,,5,10,2018,13,48,10,556.90,23.24,953.83,504.84
003,32,988,1329,1043,,,5,10,2018,13,53,10,558.40,23.80,953.83,504.84
003,66,988,1347,1146,,,5,10,2018,13,58,10,557.80,24.63,953.73,505.73
003,58,988,1336,1139,,,5,10,2018,14,3,10,560.40,25.66,953.68,506.16
003,48,1010,1394,1161,,,5,10,2018,14,8,10,556.00,23.62,954.05,502.91
003,38,972,1331,1145,,,5,10,2018,14,13,10,554.00,25.52,953.68,506.10
003,35,1010,1360,1140,,,5,10,2018,14,18,10,554.00,27.08,953.51,507.59
003,33,1014,1392,1168,,,5,10,2018,14,23,10,552.80,27.40,953.67,506.19
003,33,1013,1401,1198,,,5,10,2018,14,28,10,556.70,28.26,953.54,507.32
003,32,1056,1423,1216,,,5,10,2018,14,33,10,555.40,27.02,953.73,505.70
003,30,1096,1496,1272,,,5,10,2018,14,38,10,559.50,27.68,953.68,506.16
003,36,968,1355,1132,,,5,10,2018,14,43,10,554.30,28.63,953.62,506.63
003,34,1036,1404,1190,,,5,10,2018,14,48,10,564.00,27.99,953.71,505.86
003,33,1092,1504,1272,,,5,10,2018,14,53,10,566.00,27.79,953.81,504.98
003,32,1044,1440,1224,,,5,10,2018,14,58,10,560.10,29.35,953.52,507.51
003,34,1025,1386,1148,,,5,10,2018,15,3,10,559.80,28.72,953.70,505.94
003,38,972,1334,1113,,,5,10,2018,15,8,10,562.60,27.43,953.70,505.92
003,41,1086,1478,1232,,,5,10,2018,15,13,10,564.40,27.98,953.59,506.88
003,30,1070,1456,1232,,,5,10,2018,15,18,10,565.70,25.83,954.00,503.33
003,78,1120,1520,1308,,,5,10,2018,15,23,10,564.80,25.56,953.97,503.62
003,67,1076,1470,1215,,,5,10,2018,15,28,10,561.30,25.18,953.98,503.55
003,71,1135,1558,1318,,,5,10,2018,15,33,10,560.50,25.26,953.88,504.36
003,70,1150,1568,1352,,,5,10,2018,15,38,10,558.50,26.78,953.65,506.42
003,31,1124,1505,1308,,,5,10,2018,15,43,10,556.60,26.10,953.64,506.45
003,57,1148,1557,1340,,,5,10,2018,15,48,10,564.00,27.00,953.56,507.16
003,32,1164,1584,1324,,,5,10,2018,15,53,10,560.40,27.19,953.52,507.56
003,41,1180,1599,1366,,,5,10,2018,15,58,10,559.20,26.91,953.41,508.53
003,32,1180,1592,1348,,,5,10,2018,16,3,10,561.10,26.76,953.43,508.36
003,42,1174,1608,1341,,,5,10,2018,16,8,10,563.90,28.13,953.14,510.87
003,47,1154,1584,1333,,,5,10,2018,16,13,10,563.70,28.83,953.14,510.88
003,37,1182,1632,1384,,,5,10,2018,16,18,10,565.60,28.94,953.14,510.87
003,33,1204,1650,1382,,,5,10,2018,16,23,10,563.20,29.80,952.88,513.10
003,41,1179,1634,1364,,,5,10,2018,16,28,10,562.20,29.83,952.97,512.38
003,36,1212,1644,1406,,,5,10,2018,16,33,10,561.50,30.02,952.74,514.32
003,31,1220,1660,1385,,,5,10,2018,16,38,10,557.20,29.61,952.73,514.47
003,31,1224,1673,1440,,,5,10,2018,16,43,10,562.60,29.43,952.78,513.98
003,31,1230,1696,1444,,,5,10,2018,16,48,10,562.40,29.36,952.77,514.08
003,33,1214,1665,1417,,,5,10,2018,16,53,10,558.10,29.32,952.60,515.59
003,31,1206,1638,1416,,,5,10,2018,16,58,10,560.00,28.77,952.64,515.24
003,33,1248,1700,1440,,,5,10,2018,17,3,10,563.10,28.75,952.51,516.33
003,36,1256,1700,1456,,,5,10,2018,17,8,10,566.70,29.02,952.51,516.34
003,35,1248,1716,1456,,,5,10,2018,17,13,10,560.80,29.92,952.31,518.13
003,32,1284,1744,1470,,,5,10,2018,17,18,10,559.80,30.57,952.23,518.83
003,30,1251,1720,1464,,,5,10,2018,17,23,10,559.80,30.65,952.12,519.76
003,32,1316,1776,1504,,,5,10,2018,17,28,10,558.60,30.22,952.24,518.72
003,32,1336,1822,1544,,,5,10,2018,17,33,10,560.10,29.03,952.34,517.84
003,31,1284,1808,1552,,,5,10,2018,17,38,10,552.30,27.80,952.30,518.22
003,33,1312,1828,1524,,,5,10,2018,17,43,10,552.10,29.69,952.14,519.58
003,38,1369,1886,1605,,,5,10,2018,17,48,10,556.90,29.23,952.25,518.69
003,47,1324,1800,1533,,,5,10,2018,17,53,10,555.50,28.82,952.14,519.57
003,38,1282,1760,1495,,,5,10,2018,17,58,10,554.30,28.38,952.45,516.91
003,39,1204,1680,1406,,,5,10,2018,18,3,10,551.40,27.92,952.37,517.63
003,36,1237,1708,1438,,,5,10,2018,18,8,10,551.10,28.37,952.31,518.13
003,33,1197,1634,1452,,,5,10,2018,18,13,10,555.10,27.62,952.44,516.97
003,33,1212,1678,1396,,,5,10,2018,18,18,10,555.00,26.20,952.67,514.96
003,34,1176,1566,1316,,,5,10,2018,18,23,10,552.70,26.19,952.60,515.59
003,73,984,1338,1052,,,5,10,2018,18,28,10,554.80,25.54,952.69,514.82
003,50,696,912,784,,,5,10,2018,18,33,10,550.30,26.60,952.49,516.56
003,37,952,1280,1059,,,5,10,2018,18,38,10,553.10,26.27,952.60,515.58
003,48,1169,1597,1380,,,5,10,2018,18,43,10,551.40,26.25,952.63,515.33
003,33,483,624,433,,,5,10,2018,18,48,10,547.00,25.07,952.74,514.36
003,35,430,704,586,,,5,10,2018,18,53,10,559.40,24.76,952.70,514.73
003,69,346,583,376,,,5,10,2018,18,58,10,553.30,24.97,952.65,515.16
003,33,1104,1509,1231,,,5,10,2018,19,3,10,552.70,26.17,952.56,515.90
003,45,1105,1504,1270,,,5,10,2018,19,8,10,555.10,26.63,952.47,516.71
003,34,906,1233,1060,,,5,10,2018,19,13,10,557.50,26.87,952.27,518.43
003,50,1068,1444,1256,,,5,10,2018,19,18,10,558.20,25.62,952.69,514.83
003,35,1079,1455,1240,,,5,10,2018,19,23,10,556.00,25.75,952.56,515.91
003,49,1078,1456,1238,,,5,10,2018,19,28,10,556.30,26.13,952.61,515.46
003,47,1009,1392,1168,,,5,10,2018,19,33,10,555.60,25.75,952.77,514.06
003,33,1004,1392,1179,,,5,10,2018,19,38,10,560.20,25.10,952.78,513.97
003,46,1040,1418,1185,,,5,10,2018,19,43,10,559.70,25.32,952.78,513.96
003,39,989,1368,1144,,,5,10,2018,19,48,10,561.30,24.52,952.87,513.20
003,36,988,1347,1123,,,5,10,2018,19,53,10,558.40,24.72,952.98,512.29
003,40,960,1324,1108,,,5,10,2018,19,58,10,557.50,24.98,953.01,512.00
003,46,950,1288,1096,,,5,10,2018,20,3,10,558.10,25.28,952.94,512.61
003,37,913,1264,1061,,,5,10,2018,20,8,10,551.30,25.76,952.88,513.13
003,35,865,1196,1008,,,5,10,2018,20,13,10,542.10,25.22,952.89,513.06
003,37,893,1200,1012,,,5,10,2018,20,18,10,551.30,25.46,952.93,512.73
003,41,864,1166,988,,,5,10,2018,20,23,10,554.00,25.31,953.10,511.25
003,37,817,1116,941,,,5,10,2018,20,28,10,552.20,25.29,952.95,512.56
003,55,792,1096,953,,,5,10,2018,20,33,10,555.00,25.83,953.06,511.54
003,34,740,1020,862,,,5,10,2018,20,38,10,548.90,25.40,953.14,510.82
003,46,701,942,783,,,5,10,2018,20,43,10,555.40,25.63,953.03,511.80
003,48,661,916,751,,,5,10,2018,20,48,10,554.90,25.61,953.05,511.68
003,39,641,872,689,,,5,10,2018,20,53,10,558.40,25.33,953.28,509.62
003,33,567,780,579,,,5,10,2018,20,58,10,552.70,24.33,953.38,508.75
003,34,482,653,648,,,5,10,2018,21,3,10,555.90,24.51,953.31,509.37
003,70,540,717,572,,,5,10,2018,21,8,10,558.60,24.75,953.33,509.21
003,51,508,717,595,,,5,10,2018,21,13,10,555.00,24.65,953.51,507.63
003,45,496,662,561,,,5,10,2018,21,18,10,562.50,24.22,953.52,507.51
003,49,461,629,536,,,5,10,2018,21,23,10,564.10,23.80,953.55,507.30
003,35,8,8,7,,,5,10,2018,21,28,10,557.20,23.86,953.61,506.72
003,60,7,8,7,,,5,10,2018,21,33,10,558.30,23.01,953.74,505.63
