009,0,0,0,0,,,12,10,2018,16,51,55,,19.76,958.24,466.37
009,0,0,0,0,,,12,10,2018,19,16,19,,21.72,955.03,494.32
009,4095,4095,4095,4095,,,12,10,2018,19,33,10,556.20,,,
009,0,0,0,0,,,17,10,2018,19,43,35,550.80,20.63,951.63,524.07
009,4095,4095,4095,4095,,,17,10,2018,19,58,11,555.50,19.47,951.77,522.85
009,6,6,7,6,,,17,10,2018,20,3,11,553.60,20.15,951.80,522.63
009,4095,4095,4095,4095,,,17,10,2018,20,8,11,550.40,20.20,951.74,523.10
009,4095,4095,4095,4095,,,17,10,2018,20,13,11,549.60,20.19,951.74,523.09
009,4095,4095,4095,4095,,,17,10,2018,20,18,11,551.70,19.72,951.77,522.82
009,4095,4095,4095,4095,,,17,10,2018,20,23,11,548.50,19.33,951.80,522.56
009,4095,4095,4095,4095,,,17,10,2018,20,28,11,554.30,19.64,951.92,521.52
009,6,6,7,6,,,17,10,2018,20,33,11,554.10,19.53,951.72,523.27
009,6,6,6,4064,,,17,10,2018,20,38,11,558.10,19.21,951.82,522.41
009,0,0,0,0,,,17,10,2018,20,43,11,557.70,19.36,951.97,521.07
009,0,0,0,0,,,17,10,2018,20,48,11,553.50,19.28,951.97,521.12
009,0,0,0,0,,,17,10,2018,20,53,11,550.80,19.65,951.94,521.33
009,0,0,0,0,,,17,10,2018,20,58,11,558.90,19.96,952.09,520.06
009,0,0,0,0,,,17,10,2018,21,23,11,559.80,17.97,952.19,519.14
009,0,0,0,0,,,17,10,2018,21,28,11,559.50,17.89,952.26,518.55
009,0,0,0,0,,,17,10,2018,21,33,11,559.20,18.13,952.26,518.55
009,0,0,0,0,,,17,10,2018,21,38,11,561.70,18.11,952.31,518.14
009,0,0,0,0,,,17,10,2018,21,43,11,566.00,18.16,952.34,517.81
009,0,0,0,0,,,17,10,2018,21,48,11,562.50,18.32,952.29,518.33
009,0,0,0,0,,,17,10,2018,21,53,11,560.50,18.43,952.30,518.17
009,0,0,0,0,,,17,10,2018,21,58,11,560.10,18.13,952.40,517.31
009,0,0,0,0,,,17,10,2018,22,3,11,560.60,17.76,952.41,517.25
009,0,0,0,0,,,17,10,2018,22,8,11,562.00,17.51,952.42,517.16
009,0,0,0,0,,,17,10,2018,22,13,11,559.60,17.48,952.53,516.22
009,0,0,0,0,,,17,10,2018,22,18,11,559.30,17.11,952.57,515.88
009,0,0,0,0,,,17,10,2018,22,23,11,558.00,17.06,952.61,515.49
009,4095,4095,4095,4095,,,18,10,2018,10,38,11,555.70,6.79,953.19,510.46
009,4095,4095,4095,4095,,,18,10,2018,10,43,11,555.10,8.14,953.22,510.16
009,4095,4095,4095,4095,,,18,10,2018,10,48,11,554.10,9.33,953.27,509.72
009,4095,4095,4095,4095,,,18,10,2018,10,53,11,556.70,10.18,953.26,509.80
009,4095,4095,4095,4095,,,18,10,2018,10,58,11,555.90,11.14,953.20,510.34
009,4095,4095,4095,4095,,,18,10,2018,11,3,11,553.80,11.78,953.23,510.04
009,4095,4095,4095,4095,,,18,10,2018,11,8,11,553.30,12.61,953.18,510.46
009,4095,4095,4095,4095,,,18,10,2018,11,13,11,554.80,13.33,953.28,509.59
009,4095,4095,4095,4095,,,18,10,2018,11,18,11,553.60,13.68,953.27,509.76
009,4095,4095,4095,4095,,,18,10,2018,11,23,11,549.80,13.75,953.22,510.16
009,4095,4095,4095,4095,,,18,10,2018,11,28,11,548.10,14.14,953.19,510.40
009,0,0,0,0,,,18,10,2018,11,33,11,553.40,14.62,953.18,510.52
009,0,0,0,0,,,18,10,2018,11,38,11,548.50,15.29,953.25,509.89
009,0,0,0,0,,,18,10,2018,11,43,11,548.60,15.20,953.21,510.25
009,0,0,0,0,,,18,10,2018,11,53,11,561.70,15.27,953.14,510.85
009,0,0,0,0,,,18,10,2018,11,58,11,558.90,15.43,953.11,511.15
009,0,0,0,0,,,18,10,2018,12,13,11,559.60,16.75,953.08,511.37
009,0,0,0,0,,,18,10,2018,12,18,11,556.90,17.32,953.13,510.93
009,0,0,0,0,,,18,10,2018,12,23,11,553.60,17.42,953.12,511.01
009,0,0,0,0,,,18,10,2018,12,38,11,556.40,18.14,953.09,511.25
009,0,0,0,0,,,18,10,2018,12,43,11,555.70,18.37,953.08,511.35
009,0,0,0,0,,,18,10,2018,12,48,11,555.20,19.53,952.99,512.20
009,0,0,0,0,,,18,10,2018,12,58,11,552.60,19.40,952.91,512.84
009,0,0,0,0,,,18,10,2018,13,3,11,555.60,19.22,952.92,512.78
009,0,0,0,0,,,18,10,2018,13,13,11,553.70,19.06,952.88,513.17
009,0,0,0,0,,,18,10,2018,13,18,11,550.60,19.78,952.86,513.35
009,0,0,0,0,,,18,10,2018,13,23,11,555.50,20.64,952.76,514.15
009,0,0,0,0,,,18,10,2018,13,28,11,561.80,20.59,952.80,513.81
009,0,0,0,0,,,18,10,2018,13,33,11,553.70,21.05,952.78,513.98
009,0,0,0,0,,,18,10,2018,13,38,11,559.50,20.63,952.70,514.69
009,0,0,0,0,,,18,10,2018,13,43,11,556.50,20.53,952.73,514.48
009,0,0,0,0,,,18,10,2018,13,53,11,559.00,20.70,952.71,514.60
009,0,0,0,0,,,18,10,2018,13,58,11,554.80,22.11,952.69,514.82
009,0,0,0,0,,,18,10,2018,14,3,11,549.90,20.57,952.69,514.76
009,0,0,0,0,,,18,10,2018,14,8,11,556.00,21.44,952.71,514.60
009,0,0,0,0,,,18,10,2018,14,13,11,554.80,21.56,952.72,514.57
009,0,0,0,0,,,18,10,2018,14,18,11,555.20,22.04,952.69,514.79
009,0,0,0,0,,,18,10,2018,14,23,11,563.10,22.11,952.67,515.00
009,0,0,0,0,,,18,10,2018,14,28,11,560.70,22.09,952.76,514.19
009,0,0,0,0,,,18,10,2018,14,33,11,561.50,23.50,952.68,514.88
009,0,0,0,0,,,18,10,2018,14,38,11,558.10,23.50,952.75,514.31
009,0,0,0,0,,,18,10,2018,14,43,11,558.50,23.61,952.77,514.13
009,0,0,0,0,,,18,10,2018,14,48,11,556.40,23.40,952.68,514.88
009,0,0,0,0,,,18,10,2018,14,53,11,558.80,23.49,952.73,514.45
009,0,0,0,0,,,18,10,2018,14,58,11,557.60,22.28,952.74,514.37
009,0,0,0,0,,,18,10,2018,15,3,11,553.40,22.82,952.74,514.35
009,0,0,0,0,,,18,10,2018,15,8,11,559.20,23.48,952.75,514.24
009,0,0,0,0,,,18,10,2018,15,13,11,556.40,23.82,952.64,515.19
009,0,0,0,0,,,18,10,2018,15,18,11,555.30,24.24,952.56,515.95
009,0,0,0,0,,,18,10,2018,15,23,11,557.40,23.50,952.55,516.04
009,0,0,0,0,,,18,10,2018,15,28,11,557.20,22.54,952.54,516.13
009,0,0,0,0,,,18,10,2018,15,33,11,566.10,21.84,952.45,516.87
009,0,0,0,0,,,18,10,2018,15,38,11,558.30,23.23,952.37,517.59
009,0,0,0,0,,,18,10,2018,15,43,11,553.50,23.36,952.29,518.30
009,0,0,0,0,,,18,10,2018,15,48,11,552.60,24.93,952.31,518.10
009,0,0,0,0,,,18,10,2018,15,53,11,547.50,24.23,952.33,517.95
009,0,0,0,0,,,18,10,2018,15,58,11,556.50,24.50,952.18,519.26
009,0,0,0,0,,,18,10,2018,16,3,11,558.80,25.66,952.12,519.80
009,0,0,0,0,,,18,10,2018,16,8,11,558.00,25.60,952.09,520.02
009,0,0,0,0,,,18,10,2018,16,13,11,557.40,27.54,952.14,519.60
009,0,0,0,0,,,18,10,2018,16,18,11,560.40,26.18,952.06,520.35
009,0,0,0,0,,,18,10,2018,16,23,11,566.40,23.99,952.03,520.54
009,0,0,0,0,,,18,10,2018,16,28,11,562.30,23.89,952.04,520.49
009,0,0,0,0,,,18,10,2018,16,33,11,563.30,23.00,951.95,521.29
009,0,0,0,0,,,18,10,2018,16,38,11,556.00,24.46,951.95,521.26
009,0,0,0,0,,,18,10,2018,16,43,11,554.90,25.23,952.00,520.86
009,0,0,0,0,,,18,10,2018,16,48,11,556.10,25.72,951.99,520.92
009,0,0,0,0,,,18,10,2018,16,53,11,567.90,24.92,951.85,522.13
009,0,0,0,0,,,18,10,2018,16,58,11,556.20,24.49,951.99,520.90
009,0,0,0,0,,,18,10,2018,17,8,11,549.20,23.73,951.95,521.26
009,0,0,0,0,,,18,10,2018,17,13,11,553.40,24.06,951.92,521.50
009,0,0,0,0,,,18,10,2018,17,18,11,552.40,23.73,951.89,521.78
009,0,0,0,0,,,18,10,2018,17,23,11,550.40,24.62,951.84,522.26
009,0,0,0,0,,,18,10,2018,17,28,11,549.30,25.77,951.84,522.21
009,0,0,0,0,,,18,10,2018,17,33,11,550.40,26.45,951.78,522.80
009,0,0,0,0,,,18,10,2018,17,38,11,548.70,26.85,951.82,522.45
009,0,0,0,0,,,18,10,2018,17,43,11,548.40,27.17,951.82,522.42
009,0,0,0,0,,,18,10,2018,17,48,11,551.20,26.57,951.85,522.18
009,0,0,0,0,,,18,10,2018,17,53,11,553.20,25.92,951.79,522.69
009,0,0,0,0,,,18,10,2018,17,58,11,550.80,26.02,951.80,522.55
009,0,0,0,0,,,18,10,2018,18,3,11,548.50,26.69,951.72,523.32
009,0,0,0,0,,,18,10,2018,18,8,11,550.00,25.94,951.78,522.80
009,4095,4095,4095,4095,,,18,10,2018,20,43,11,552.00,22.86,951.28,527.16
009,430,348,442,428,,,18,10,2018,20,58,11,553.70,22.47,951.15,528.27
009,4095,4095,4095,4095,,,18,10,2018,21,8,11,558.80,21.91,951.22,527.69
009,4095,4095,4095,4095,,,18,10,2018,21,13,11,556.60,21.75,951.35,526.50
009,75,31,63,42,,,18,10,2018,21,18,11,559.40,21.20,951.32,526.83
009,4095,4095,4095,4095,,,18,10,2018,21,23,11,560.50,20.67,951.38,526.30
009,0,0,0,0,,,18,10,2018,21,28,11,556.10,20.38,951.42,525.96
009,0,0,0,0,,,18,10,2018,21,33,11,559.60,20.29,951.38,526.29
009,0,0,0,0,,,18,10,2018,21,38,11,558.60,20.29,951.52,525.05
009,0,0,0,0,,,18,10,2018,21,43,11,560.80,20.35,951.59,524.44
009,0,0,0,0,,,18,10,2018,21,48,11,560.40,19.94,951.64,523.98
009,0,0,0,0,,,18,10,2018,21,53,11,558.00,19.59,951.65,523.90
009,0,0,0,0,,,18,10,2018,21,58,11,561.30,19.35,951.73,523.23
009,0,0,0,0,,,18,10,2018,22,3,11,560.70,19.09,951.71,523.38
009,0,0,0,0,,,18,10,2018,22,8,11,559.30,18.88,951.73,523.23
009,6,6,6,6,,,18,10,2018,22,13,11,558.70,18.70,951.79,522.68
009,6,4095,4095,6,,,18,10,2018,22,18,11,558.10,18.48,951.76,522.93
009,0,0,0,0,,,18,10,2018,22,23,11,557.60,18.28,951.89,521.83
009,4095,4095,4095,4095,,,19,10,2018,10,38,11,555.80,8.75,951.02,529.43
009,4095,4095,4095,4095,,,19,10,2018,10,43,11,551.40,9.90,950.97,529.84
009,4095,4095,4095,4095,,,19,10,2018,10,48,11,555.60,10.92,951.03,529.34
009,4095,4095,4095,4095,,,19,10,2018,10,53,11,558.60,11.59,950.92,530.31
009,4095,4095,4095,4095,,,19,10,2018,10,58,11,553.90,11.76,950.98,529.78
009,4095,4095,4095,4095,,,19,10,2018,11,3,11,553.90,11.93,951.05,529.14
009,4095,4095,4095,4095,,,19,10,2018,11,8,11,553.50,11.65,951.07,529.02
009,4095,4095,4095,4095,,,19,10,2018,11,13,11,556.50,11.36,951.15,528.28
009,4095,4095,4095,4095,,,19,10,2018,11,18,11,553.30,11.82,951.14,528.36
009,0,0,0,0,,,19,10,2018,11,23,11,552.00,13.30,951.17,528.13
009,4095,4095,4095,4095,,,19,10,2018,11,28,11,549.30,14.46,951.14,528.39
009,4095,4095,4095,4095,,,19,10,2018,11,33,11,551.70,14.57,951.16,528.17
009,0,0,0,0,,,19,10,2018,12,28,11,559.30,20.12,951.15,528.26
009,0,0,0,0,,,19,10,2018,12,33,11,558.60,20.39,951.15,528.32
009,0,0,0,0,,,19,10,2018,12,38,11,561.20,21.39,951.20,527.80
009,0,0,0,0,,,19,10,2018,12,43,11,561.10,21.36,951.20,527.81
009,0,0,0,0,,,19,10,2018,12,48,11,557.10,20.73,951.14,528.38
009,0,0,0,0,,,19,10,2018,12,53,11,558.50,20.56,951.18,528.03
009,0,0,0,0,,,19,10,2018,12,58,11,558.40,21.26,951.25,527.38
009,0,0,0,0,,,19,10,2018,13,3,11,557.20,21.87,951.29,527.02
009,0,0,0,0,,,19,10,2018,13,8,11,558.60,22.06,951.36,526.45
009,0,0,0,0,,,19,10,2018,13,13,11,555.10,23.33,951.37,526.39
009,0,0,0,0,,,19,10,2018,13,18,11,556.80,23.85,951.33,526.67
009,0,0,0,0,,,19,10,2018,13,23,11,558.40,23.25,951.39,526.22
009,0,0,0,0,,,19,10,2018,13,28,11,555.10,23.69,951.35,526.54
009,0,0,0,0,,,19,10,2018,13,33,11,556.90,23.96,951.51,525.11
009,0,0,0,0,,,19,10,2018,13,38,11,557.00,24.67,951.46,525.56
009,0,0,0,0,,,19,10,2018,13,43,11,557.40,25.55,951.60,524.37
009,0,0,0,0,,,19,10,2018,13,48,11,555.70,25.09,951.55,524.77
009,0,0,0,0,,,19,10,2018,13,53,11,558.90,24.20,951.54,524.89
009,0,0,0,0,,,19,10,2018,13,58,11,558.00,22.94,951.49,525.26
009,0,0,0,0,,,19,10,2018,14,3,11,559.50,23.66,951.60,524.35
009,0,0,0,0,,,19,10,2018,14,8,11,560.70,25.08,951.63,524.12
009,0,0,0,0,,,19,10,2018,14,13,11,560.40,25.93,951.66,523.77
009,0,0,0,0,,,19,10,2018,14,18,11,565.10,25.75,951.64,524.01
009,0,0,0,0,,,19,10,2018,14,28,11,558.50,24.31,951.62,524.12
009,0,0,0,0,,,19,10,2018,14,33,11,557.80,24.15,951.69,523.59
009,0,0,0,0,,,19,10,2018,14,38,11,556.50,24.98,951.74,523.08
009,0,0,0,0,,,19,10,2018,14,43,11,555.10,25.83,951.78,522.77
009,0,0,0,0,,,19,10,2018,14,48,11,559.10,25.19,951.68,523.63
009,0,0,0,0,,,19,10,2018,14,53,11,560.50,24.56,951.69,523.54
009,0,0,0,0,,,19,10,2018,14,58,11,558.50,24.79,951.70,523.50
009,0,0,0,0,,,19,10,2018,15,3,11,557.90,24.66,951.67,523.74
009,0,0,0,0,,,19,10,2018,15,8,11,555.70,25.23,951.64,523.96
009,0,0,0,0,,,19,10,2018,15,13,11,557.70,25.57,951.56,524.64
009,0,0,0,0,,,19,10,2018,15,18,11,557.60,25.07,951.52,525.06
009,0,0,0,0,,,19,10,2018,15,23,11,558.80,24.83,951.46,525.57
009,0,0,0,0,,,19,10,2018,15,28,11,558.60,25.38,951.42,525.93
009,0,0,0,0,,,19,10,2018,15,33,11,557.70,25.41,951.34,526.64
009,0,0,0,0,,,19,10,2018,15,38,11,554.60,25.02,951.33,526.73
009,0,0,0,0,,,19,10,2018,15,43,11,555.70,24.84,951.34,526.64
009,0,0,0,0,,,19,10,2018,15,48,11,555.50,25.10,951.45,525.61
009,0,0,0,0,,,19,10,2018,15,53,11,557.20,25.51,951.38,526.23
009,0,0,0,0,,,19,10,2018,15,58,11,557.20,24.34,951.45,525.64
009,0,0,0,0,,,19,10,2018,16,3,11,558.40,24.80,951.35,526.55
009,0,0,0,0,,,19,10,2018,16,8,11,556.80,25.05,951.42,525.93
009,0,0,0,0,,,19,10,2018,16,13,11,559.80,24.52,951.36,526.48
009,0,0,0,0,,,19,10,2018,16,18,11,565.60,24.48,951.31,526.90
009,0,0,0,0,,,19,10,2018,16,23,11,561.50,23.84,951.37,526.39
009,0,0,0,0,,,19,10,2018,16,28,11,556.70,23.61,951.26,527.36
009,0,0,0,0,,,19,10,2018,16,33,11,557.40,23.91,951.18,528.01
009,0,0,0,0,,,19,10,2018,16,38,11,559.00,23.62,951.21,527.79
009,0,0,0,0,,,19,10,2018,16,43,11,561.80,23.42,951.21,527.72
009,0,0,0,0,,,19,10,2018,16,48,11,559.30,23.36,951.20,527.87
009,0,0,0,0,,,19,10,2018,16,53,11,556.10,24.74,951.14,528.39
009,0,0,0,0,,,19,10,2018,16,58,11,554.40,25.33,951.16,528.20
009,0,0,0,0,,,19,10,2018,17,3,11,553.10,25.81,951.17,528.07
009,0,0,0,0,,,19,10,2018,17,8,11,550.60,25.10,951.10,528.73
009,0,0,0,0,,,19,10,2018,17,13,11,551.40,25.38,951.15,528.30
009,0,0,0,0,,,19,10,2018,17,18,11,554.30,25.38,951.12,528.51
009,0,0,0,0,,,19,10,2018,17,23,11,554.10,24.31,950.90,530.43
009,0,0,0,0,,,19,10,2018,17,28,11,551.90,23.45,950.96,529.95
009,0,0,0,0,,,19,10,2018,17,33,11,548.60,22.91,950.97,529.86
009,0,0,0,0,,,19,10,2018,17,38,11,552.50,23.33,951.14,528.34
009,0,0,0,0,,,19,10,2018,17,43,11,552.70,24.26,951.18,528.01
009,0,0,0,0,,,19,10,2018,17,48,11,549.20,23.49,951.17,528.14
009,0,0,0,0,,,19,10,2018,17,53,11,555.70,23.39,951.12,528.55
009,0,0,0,0,,,19,10,2018,17,58,11,551.00,23.89,951.08,528.87
009,0,0,0,0,,,19,10,2018,18,3,11,547.70,23.57,951.13,528.47
009,0,0,0,0,,,19,10,2018,18,8,11,555.10,23.47,951.00,529.62
009,0,0,0,0,,,19,10,2018,18,13,11,553.30,24.00,951.17,528.10
009,0,0,0,0,,,19,10,2018,18,18,11,552.70,23.67,950.97,529.86
009,1116,768,966,972,,,19,10,2018,21,8,11,555.60,20.71,951.23,527.54
009,1076,719,2048,1024,,,19,10,2018,21,13,11,562.40,20.75,951.10,528.71
009,4095,4095,4095,4095,,,19,10,2018,21,18,11,553.80,20.68,951.23,527.61
009,0,0,0,0,,,19,10,2018,21,23,11,551.90,20.61,951.22,527.67
009,0,0,0,0,,,19,10,2018,21,28,11,554.30,20.12,951.25,527.43
009,0,0,0,0,,,19,10,2018,21,33,11,556.80,19.99,951.38,526.26
009,0,0,0,0,,,19,10,2018,21,38,11,564.10,20.11,951.48,525.38
009,0,0,0,0,,,19,10,2018,21,43,11,560.20,19.72,951.41,526.04
009,0,0,0,0,,,19,10,2018,21,48,11,561.40,19.74,951.48,525.41
009,0,0,0,0,,,19,10,2018,21,53,11,561.10,19.64,951.58,524.51
009,0,0,0,0,,,19,10,2018,21,58,11,563.10,19.37,951.61,524.29
009,0,0,0,0,,,19,10,2018,22,3,11,561.60,18.94,951.62,524.12
009,0,0,0,0,,,19,10,2018,22,8,11,560.20,18.68,951.79,522.71
009,0,0,0,0,,,19,10,2018,22,13,11,563.20,18.59,951.78,522.77
009,0,0,0,0,,,19,10,2018,22,18,11,562.70,18.32,951.79,522.68
009,0,0,0,0,,,19,10,2018,22,23,11,557.80,17.81,951.86,522.09
009,3072,5,5,5,,,20,10,2018,10,38,11,553.20,6.96,952.90,512.94
009,4095,4095,4095,4095,,,20,10,2018,10,43,11,553.90,8.10,952.93,512.69
009,4095,4095,4095,4095,,,20,10,2018,10,53,11,551.50,10.06,953.09,511.30
009,4095,4095,4095,4095,,,20,10,2018,10,58,11,552.20,10.60,953.20,510.34
009,4095,4095,4095,4095,,,20,10,2018,11,3,11,551.20,10.77,953.36,508.95
009,4095,4095,4095,4095,,,20,10,2018,11,13,11,552.10,11.75,953.47,507.97
009,4095,4095,4095,4095,,,20,10,2018,11,18,11,553.50,12.01,953.43,508.35
009,4095,4095,4095,4095,,,20,10,2018,11,28,11,551.20,13.58,953.60,506.83
009,0,0,0,0,,,20,10,2018,11,33,11,549.70,13.98,953.66,506.30
009,0,0,0,0,,,20,10,2018,11,38,11,565.40,14.06,953.78,505.22
009,0,0,6,0,,,20,10,2018,12,3,11,554.60,17.35,953.53,507.43
009,0,0,0,0,,,20,10,2018,12,13,11,556.90,17.73,953.52,507.56
009,0,0,0,0,,,20,10,2018,12,18,11,552.60,16.88,953.56,507.16
009,0,0,0,0,,,20,10,2018,12,23,11,557.80,18.11,953.56,507.20
009,0,0,0,0,,,20,10,2018,12,28,11,557.80,17.75,953.50,507.75
009,0,0,0,0,,,20,10,2018,12,33,11,559.60,18.07,953.52,507.52
009,0,0,0,0,,,20,10,2018,12,38,11,559.80,18.66,953.62,506.64
009,0,0,0,0,,,20,10,2018,12,43,11,559.60,18.03,953.60,506.80
009,0,0,0,0,,,20,10,2018,12,48,11,554.80,17.69,953.59,506.94
009,0,0,0,0,,,20,10,2018,12,53,11,554.70,17.18,953.68,506.14
009,0,0,0,0,,,20,10,2018,12,58,11,556.20,17.09,953.70,505.93
009,0,0,0,0,,,20,10,2018,13,3,11,555.90,16.96,953.63,506.55
009,0,0,0,0,,,20,10,2018,13,8,11,551.50,18.53,953.62,506.64
009,0,0,0,0,,,20,10,2018,13,13,11,556.30,20.84,953.49,507.79
009,0,0,0,0,,,20,10,2018,13,18,11,558.90,21.33,953.33,509.19
009,0,0,0,0,,,20,10,2018,13,23,11,556.50,20.97,953.23,510.10
009,0,0,0,0,,,20,10,2018,13,28,11,557.10,18.97,953.25,509.89
009,0,0,0,0,,,20,10,2018,13,33,11,556.70,19.83,953.17,510.60
009,0,0,0,0,,,20,10,2018,13,38,11,558.10,20.15,953.04,511.69
009,0,0,0,0,,,20,10,2018,13,43,11,561.60,17.93,953.08,511.41
009,0,0,0,0,,,20,10,2018,13,48,11,563.70,19.28,953.04,511.77
009,0,0,0,0,,,20,10,2018,13,53,11,559.80,19.55,952.98,512.30
009,0,0,0,0,,,20,10,2018,13,58,11,568.30,19.15,952.94,512.61
009,0,0,0,0,,,20,10,2018,14,3,11,578.50,19.50,952.90,512.99
009,0,0,0,0,,,20,10,2018,14,8,11,562.20,21.42,952.86,513.31
009,0,0,0,0,,,20,10,2018,14,13,11,562.90,20.75,952.81,513.71
009,0,0,0,0,,,20,10,2018,14,18,11,561.90,21.38,952.87,513.19
009,0,0,0,0,,,20,10,2018,14,23,11,557.90,21.80,952.82,513.68
009,0,0,0,0,,,20,10,2018,14,28,11,559.60,22.35,952.79,513.95
009,0,0,0,0,,,20,10,2018,14,33,11,557.60,23.12,952.69,514.77
009,0,0,0,0,,,20,10,2018,14,38,11,556.90,22.69,952.74,514.34
009,0,0,0,0,,,20,10,2018,14,43,11,557.80,22.99,952.80,513.87
009,0,0,0,0,,,20,10,2018,14,48,11,560.90,21.34,952.83,513.57
009,0,0,0,0,,,20,10,2018,14,53,11,559.90,23.19,952.80,513.83
009,0,0,0,0,,,20,10,2018,14,58,11,557.90,24.31,952.80,513.86
009,0,0,0,0,,,20,10,2018,15,3,11,556.00,24.17,952.72,514.56
009,0,0,0,0,,,20,10,2018,15,8,11,555.10,24.60,952.76,514.14
009,0,0,0,0,,,20,10,2018,15,13,11,557.00,25.36,952.74,514.35
009,0,0,0,0,,,20,10,2018,15,18,11,560.10,25.59,952.82,513.70
009,0,0,0,0,,,20,10,2018,15,23,11,559.00,24.38,952.85,513.39
009,0,0,0,0,,,20,10,2018,15,28,11,560.20,24.48,952.92,512.81
009,0,0,0,0,,,20,10,2018,15,33,11,552.40,23.97,952.88,513.11
009,0,0,0,0,,,20,10,2018,15,38,11,553.30,21.70,952.93,512.66
009,0,0,0,0,,,20,10,2018,15,43,11,550.00,23.27,952.89,513.08
009,0,0,0,0,,,20,10,2018,15,48,11,554.80,22.79,952.84,513.48
009,0,0,0,0,,,20,10,2018,15,53,11,555.40,22.31,952.83,513.60
009,0,0,0,0,,,20,10,2018,15,58,11,556.70,22.95,952.87,513.19
009,0,0,0,0,,,20,10,2018,16,3,11,558.50,21.72,952.98,512.27
009,0,0,0,0,,,20,10,2018,16,8,11,559.90,22.12,952.84,513.45
009,0,0,0,0,,,20,10,2018,16,13,11,566.40,22.54,952.75,514.25
009,0,0,0,0,,,20,10,2018,16,18,11,561.00,22.46,952.70,514.74
009,0,0,0,0,,,20,10,2018,16,23,11,557.30,22.56,952.71,514.59
009,0,0,0,0,,,20,10,2018,16,28,11,556.60,23.26,952.66,515.03
009,0,0,0,0,,,20,10,2018,16,33,11,558.60,23.21,952.70,514.75
009,0,0,0,0,,,20,10,2018,16,38,11,559.60,23.12,952.70,514.70
009,0,0,0,0,,,20,10,2018,16,43,11,555.60,22.48,952.46,516.82
009,0,0,0,0,,,20,10,2018,16,53,11,556.20,23.26,952.33,517.95
009,0,0,0,0,,,20,10,2018,16,58,11,552.10,22.85,952.44,516.95
009,0,0,0,0,,,20,10,2018,17,3,11,557.80,23.77,952.43,517.10
009,0,0,0,0,,,20,10,2018,17,8,11,550.40,22.90,952.27,518.45
009,0,0,0,0,,,20,10,2018,17,13,11,553.00,23.76,952.26,518.57
009,0,0,0,0,,,20,10,2018,17,18,11,551.90,24.19,952.21,518.96
009,0,0,0,0,,,20,10,2018,17,23,11,553.40,23.11,952.11,519.91
009,0,0,0,0,,,20,10,2018,17,28,11,557.70,24.31,952.14,519.65
009,0,0,0,0,,,20,10,2018,17,33,11,554.50,24.56,952.09,520.01
009,0,0,0,0,,,20,10,2018,17,38,11,548.00,24.40,951.95,521.30
009,0,0,0,0,,,20,10,2018,17,48,11,551.80,24.68,951.87,521.97
009,4095,4095,4095,4095,,,20,10,2018,18,8,11,552.40,25.48,951.81,522.47
009,4095,4095,4095,4095,,,20,10,2018,18,13,11,553.30,24.90,951.77,522.84
009,2180,1463,1942,1935,,,20,10,2018,18,18,11,549.30,25.25,951.71,523.37
009,4095,4095,4095,4095,,,20,10,2018,18,23,11,554.60,23.99,951.67,523.72
009,2158,1459,1931,1910,,,20,10,2018,18,28,11,552.60,24.22,951.62,524.12
009,4095,4095,4095,4095,,,20,10,2018,18,38,11,552.40,25.14,951.56,524.69
009,4095,4095,4095,4095,,,20,10,2018,18,43,11,553.30,25.52,951.53,524.97
009,4095,4095,4095,4095,,,20,10,2018,18,48,11,556.90,24.96,951.45,525.69
009,2086,1367,1854,1825,,,20,10,2018,18,53,11,563.20,24.80,951.30,526.96
009,2083,1382,1855,1846,,,20,10,2018,18,58,11,560.80,24.84,951.29,527.07
009,4095,4095,4095,4095,,,20,10,2018,19,3,11,551.40,24.16,951.29,527.09
009,2014,1351,1792,1777,,,20,10,2018,19,8,11,553.30,24.51,951.17,528.14
009,4095,4095,4095,4095,,,20,10,2018,19,13,11,552.50,25.56,951.15,528.32
009,4095,4095,4095,4095,,,20,10,2018,19,18,11,550.60,25.10,951.16,528.19
009,1935,1298,1732,1728,,,20,10,2018,19,23,11,554.60,24.84,951.08,528.93
009,4095,4095,4095,4095,,,20,10,2018,19,28,11,553.00,25.46,951.21,527.76
009,1870,1238,1655,1647,,,20,10,2018,19,33,11,560.70,25.01,951.22,527.70
009,4095,4095,4095,4095,,,20,10,2018,19,38,11,549.00,24.29,951.16,528.17
009,4095,4095,4095,4095,,,20,10,2018,19,43,11,552.90,24.77,951.05,529.14
009,4095,4095,4095,4095,,,20,10,2018,19,48,11,550.80,24.89,951.10,528.73
009,4095,4095,4095,4095,,,20,10,2018,19,53,11,553.80,24.71,951.08,528.91
009,4095,4095,4095,4095,,,20,10,2018,19,58,11,554.40,25.15,950.98,529.78
009,1735,1152,1518,1518,,,20,10,2018,20,3,11,552.90,25.88,951.05,529.19
009,1668,1110,1478,1476,,,20,10,2018,20,8,11,553.60,24.26,951.13,528.46
009,4095,1092,1447,4095,,,20,10,2018,20,13,11,553.50,23.81,951.09,528.83
009,1575,1062,1382,1380,,,20,10,2018,20,18,11,551.60,24.81,951.00,529.55
009,1542,1038,1350,1360,,,20,10,2018,20,23,11,554.20,23.47,951.03,529.36
009,4095,4095,4095,4095,,,20,10,2018,20,28,11,555.90,24.24,951.07,529.00
009,4095,4095,4095,4095,,,20,10,2018,20,33,11,551.30,24.58,951.11,528.61
009,4095,4095,4095,4095,,,20,10,2018,20,38,11,551.80,23.92,951.07,528.99
009,1367,924,1191,3072,,,20,10,2018,20,43,11,556.80,23.69,951.06,529.04
009,1312,886,1161,3091,,,20,10,2018,20,48,11,559.40,24.12,951.08,528.89
009,4095,4095,4095,4095,,,20,10,2018,20,53,11,558.40,23.99,951.08,528.90
009,1239,838,1067,1078,,,20,10,2018,20,58,11,555.10,24.19,951.14,528.38
009,2048,782,1036,2048,,,20,10,2018,21,3,11,558.20,23.82,951.17,528.10
009,4095,4095,4095,4095,,,20,10,2018,21,8,11,554.20,23.55,951.22,527.64
009,4095,4095,4095,4095,,,20,10,2018,21,13,11,551.20,23.48,951.11,528.60
009,4095,4095,4095,4095,,,20,10,2018,21,18,11,554.00,22.80,951.08,528.86
009,0,0,0,0,,,20,10,2018,21,23,11,556.20,22.45,951.15,528.25
009,0,0,0,0,,,20,10,2018,21,28,11,554.30,22.38,951.22,527.70
009,0,0,0,0,,,20,10,2018,21,33,11,556.50,21.87,951.08,528.90
009,0,0,0,0,,,20,10,2018,21,38,11,553.80,21.68,951.28,527.11
009,0,0,0,0,,,20,10,2018,21,43,11,558.30,21.37,951.28,527.12
009,0,0,0,0,,,20,10,2018,21,48,11,557.20,20.65,951.37,526.32
009,0,0,0,0,,,20,10,2018,21,53,11,559.10,20.54,951.46,525.59
009,0,0,0,0,,,20,10,2018,21,58,11,557.80,19.87,951.48,525.42
009,0,0,0,0,,,20,10,2018,22,3,11,554.70,19.71,951.42,525.94
009,0,0,0,0,,,20,10,2018,22,8,11,557.50,19.53,951.54,524.90
009,0,0,0,0,,,20,10,2018,22,13,11,556.10,19.35,951.67,523.74
009,0,0,0,0,,,20,10,2018,22,18,11,562.10,19.31,951.71,523.42
009,0,0,0,0,,,20,10,2018,22,23,11,558.00,18.96,951.56,524.73
009,4095,4095,4095,4095,,,21,10,2018,10,48,11,554.20,7.57,952.85,513.36
009,4095,4095,4095,4095,,,21,10,2018,10,58,11,555.40,10.54,952.84,513.46
009,4095,4095,4095,4095,,,21,10,2018,11,13,11,552.60,13.83,953.00,512.09
009,4095,4095,4095,4095,,,21,10,2018,11,18,11,550.70,14.28,952.98,512.23
009,0,0,0,0,,,21,10,2018,11,23,11,551.50,14.78,953.08,511.40
009,0,0,0,0,,,21,10,2018,11,33,11,556.70,15.84,953.10,511.18
009,0,0,0,0,,,21,10,2018,11,38,11,554.80,16.43,953.12,510.99
009,0,0,0,0,,,21,10,2018,11,48,11,559.40,16.25,953.14,510.85
009,0,0,0,0,,,21,10,2018,11,53,11,560.10,16.52,953.14,510.90
009,0,0,0,0,,,21,10,2018,12,3,11,556.20,15.64,953.19,510.46
009,0,0,0,0,,,21,10,2018,12,8,11,558.40,16.16,953.26,509.77
009,0,0,0,0,,,21,10,2018,12,13,11,554.70,17.73,953.26,509.81
009,0,0,0,0,,,21,10,2018,12,18,11,554.10,17.00,953.19,510.46
009,0,0,0,0,,,21,10,2018,12,23,11,559.30,16.62,953.34,509.07
009,0,0,0,0,,,21,10,2018,12,28,11,578.70,15.72,953.38,508.78
009,0,0,0,0,,,21,10,2018,12,33,11,581.30,16.60,953.37,508.83
009,0,0,0,0,,,21,10,2018,12,38,11,560.50,17.43,953.29,509.52
009,0,0,0,0,,,21,10,2018,12,43,11,556.10,17.63,953.29,509.52
009,0,0,0,0,,,21,10,2018,12,48,11,557.20,17.76,953.32,509.27
009,0,0,0,0,,,21,10,2018,12,53,11,558.60,19.35,953.24,510.00
009,0,0,0,0,,,21,10,2018,12,58,11,557.30,20.41,953.24,510.02
009,0,0,0,0,,,21,10,2018,13,3,11,557.90,21.01,953.21,510.25
009,0,0,0,0,,,21,10,2018,13,8,11,557.60,19.59,953.13,510.91
009,0,0,0,0,,,21,10,2018,13,13,11,562.70,20.17,953.06,511.57
009,0,0,0,0,,,21,10,2018,13,18,11,563.30,21.25,953.07,511.46
009,0,0,0,0,,,21,10,2018,13,23,11,560.60,21.91,952.94,512.62
009,0,0,0,0,,,21,10,2018,13,28,11,560.20,19.53,952.85,513.38
009,0,0,0,0,,,21,10,2018,13,33,11,556.50,19.32,952.81,513.78
009,0,0,0,0,,,21,10,2018,13,38,11,559.50,21.02,952.87,513.20
009,0,0,0,0,,,21,10,2018,13,43,11,563.80,21.12,952.82,513.68
009,0,0,0,0,,,21,10,2018,13,48,11,551.40,22.50,952.74,514.36
009,0,0,0,0,,,21,10,2018,13,53,11,562.40,22.33,952.75,514.23
009,0,0,0,0,,,21,10,2018,13,58,11,556.40,23.68,952.64,515.19
009,0,0,0,0,,,21,10,2018,14,3,11,564.20,22.65,952.61,515.49
009,0,0,0,0,,,21,10,2018,14,8,11,558.50,23.59,952.50,516.45
009,0,0,0,0,,,21,10,2018,14,13,11,559.20,24.30,952.50,516.48
009,0,0,0,0,,,21,10,2018,14,18,11,560.50,23.06,952.37,517.58
009,0,0,0,0,,,21,10,2018,14,23,11,562.40,22.42,952.40,517.36
009,0,0,0,0,,,21,10,2018,14,28,11,559.50,23.44,952.41,517.22
009,0,0,0,0,,,21,10,2018,14,33,11,556.80,23.48,952.35,517.74
009,0,0,0,0,,,21,10,2018,14,38,11,558.00,24.24,952.30,518.19
009,0,0,0,0,,,21,10,2018,14,43,11,558.70,24.65,952.28,518.34
009,0,0,0,0,,,21,10,2018,14,48,11,557.30,23.17,952.19,519.19
009,0,0,0,0,,,21,10,2018,14,53,11,559.80,24.30,952.23,518.83
009,0,0,0,0,,,21,10,2018,14,58,11,559.50,24.52,952.19,519.14
009,0,0,0,0,,,21,10,2018,15,3,11,557.80,26.02,952.13,519.68
009,0,0,0,0,,,21,10,2018,15,8,11,557.60,27.55,952.12,519.79
009,0,0,0,0,,,21,10,2018,15,13,11,558.60,26.51,952.00,520.86
009,0,0,0,0,,,21,10,2018,15,18,11,558.10,27.33,952.03,520.55
009,0,0,0,0,,,21,10,2018,15,23,11,560.10,28.41,952.03,520.60
009,0,0,0,0,,,21,10,2018,15,28,11,557.70,28.38,951.98,521.01
009,0,0,0,0,,,21,10,2018,15,33,11,553.70,28.13,951.89,521.84
009,0,0,0,0,,,21,10,2018,15,38,11,553.70,27.77,951.83,522.29
009,0,0,0,0,,,21,10,2018,15,43,11,554.40,28.91,951.85,522.11
009,0,0,0,0,,,21,10,2018,15,48,11,553.40,27.22,951.80,522.60
009,0,0,0,0,,,21,10,2018,15,53,11,557.20,26.63,951.69,523.51
009,0,0,0,0,,,21,10,2018,15,58,11,562.60,25.98,951.65,523.93
009,0,0,0,0,,,21,10,2018,16,3,11,559.60,25.94,951.58,524.49
009,0,0,0,0,,,21,10,2018,16,8,11,561.40,27.65,951.52,525.00
009,0,0,0,0,,,21,10,2018,16,13,11,561.00,28.19,951.47,525.45
009,0,0,0,0,,,21,10,2018,16,18,11,557.00,28.79,951.40,526.07
009,0,0,0,0,,,21,10,2018,16,23,11,559.90,28.79,951.32,526.82
009,0,0,0,0,,,21,10,2018,16,28,11,556.50,28.61,951.37,526.36
009,0,0,0,0,,,21,10,2018,16,33,11,556.50,29.80,951.28,527.12
009,0,0,0,0,,,21,10,2018,16,38,11,554.60,28.32,951.36,526.48
009,0,0,0,0,,,21,10,2018,16,43,11,556.30,26.67,951.32,526.76
009,0,0,0,0,,,21,10,2018,16,48,11,552.40,28.36,951.36,526.40
009,0,0,0,0,,,21,10,2018,16,53,11,556.60,28.10,951.36,526.47
009,0,0,0,0,,,21,10,2018,16,58,11,552.70,25.56,951.26,527.33
009,0,0,0,0,,,21,10,2018,17,3,11,550.60,28.44,951.19,527.95
009,0,0,0,0,,,21,10,2018,17,8,11,554.00,28.75,951.13,528.45
009,0,0,0,0,,,21,10,2018,17,13,11,554.30,28.70,951.14,528.39
009,0,0,0,0,,,21,10,2018,17,18,11,549.70,28.41,951.19,527.95
009,0,0,0,0,,,21,10,2018,17,23,11,552.00,29.70,951.05,529.13
009,0,0,0,0,,,21,10,2018,17,28,11,557.40,26.44,951.01,529.47
009,0,0,0,0,,,21,10,2018,17,33,11,552.30,26.68,951.07,529.02
009,0,0,0,0,,,21,10,2018,17,38,11,549.90,27.73,950.98,529.73
009,0,0,0,0,,,21,10,2018,17,43,11,550.30,28.52,950.97,529.89
009,0,0,0,0,,,21,10,2018,17,48,11,547.00,29.10,950.95,530.02
009,0,0,0,0,,,21,10,2018,17,53,11,544.30,26.99,950.93,530.21
009,0,0,0,0,,,21,10,2018,17,58,11,552.70,26.62,950.91,530.41
009,0,0,0,0,,,21,10,2018,18,3,11,552.70,27.90,950.77,531.63
009,1655,1138,1518,1486,,,21,10,2018,18,28,11,557.80,27.86,950.69,532.31
009,1094,754,980,982,,,21,10,2018,18,48,11,557.00,29.38,950.59,533.15
009,4095,4095,4095,4095,,,21,10,2018,18,53,11,553.20,27.36,950.41,534.75
009,4095,4095,4095,4095,,,21,10,2018,19,3,11,547.50,28.11,950.36,535.20
009,500,359,556,473,,,21,10,2018,19,8,11,549.60,26.84,950.22,536.46
009,4095,4095,4095,4095,,,21,10,2018,19,13,11,553.60,26.36,950.11,537.38
009,502,399,511,3072,,,21,10,2018,19,18,11,556.30,27.05,950.06,537.83
009,4095,4095,4095,4095,,,21,10,2018,19,23,11,553.00,26.13,949.97,538.59
009,478,331,434,439,,,21,10,2018,19,28,11,553.40,26.37,949.98,538.50
009,678,403,622,616,,,21,10,2018,19,33,11,551.10,26.63,949.94,538.92
009,4095,4095,4095,4095,,,21,10,2018,19,38,11,554.30,26.04,949.97,538.63
009,4095,4095,4095,4095,,,21,10,2018,19,43,11,553.60,26.66,949.81,540.04
009,4095,4095,4095,4095,,,21,10,2018,19,48,11,548.70,26.45,949.85,539.66
009,4095,4095,4095,4095,,,21,10,2018,19,53,11,553.10,26.53,949.78,540.25
009,4095,359,516,504,,,21,10,2018,19,58,11,548.90,25.73,949.69,541.06
009,4095,4095,4095,4095,,,21,10,2018,20,3,11,551.10,24.84,949.70,540.97
009,599,434,4095,4095,,,21,10,2018,20,8,11,550.30,25.76,949.75,540.53
009,4095,4095,4095,4095,,,21,10,2018,20,13,11,552.90,25.21,949.72,540.83
009,4095,4095,4095,4095,,,21,10,2018,20,18,11,552.10,25.46,949.65,541.44
009,4095,4095,4095,4095,,,21,10,2018,20,23,11,556.80,25.33,949.62,541.72
009,4095,4095,4095,4095,,,21,10,2018,20,28,11,557.70,25.81,949.57,542.15
009,4095,4095,4095,4095,,,21,10,2018,20,33,11,550.90,26.02,949.36,544.00
009,4095,4095,4095,4095,,,21,10,2018,20,38,11,552.10,25.03,949.45,543.19
009,4095,4095,4095,4095,,,21,10,2018,20,43,11,556.40,25.28,949.41,543.51
009,4095,4095,4095,4095,,,21,10,2018,20,48,11,554.50,25.35,949.30,544.51
009,4095,4095,4095,4095,,,21,10,2018,20,53,11,553.30,24.61,949.38,543.84
009,4095,4095,4095,4095,,,21,10,2018,20,58,11,555.30,24.73,949.39,543.72
009,4095,4095,4095,4095,,,21,10,2018,21,3,11,557.60,24.93,949.41,543.51
009,4095,4095,4095,4095,,,21,10,2018,21,8,11,557.80,24.53,949.31,544.41
009,4095,4095,4095,4095,,,21,10,2018,21,13,11,559.10,24.24,949.31,544.40
009,0,0,0,0,,,21,10,2018,21,18,11,553.50,24.15,949.35,544.04
009,0,0,0,0,,,21,10,2018,21,23,11,555.00,24.34,949.30,544.49
009,0,0,0,0,,,21,10,2018,21,28,11,559.80,24.69,949.30,544.55
009,0,0,0,0,,,21,10,2018,21,33,11,558.60,24.05,949.24,545.02
009,0,0,0,0,,,21,10,2018,21,38,11,560.70,23.82,949.29,544.59
009,0,0,0,0,,,21,10,2018,21,43,11,560.60,23.52,949.17,545.61
009,0,0,0,0,,,21,10,2018,21,48,11,563.00,23.12,949.17,545.60
009,0,0,0,0,,,21,10,2018,21,53,11,558.20,23.37,949.20,545.40
009,0,0,0,0,,,21,10,2018,21,58,11,557.80,23.71,949.10,546.23
009,0,0,0,0,,,21,10,2018,22,3,11,556.60,24.24,949.13,545.96
009,0,0,0,0,,,21,10,2018,22,8,11,560.60,23.74,949.07,546.49
009,0,0,0,0,,,21,10,2018,22,13,11,559.90,23.61,949.11,546.19
009,0,0,0,0,,,21,10,2018,22,18,11,559.50,23.15,949.13,546.02
009,0,0,0,0,,,21,10,2018,22,23,11,557.50,22.52,949.19,545.47
009,4095,4095,4095,4095,,,22,10,2018,10,43,11,554.00,12.19,949.49,542.80
009,4095,4095,4095,4095,,,22,10,2018,10,48,11,553.60,12.38,949.56,542.21
009,4095,4095,4095,4095,,,22,10,2018,10,53,11,555.40,12.63,949.53,542.47
009,4095,4095,4095,4095,,,22,10,2018,10,58,11,554.20,13.15,949.57,542.13
009,0,0,0,0,,,22,10,2018,11,3,11,551.80,13.70,949.62,541.74
009,4095,4095,4095,4095,,,22,10,2018,11,8,11,552.90,13.86,949.44,543.31
009,4095,4095,4095,4095,,,22,10,2018,11,13,11,555.10,14.00,949.49,542.86
009,0,0,0,0,,,22,10,2018,11,18,11,554.60,14.30,949.45,543.17
009,0,0,0,0,,,22,10,2018,11,23,11,552.00,14.61,949.43,543.36
009,0,0,0,0,,,22,10,2018,11,28,11,551.60,14.96,949.46,543.13
009,0,0,0,0,,,22,10,2018,11,33,11,552.80,15.05,949.49,542.79
009,4095,4095,4095,4095,,,22,10,2018,11,38,11,555.80,15.71,949.43,543.34
009,0,0,0,0,,,22,10,2018,11,43,11,560.00,16.99,949.52,542.55
009,0,0,0,0,,,22,10,2018,11,48,11,560.60,17.00,949.55,542.35
009,0,0,0,0,,,22,10,2018,11,53,11,553.30,17.67,949.62,541.74
009,0,0,0,0,,,22,10,2018,11,58,11,557.90,18.62,949.50,542.78
009,0,0,0,0,,,22,10,2018,12,3,11,555.10,18.91,949.46,543.12
009,0,0,0,0,,,22,10,2018,12,8,11,554.60,19.53,949.50,542.72
009,0,0,0,0,,,22,10,2018,12,13,11,556.00,18.74,949.56,542.18
009,0,0,0,0,,,22,10,2018,12,18,11,560.00,19.23,949.57,542.16
009,0,0,0,0,,,22,10,2018,12,23,11,560.30,18.13,949.49,542.85
009,0,0,0,0,,,22,10,2018,12,28,11,561.00,18.11,949.66,541.39
009,0,0,0,0,,,22,10,2018,12,33,11,560.00,18.84,949.65,541.40
009,0,0,0,0,,,22,10,2018,12,38,11,560.40,19.08,949.78,540.32
009,0,0,0,0,,,22,10,2018,12,43,11,556.90,19.34,949.80,540.08
009,0,0,0,0,,,22,10,2018,12,48,11,557.80,20.60,949.78,540.28
009,0,0,0,0,,,22,10,2018,12,53,11,557.40,20.42,949.79,540.25
009,0,0,0,0,,,22,10,2018,12,58,11,559.30,19.30,949.84,539.75
009,0,0,0,0,,,22,10,2018,13,3,11,558.30,20.32,949.71,540.87
009,0,0,0,0,,,22,10,2018,13,8,11,558.60,21.13,949.74,540.63
009,0,0,0,0,,,22,10,2018,13,13,11,561.40,22.17,949.85,539.67
009,0,0,0,0,,,22,10,2018,13,18,11,558.80,22.85,949.91,539.19
009,0,0,0,0,,,22,10,2018,13,23,11,559.70,23.21,949.87,539.47
009,0,0,0,0,,,22,10,2018,13,28,11,558.70,22.59,949.86,539.57
009,0,0,0,0,,,22,10,2018,13,33,11,560.40,22.51,949.81,540.03
009,0,0,0,0,,,22,10,2018,13,38,11,560.20,21.43,949.80,540.09
009,0,0,0,0,,,22,10,2018,13,43,11,562.80,21.67,949.88,539.46
009,0,0,0,0,,,22,10,2018,13,48,11,563.90,21.41,949.91,539.11
009,0,0,0,0,,,22,10,2018,13,53,11,562.20,23.17,949.91,539.20
009,0,0,0,0,,,22,10,2018,13,58,11,563.40,24.40,949.90,539.20
009,0,0,0,0,,,22,10,2018,14,3,11,558.70,24.41,949.88,539.39
009,0,0,0,0,,,22,10,2018,14,8,11,563.10,24.19,949.86,539.59
009,0,0,0,0,,,22,10,2018,14,13,11,563.30,23.96,949.93,538.98
009,0,0,0,0,,,22,10,2018,14,18,11,559.00,25.65,949.93,538.99
009,0,0,0,0,,,22,10,2018,14,23,11,559.10,25.94,949.98,538.55
009,0,0,0,0,,,22,10,2018,14,28,11,558.70,25.86,949.97,538.65
009,0,0,0,0,,,22,10,2018,14,33,11,558.50,27.02,949.98,538.52
009,0,0,0,0,,,22,10,2018,14,38,11,559.60,28.23,949.98,538.50
009,0,0,0,0,,,22,10,2018,14,43,11,557.00,28.69,949.96,538.69
009,0,0,0,0,,,22,10,2018,14,48,11,556.10,29.62,949.95,538.78
009,0,0,0,0,,,22,10,2018,14,53,11,555.90,29.10,949.96,538.69
009,0,0,0,0,,,22,10,2018,14,58,11,557.30,29.90,949.87,539.47
009,0,0,0,0,,,22,10,2018,15,3,11,557.20,30.36,949.87,539.46
009,0,0,0,0,,,22,10,2018,15,8,11,558.00,31.13,949.82,539.92
009,0,0,0,0,,,22,10,2018,15,13,11,558.40,31.45,949.83,539.85
009,0,0,0,0,,,22,10,2018,15,18,11,558.90,33.22,949.79,540.21
009,0,0,0,0,,,22,10,2018,15,23,11,555.10,34.52,949.78,540.27
009,0,0,0,0,,,22,10,2018,15,28,11,555.00,33.69,949.82,539.95
009,0,0,0,0,,,22,10,2018,15,33,11,555.40,30.35,949.71,540.91
009,0,0,0,0,,,22,10,2018,15,38,11,560.20,29.20,949.63,541.63
009,0,0,0,0,,,22,10,2018,15,43,11,558.50,29.39,949.60,541.84
009,0,0,0,0,,,22,10,2018,15,48,11,560.90,31.12,949.53,542.45
009,0,0,0,0,,,22,10,2018,15,53,11,558.20,33.20,949.51,542.64
009,0,0,0,0,,,22,10,2018,15,58,11,556.40,32.05,949.56,542.25
009,0,0,0,0,,,22,10,2018,16,3,11,566.80,30.15,949.39,543.75
009,0,0,0,0,,,22,10,2018,16,8,11,558.40,30.09,949.36,543.97
009,0,0,0,0,,,22,10,2018,16,13,11,562.20,31.84,949.40,543.61
009,0,0,0,0,,,22,10,2018,16,18,11,559.20,33.13,949.42,543.49
009,0,0,0,0,,,22,10,2018,16,23,11,555.00,34.10,949.35,544.08
009,0,0,0,0,,,22,10,2018,16,28,11,556.60,33.18,949.37,543.90
009,0,0,0,0,,,22,10,2018,16,33,11,557.50,32.87,949.29,544.55
009,0,0,0,0,,,22,10,2018,16,38,11,555.20,30.84,949.35,544.09
009,0,0,0,0,,,22,10,2018,16,43,11,559.50,31.39,949.35,544.10
009,0,0,0,0,,,22,10,2018,16,48,11,550.50,29.76,949.18,545.56
009,0,0,0,0,,,22,10,2018,16,53,11,553.50,28.32,949.17,545.62
009,0,0,0,0,,,22,10,2018,16,58,11,556.00,28.28,949.24,545.06
009,0,0,0,0,,,22,10,2018,17,3,11,552.00,28.17,949.21,545.30
009,0,0,0,0,,,22,10,2018,17,8,11,554.30,27.54,949.24,545.03
009,0,0,0,0,,,22,10,2018,17,13,11,551.80,27.96,949.28,544.71
009,0,0,0,0,,,22,10,2018,17,18,11,553.90,28.50,949.16,545.70
009,0,0,0,0,,,22,10,2018,17,23,11,556.60,26.36,949.18,545.57
009,0,0,0,0,,,22,10,2018,17,28,11,555.20,27.00,949.28,544.69
009,0,0,0,0,,,22,10,2018,17,33,11,552.40,26.95,949.24,545.00
009,0,0,0,0,,,22,10,2018,17,38,11,551.60,26.76,949.31,544.38
009,108,0,0,0,,,22,10,2018,17,43,11,553.60,26.61,949.25,544.94
009,0,0,0,0,,,22,10,2018,17,48,11,554.80,27.26,949.22,545.24
009,0,0,0,0,,,22,10,2018,17,53,11,551.80,26.64,949.24,545.00
009,0,0,0,0,,,22,10,2018,17,58,11,552.00,26.72,949.31,544.42
009,0,6,1536,6,,,22,10,2018,18,3,11,561.50,26.00,949.25,544.92
009,0,0,1024,0,,,22,10,2018,18,8,11,557.40,25.70,949.22,545.18
009,0,0,0,0,,,22,10,2018,18,13,11,555.50,25.22,949.26,544.86
009,7,6,6,7,,,22,10,2018,18,18,11,557.40,25.54,949.26,544.89
009,4095,4095,4095,4095,,,22,10,2018,18,23,11,554.00,25.60,949.22,545.18
009,0,0,0,0,,,22,10,2018,18,28,11,554.20,25.60,949.22,545.20
009,0,0,0,0,,,22,10,2018,18,33,11,557.80,25.66,949.19,545.45
009,1728,6,6,6,,,22,10,2018,18,43,11,543.40,24.63,949.19,545.46
009,4095,4095,4095,4095,,,22,10,2018,18,48,11,544.20,24.68,949.21,545.28
009,4095,4095,4095,4095,,,22,10,2018,18,53,11,545.40,25.29,949.18,545.57
009,4095,4095,4095,4095,,,22,10,2018,18,58,11,548.90,24.94,949.04,546.74
009,4095,4095,4095,4095,,,22,10,2018,19,3,11,555.10,24.91,949.13,546.03
009,4095,4095,4095,4095,,,22,10,2018,19,8,11,556.50,25.12,949.04,546.82
009,7,7,8,7,,,22,10,2018,19,13,11,558.40,25.20,949.07,546.54
009,4095,4095,4095,4095,,,22,10,2018,19,23,11,551.20,25.25,949.01,547.07
009,4095,4095,4095,4095,,,22,10,2018,19,28,11,552.70,25.32,948.98,547.30
009,4095,4095,4095,4095,,,22,10,2018,19,33,11,552.20,25.34,948.96,547.50
009,4095,4095,4095,4095,,,22,10,2018,19,48,11,547.00,25.85,948.77,549.16
009,901,623,3072,815,,,22,10,2018,19,53,11,546.90,26.56,948.66,550.11
009,4095,4095,4095,4095,,,22,10,2018,20,8,11,551.20,27.72,948.55,551.06
009,4095,4095,4095,4095,,,22,10,2018,20,13,11,554.70,26.93,948.51,551.45
009,4095,4095,4095,4095,,,22,10,2018,20,18,11,554.90,26.52,948.45,551.97
009,651,3584,598,583,,,22,10,2018,20,23,11,558.80,26.23,948.43,552.15
009,4095,4095,4095,4095,,,22,10,2018,20,28,11,552.40,26.41,948.48,551.67
009,430,290,395,368,,,22,10,2018,20,33,11,557.60,26.86,948.42,552.24
009,4095,4095,4095,4095,,,22,10,2018,20,38,11,559.80,26.59,948.36,552.80
009,4095,4095,4095,4095,,,22,10,2018,20,43,11,557.00,26.36,948.42,552.20
009,276,219,266,204,,,22,10,2018,20,48,11,552.30,26.78,948.43,552.17
009,4095,4095,4095,4095,,,22,10,2018,20,58,11,553.10,27.49,948.41,552.33
009,4095,4095,4095,4095,,,22,10,2018,21,3,11,566.60,26.40,948.44,552.06
009,4095,4095,4095,4095,,,22,10,2018,21,8,11,558.10,26.08,948.27,553.53
009,4095,4095,4095,4095,,,22,10,2018,21,13,11,554.10,26.53,948.33,552.99
009,0,0,0,0,,,22,10,2018,21,18,11,555.40,26.48,948.38,552.60
009,0,0,0,0,,,22,10,2018,21,23,11,557.70,25.97,948.42,552.27
009,0,0,0,0,,,22,10,2018,21,28,11,560.90,24.93,948.32,553.07
009,0,0,0,0,,,22,10,2018,21,33,11,559.50,24.73,948.26,553.62
009,0,0,0,0,,,22,10,2018,21,38,11,561.20,24.34,948.21,554.08
009,0,0,0,0,,,22,10,2018,21,43,11,563.00,24.40,948.27,553.56
009,0,0,0,0,,,22,10,2018,21,48,11,556.50,24.40,948.25,553.69
009,0,0,0,0,,,22,10,2018,21,53,11,558.50,24.06,948.36,552.74
009,0,0,0,0,,,22,10,2018,21,58,11,562.80,23.73,948.43,552.12
009,0,0,0,0,,,22,10,2018,22,3,11,558.40,23.74,948.48,551.72
009,0,0,0,0,,,22,10,2018,22,8,11,555.60,23.14,948.53,551.28
009,0,0,0,0,,,22,10,2018,22,13,11,558.10,23.07,948.66,550.14
009,0,0,0,0,,,22,10,2018,22,18,11,553.50,22.78,948.74,549.46
009,0,0,0,0,,,22,10,2018,22,23,11,558.10,22.70,948.76,549.27
009,4095,4095,4095,4095,,,23,10,2018,10,38,11,552.90,12.09,949.51,542.63
009,4095,4095,4095,4095,,,23,10,2018,10,43,11,553.30,12.33,949.53,542.48
009,4095,4095,4095,4095,,,23,10,2018,10,48,11,553.80,13.70,949.56,542.24
009,0,0,0,0,,,23,10,2018,10,53,11,555.60,15.15,949.69,541.09
009,4095,4095,4095,4095,,,23,10,2018,10,58,11,551.30,16.17,949.70,541.00
009,4095,4095,4095,4095,,,23,10,2018,11,3,11,550.00,17.20,949.76,540.44
009,0,0,0,0,,,23,10,2018,11,8,11,548.10,18.16,949.77,540.37
009,0,0,0,0,,,23,10,2018,11,13,11,553.30,18.63,949.77,540.39
009,0,0,0,0,,,23,10,2018,11,18,11,552.50,18.87,949.82,539.90
009,0,0,0,0,,,23,10,2018,11,23,11,553.10,19.69,949.89,539.35
009,0,0,0,0,,,23,10,2018,11,28,11,549.30,20.31,949.92,539.04
009,0,0,0,0,,,23,10,2018,11,33,11,557.30,20.94,949.94,538.87
009,0,0,0,0,,,23,10,2018,11,38,11,555.30,21.33,949.90,539.28
009,0,0,0,0,,,23,10,2018,11,43,11,555.20,22.02,949.92,539.04
009,0,0,0,0,,,23,10,2018,11,48,11,558.70,22.69,949.89,539.29
009,0,0,0,0,,,23,10,2018,11,53,11,554.00,23.00,949.86,539.60
009,0,0,0,0,,,23,10,2018,11,58,11,554.70,23.64,949.97,538.66
009,0,0,0,0,,,23,10,2018,12,3,11,555.30,23.60,950.03,538.12
009,0,0,0,0,,,23,10,2018,12,8,11,555.30,23.37,949.99,538.42
009,0,0,0,0,,,23,10,2018,12,13,11,556.10,23.68,949.96,538.75
009,0,0,0,0,,,23,10,2018,12,18,11,557.60,24.19,949.98,538.53
009,0,0,0,0,,,23,10,2018,12,23,11,557.70,24.35,950.04,538.00
009,0,0,0,0,,,23,10,2018,12,28,11,553.60,24.42,950.00,538.37
009,0,0,0,0,,,23,10,2018,12,33,11,555.60,24.27,949.96,538.75
009,0,0,0,0,,,23,10,2018,12,38,11,556.40,24.40,950.04,538.01
009,0,0,0,0,,,23,10,2018,12,43,11,557.00,24.67,949.91,539.13
009,0,0,0,0,,,23,10,2018,12,48,11,557.30,24.74,949.79,540.19
009,0,0,0,0,,,23,10,2018,12,53,11,557.10,24.46,949.82,539.98
009,0,0,0,0,,,23,10,2018,12,58,11,556.20,23.77,949.76,540.43
009,0,0,0,0,,,23,10,2018,13,3,11,558.20,24.00,949.73,540.69
009,0,0,0,0,,,23,10,2018,13,8,11,564.10,24.35,949.77,540.41
009,0,0,0,0,,,23,10,2018,13,13,11,556.40,23.41,949.72,540.82
009,0,0,0,0,,,23,10,2018,13,18,11,558.00,23.65,949.69,541.12
009,0,0,0,0,,,23,10,2018,13,23,11,558.10,24.09,949.66,541.33
009,0,0,0,0,,,23,10,2018,13,28,11,561.10,24.99,949.68,541.21
009,0,0,0,0,,,23,10,2018,13,33,11,563.90,24.31,949.71,540.91
009,0,0,0,0,,,23,10,2018,13,38,11,558.70,24.12,949.76,540.45
009,0,0,0,0,,,23,10,2018,13,43,11,555.10,25.61,949.69,541.12
009,0,0,0,0,,,23,10,2018,13,48,11,562.90,25.83,949.74,540.61
009,0,0,0,0,,,23,10,2018,13,53,11,562.00,24.12,949.79,540.22
009,0,0,0,0,,,23,10,2018,13,58,11,557.20,24.34,949.85,539.69
009,0,0,0,0,,,23,10,2018,14,3,11,561.40,25.09,949.78,540.32
009,0,0,0,0,,,23,10,2018,14,8,11,562.60,26.88,949.75,540.57
009,0,0,0,0,,,23,10,2018,14,13,11,561.30,26.29,949.80,540.12
009,0,0,0,0,,,23,10,2018,14,18,11,563.40,25.49,949.77,540.40
009,0,0,0,0,,,23,10,2018,14,23,11,558.10,25.98,949.75,540.58
009,0,0,0,0,,,23,10,2018,14,28,11,557.90,25.73,949.75,540.55
009,0,0,0,0,,,23,10,2018,14,33,11,557.10,25.73,949.80,540.09
009,0,0,0,0,,,23,10,2018,14,38,11,557.70,26.61,949.82,539.91
009,0,0,0,0,,,23,10,2018,14,43,11,561.10,27.07,949.73,540.69
009,0,0,0,0,,,23,10,2018,14,48,11,561.00,25.85,949.78,540.32
009,0,0,0,0,,,23,10,2018,14,53,11,557.50,26.32,949.85,539.66
009,0,0,0,0,,,23,10,2018,14,58,11,557.90,26.36,949.74,540.60
009,0,0,0,0,,,23,10,2018,15,3,11,556.60,27.74,949.80,540.11
009,0,0,0,0,,,23,10,2018,15,8,11,558.10,28.42,949.81,540.06
009,0,0,0,0,,,23,10,2018,15,13,11,560.10,29.27,949.74,540.68
009,0,0,0,0,,,23,10,2018,15,18,11,556.40,29.44,949.76,540.51
009,0,0,0,0,,,23,10,2018,15,23,11,553.20,29.07,949.74,540.64
009,0,0,0,0,,,23,10,2018,15,28,11,556.10,29.62,949.75,540.57
009,0,0,0,0,,,23,10,2018,15,33,11,552.50,30.30,949.75,540.56
009,0,0,0,0,,,23,10,2018,15,38,11,559.60,31.05,949.71,540.88
009,0,0,0,0,,,23,10,2018,15,43,11,559.20,29.60,949.63,541.58
009,0,0,0,0,,,23,10,2018,15,48,11,559.20,28.67,949.54,542.40
009,0,0,0,0,,,23,10,2018,15,53,11,559.60,27.97,949.50,542.78
009,0,0,0,0,,,23,10,2018,15,58,11,559.20,27.40,949.54,542.42
009,0,0,0,0,,,23,10,2018,16,3,11,560.40,27.67,949.51,542.66
009,0,0,0,0,,,23,10,2018,16,8,11,561.40,27.23,949.53,542.46
009,0,0,0,0,,,23,10,2018,16,13,11,559.20,26.90,949.59,541.97
009,0,0,0,0,,,23,10,2018,16,18,11,553.90,28.07,949.57,542.14
009,0,0,0,0,,,23,10,2018,16,23,11,557.10,26.45,949.52,542.55
009,0,0,0,0,,,23,10,2018,16,28,11,558.60,24.71,949.41,543.53
009,0,0,0,0,,,23,10,2018,16,33,11,557.90,24.76,949.50,542.74
009,0,0,0,0,,,23,10,2018,16,38,11,559.60,24.15,949.33,544.23
009,0,0,0,0,,,23,10,2018,16,43,11,557.40,24.55,949.35,544.05
009,0,0,0,0,,,23,10,2018,16,48,11,552.70,24.19,949.42,543.49
009,0,0,0,0,,,23,10,2018,16,53,11,553.20,24.24,949.54,542.41
009,0,0,0,0,,,23,10,2018,16,58,11,549.90,24.48,949.62,541.65
009,0,0,0,0,,,23,10,2018,17,3,11,552.90,24.84,949.53,542.49
009,0,0,0,0,,,23,10,2018,17,8,11,551.30,23.63,949.59,541.99
009,0,0,0,0,,,23,10,2018,17,13,11,550.10,24.28,949.62,541.73
009,0,0,0,0,,,23,10,2018,17,18,11,546.70,23.14,949.62,541.70
009,0,0,0,0,,,23,10,2018,17,23,11,548.40,23.81,949.66,541.31
009,4095,4095,4095,4095,,,23,10,2018,17,33,11,553.30,23.45,949.73,540.75
009,0,0,0,0,,,23,10,2018,17,48,11,550.30,22.32,949.76,540.43
009,4095,4095,4095,6,,,23,10,2018,17,53,11,556.20,22.04,949.82,539.96
009,4095,4095,4095,4095,,,23,10,2018,18,3,11,555.60,22.00,949.85,539.70
009,864,6,2816,6,,,23,10,2018,18,13,11,555.50,21.67,949.88,539.40
009,4095,4095,4095,4095,,,23,10,2018,18,18,11,552.10,21.70,949.90,539.26
009,4095,4095,4095,4095,,,23,10,2018,18,23,11,552.30,21.62,949.78,540.25
009,2816,6,672,6,,,23,10,2018,18,43,11,549.70,21.56,949.84,539.76
009,4095,4095,4095,4095,,,23,10,2018,19,8,11,554.90,21.49,949.79,540.24
009,4095,4095,4095,4095,,,23,10,2018,19,23,11,556.10,20.59,949.92,539.06
009,4095,4095,4095,4095,,,23,10,2018,19,28,11,555.90,19.94,949.99,538.46
009,4095,4095,4095,4095,,,23,10,2018,19,33,11,553.10,19.94,949.68,541.17
009,4095,4095,4095,4095,,,23,10,2018,19,43,11,549.90,19.28,950.02,538.19
009,4095,4095,4095,4095,,,23,10,2018,19,58,11,553.20,19.60,950.44,534.54
009,4095,4095,4095,4095,,,23,10,2018,20,8,11,552.50,18.10,950.64,532.71
009,4095,4095,4095,4095,,,23,10,2018,20,18,11,552.40,17.58,950.92,530.30
009,4095,4095,4095,4095,,,23,10,2018,20,28,11,551.40,16.68,951.01,529.54
009,4095,4095,4095,4095,,,23,10,2018,20,33,11,555.60,16.68,951.34,526.66
009,4095,4095,4095,4095,,,23,10,2018,20,38,11,555.00,16.24,951.40,526.12
009,4095,4095,4095,4095,,,23,10,2018,20,48,11,554.20,15.33,951.81,522.46
009,4095,4095,4095,4095,,,23,10,2018,20,53,11,554.40,15.28,951.58,524.52
009,336,1344,3072,3584,,,23,10,2018,20,58,11,565.70,15.29,951.84,522.27
009,4095,4095,4095,4095,,,23,10,2018,21,3,11,553.90,15.15,951.48,525.37
009,4095,4095,4095,4095,,,23,10,2018,21,8,11,557.80,15.15,951.65,523.92
009,4095,4095,4095,4095,,,23,10,2018,21,13,11,556.40,15.15,951.64,523.98
009,4095,4095,4095,4095,,,23,10,2018,21,18,11,555.70,15.22,951.63,524.11
009,2560,6,1024,6,,,23,10,2018,21,23,11,557.70,15.32,951.71,523.35
009,4095,4095,4095,4095,,,23,10,2018,21,28,11,559.20,15.28,952.04,520.52
009,4095,4095,4095,4095,,,23,10,2018,21,33,11,559.60,15.04,951.91,521.60
009,672,4095,4095,6,,,23,10,2018,21,38,11,561.10,15.06,951.95,521.27
009,4095,4095,4095,4095,,,23,10,2018,21,43,11,559.10,15.02,952.01,520.77
009,4095,4095,4095,4095,,,23,10,2018,21,48,11,557.70,14.78,951.97,521.11
009,4095,4095,4095,4095,,,23,10,2018,21,53,11,555.90,14.64,952.56,515.94
009,4095,4095,4095,4095,,,23,10,2018,21,58,11,558.60,14.35,952.70,514.73
009,4095,4095,4095,4095,,,23,10,2018,22,3,11,559.30,14.22,952.53,516.18
009,4095,4095,4095,4095,,,23,10,2018,22,8,11,553.50,14.06,952.84,513.49
009,4095,4095,4095,4095,,,23,10,2018,22,13,11,556.90,13.84,952.90,512.98
009,4095,4095,4095,4095,,,23,10,2018,22,18,11,556.30,13.52,953.25,509.85
009,4095,4095,4095,4095,,,23,10,2018,22,23,11,557.60,13.39,952.88,513.11
009,4095,4095,4095,4095,,,23,10,2018,22,28,11,555.60,13.36,953.02,511.91
009,4095,4095,4095,4095,,,24,10,2018,10,38,11,552.60,10.70,954.17,501.88
009,4095,4095,4095,4095,,,24,10,2018,10,53,11,553.10,10.51,954.23,501.32
009,4095,4095,4095,4095,,,24,10,2018,11,3,11,549.90,10.37,954.30,500.73
009,4095,4095,4095,4095,,,24,10,2018,11,8,11,550.00,10.48,954.38,500.02
009,4095,4095,4095,4095,,,24,10,2018,11,23,11,548.50,11.55,954.42,499.66
009,4095,4095,4095,4095,,,24,10,2018,11,33,11,553.10,13.71,954.34,500.33
009,0,0,0,0,,,24,10,2018,11,43,11,560.10,16.19,954.38,499.97
009,0,0,0,0,,,24,10,2018,11,53,11,557.00,17.00,954.34,500.34
009,0,0,0,0,,,24,10,2018,11,58,11,556.30,16.77,954.42,499.64
009,0,0,0,0,,,24,10,2018,12,3,11,556.00,16.41,954.30,500.67
009,0,0,0,0,,,24,10,2018,12,8,11,556.40,16.76,954.40,499.83
009,0,0,0,0,,,24,10,2018,12,13,11,558.90,17.30,954.35,500.30
009,0,0,0,0,,,24,10,2018,12,18,11,558.60,17.53,954.33,500.47
009,0,0,0,0,,,24,10,2018,12,23,11,555.90,17.78,954.42,499.70
009,0,0,0,0,,,24,10,2018,12,28,11,556.70,18.27,954.30,500.74
009,0,0,0,0,,,24,10,2018,12,33,11,557.90,18.24,954.33,500.49
009,0,0,0,0,,,24,10,2018,12,38,11,556.50,19.15,954.30,500.73
009,0,0,0,0,,,24,10,2018,12,43,11,553.10,20.01,954.24,501.20
009,0,0,0,0,,,24,10,2018,12,48,11,557.80,20.75,954.36,500.22
009,0,0,0,0,,,24,10,2018,12,53,11,555.50,21.84,954.28,500.86
009,0,0,0,0,,,24,10,2018,12,58,11,563.30,21.72,954.24,501.21
009,0,0,0,0,,,24,10,2018,13,3,11,562.80,22.42,954.22,501.42
009,0,0,0,0,,,24,10,2018,13,8,11,558.30,22.67,954.12,502.28
009,0,0,0,0,,,24,10,2018,13,13,11,559.50,23.15,954.08,502.65
009,0,0,0,0,,,24,10,2018,13,18,11,562.40,22.85,954.07,502.73
009,0,0,0,0,,,24,10,2018,13,23,11,559.00,23.47,954.07,502.72
009,0,0,0,0,,,24,10,2018,13,28,11,559.70,23.92,954.04,502.96
009,0,0,0,0,,,24,10,2018,13,33,11,556.70,24.89,954.14,502.07
009,0,0,0,0,,,24,10,2018,13,38,11,557.40,24.06,954.02,503.19
009,0,0,0,0,,,24,10,2018,13,43,11,557.40,24.41,954.00,503.34
009,0,0,0,0,,,24,10,2018,13,48,11,557.50,24.94,953.97,503.62
009,0,0,0,0,,,24,10,2018,13,53,11,555.40,25.23,954.01,503.21
009,0,0,0,0,,,24,10,2018,13,58,11,565.00,25.76,954.00,503.32
009,0,0,0,0,,,24,10,2018,14,3,11,559.00,26.63,954.04,502.99
009,0,0,0,0,,,24,10,2018,14,8,11,563.90,26.82,953.94,503.88
009,0,0,0,0,,,24,10,2018,14,13,11,560.50,25.70,953.88,504.43
009,0,0,0,0,,,24,10,2018,14,18,11,558.20,23.23,953.86,504.60
009,0,0,0,0,,,24,10,2018,14,23,11,560.50,22.48,953.89,504.30
009,0,0,0,0,,,24,10,2018,14,28,11,558.20,24.22,953.87,504.51
009,0,0,0,0,,,24,10,2018,14,33,11,556.10,25.62,953.79,505.19
009,0,0,0,0,,,24,10,2018,14,38,11,554.70,25.47,953.83,504.80
009,0,0,0,0,,,24,10,2018,14,43,11,560.50,24.14,953.76,505.42
009,0,0,0,0,,,24,10,2018,14,48,11,561.40,24.24,953.75,505.50
009,0,0,0,0,,,24,10,2018,14,53,11,558.10,25.65,953.75,505.56
009,0,0,0,0,,,24,10,2018,14,58,11,558.90,24.95,953.85,504.64
009,0,0,0,0,,,24,10,2018,15,3,11,559.80,23.40,953.71,505.87
009,0,0,0,0,,,24,10,2018,15,8,11,559.90,24.05,953.74,505.64
009,0,0,0,0,,,24,10,2018,15,13,11,557.60,24.36,953.63,506.55
009,0,0,0,0,,,24,10,2018,15,18,11,553.00,24.02,953.65,506.41
009,0,0,0,0,,,24,10,2018,15,23,11,556.50,24.67,953.72,505.80
009,0,0,0,0,,,24,10,2018,15,28,11,554.60,23.92,953.66,506.33
009,0,0,0,0,,,24,10,2018,15,33,11,560.30,24.27,953.73,505.67
009,0,0,0,0,,,24,10,2018,15,38,11,556.40,26.60,953.68,506.13
009,0,0,0,0,,,24,10,2018,15,43,11,558.20,25.75,953.58,506.98
009,0,0,0,0,,,24,10,2018,15,48,11,557.80,25.76,953.64,506.51
009,0,0,0,0,,,24,10,2018,15,53,11,556.50,24.57,953.58,507.03
009,0,0,0,0,,,24,10,2018,15,58,11,560.50,26.51,953.53,507.42
009,0,0,0,0,,,24,10,2018,16,3,11,558.30,26.56,953.45,508.12
009,0,0,0,0,,,24,10,2018,16,8,11,558.90,25.83,953.41,508.51
009,0,0,0,0,,,24,10,2018,16,13,11,555.20,25.06,953.49,507.82
009,0,0,0,0,,,24,10,2018,16,18,11,559.90,26.05,953.40,508.55
009,0,0,0,0,,,24,10,2018,16,23,11,556.90,26.41,953.33,509.19
009,0,0,0,0,,,24,10,2018,16,28,11,559.20,25.15,953.17,510.55
009,0,0,0,0,,,24,10,2018,16,33,11,562.90,25.08,953.21,510.23
009,0,0,0,0,,,24,10,2018,16,38,11,558.30,24.74,953.27,509.74
009,0,0,0,0,,,24,10,2018,16,43,11,556.90,23.97,953.30,509.49
009,0,0,0,0,,,24,10,2018,16,48,11,555.30,25.55,953.22,510.12
009,0,0,0,0,,,24,10,2018,16,53,11,553.40,25.89,953.19,510.42
009,0,0,0,0,,,24,10,2018,16,58,11,557.40,25.91,953.19,510.46
009,0,0,0,0,,,24,10,2018,17,3,11,556.50,24.74,953.02,511.92
009,0,0,0,0,,,24,10,2018,17,8,11,555.00,25.06,952.97,512.33
009,0,0,0,0,,,24,10,2018,17,13,11,548.60,25.65,952.96,512.43
009,0,0,0,0,,,24,10,2018,17,18,11,554.20,26.12,952.94,512.59
009,0,0,0,0,,,24,10,2018,17,23,11,551.50,26.05,952.89,513.03
009,0,0,0,0,,,24,10,2018,17,28,11,550.60,25.79,952.80,513.79
009,7,7,7,7,,,24,10,2018,17,33,11,554.70,26.35,952.95,512.55
009,0,0,0,0,,,24,10,2018,17,38,11,555.50,26.01,952.96,512.43
009,0,0,0,0,,,24,10,2018,17,43,11,552.80,26.56,952.83,513.53
009,0,0,0,0,,,24,10,2018,17,48,11,554.90,25.13,952.90,512.99
009,0,0,0,0,,,24,10,2018,17,53,11,559.50,25.15,952.82,513.67
009,4095,4095,4095,4095,,,24,10,2018,17,58,11,556.90,24.55,952.93,512.71
009,0,0,0,0,,,24,10,2018,18,3,11,556.50,26.03,952.86,513.34
009,0,0,0,0,,,24,10,2018,18,8,11,553.10,24.81,952.84,513.45
009,0,0,0,0,,,24,10,2018,18,13,11,550.20,25.65,952.85,513.40
009,0,0,0,0,,,24,10,2018,18,18,11,549.70,25.98,952.77,514.12
009,4095,4095,4095,4095,,,24,10,2018,18,23,11,559.30,24.98,952.84,513.51
009,0,0,0,0,,,24,10,2018,18,28,11,557.60,24.05,952.70,514.73
009,4095,4095,4095,4095,,,24,10,2018,18,33,11,554.80,24.43,952.63,515.36
009,4095,4095,4095,4095,,,24,10,2018,18,38,11,554.40,24.90,952.61,515.53
009,4095,4095,4095,4095,,,24,10,2018,18,43,11,551.70,26.20,952.61,515.48
009,4095,4095,4095,4095,,,24,10,2018,18,48,11,548.40,25.26,952.57,515.83
009,4095,4095,4095,4095,,,24,10,2018,18,53,11,552.70,25.25,952.47,516.73
009,4095,4095,4095,4095,,,24,10,2018,18,58,11,552.70,25.33,952.50,516.47
009,4095,4095,4095,4095,,,24,10,2018,19,3,11,555.80,24.47,952.46,516.84
009,4095,4095,4095,4095,,,24,10,2018,19,8,11,553.50,24.14,952.48,516.64
009,4095,4095,4095,4095,,,24,10,2018,19,13,11,550.90,24.72,952.50,516.43
009,4095,4095,4095,4095,,,24,10,2018,19,18,11,547.80,23.79,952.37,517.61
009,4095,4095,4095,4095,,,24,10,2018,19,23,11,550.70,23.64,952.35,517.74
009,4095,4095,4095,4095,,,24,10,2018,19,28,11,554.30,23.64,952.33,517.99
009,4095,4095,4095,4095,,,24,10,2018,19,33,11,553.40,23.60,952.23,518.80
009,4095,4095,4095,4095,,,24,10,2018,19,38,11,548.60,23.13,952.19,519.17
009,4095,4095,4095,4095,,,24,10,2018,19,43,11,552.50,22.67,952.21,518.97
009,4095,4095,4095,4095,,,24,10,2018,19,48,11,551.00,22.60,952.16,519.40
009,4095,4095,4095,4095,,,24,10,2018,19,53,11,553.20,22.38,952.11,519.88
009,4095,4095,4095,4095,,,24,10,2018,19,58,11,549.10,22.09,952.11,519.85
009,4095,4095,4095,4095,,,24,10,2018,20,3,11,552.90,22.04,952.08,520.16
009,4095,4095,4095,4095,,,24,10,2018,20,8,11,555.30,22.03,952.05,520.37
009,4095,4095,4095,4095,,,24,10,2018,20,13,11,552.50,21.97,951.98,520.99
009,4095,4095,4095,4095,,,24,10,2018,20,18,11,555.00,22.46,951.97,521.11
009,4095,4095,4095,4095,,,24,10,2018,20,23,11,555.30,22.43,951.98,521.02
009,4095,4095,4095,4095,,,24,10,2018,20,28,11,553.90,22.31,952.02,520.65
009,4095,4095,4095,4095,,,24,10,2018,20,33,11,556.40,21.82,952.02,520.63
009,4095,4095,4095,4095,,,24,10,2018,20,38,11,550.70,21.58,952.05,520.43
009,4095,4095,4095,4095,,,24,10,2018,20,43,11,550.30,21.39,951.92,521.50
009,4095,4095,4095,4095,,,24,10,2018,20,48,11,556.50,21.15,951.92,521.49
009,4095,4095,4095,4095,,,24,10,2018,20,53,11,557.40,21.01,952.02,520.66
009,4095,4095,4095,4095,,,24,10,2018,20,58,11,558.90,20.98,951.97,521.12
009,4095,4095,4095,4095,,,24,10,2018,21,3,11,556.30,20.90,951.96,521.20
009,4095,4095,4095,4095,,,24,10,2018,21,8,11,558.70,20.96,951.98,521.01
009,4095,4095,4095,4095,,,24,10,2018,21,13,11,557.90,20.91,952.03,520.60
009,4095,4095,4095,4095,,,24,10,2018,21,18,11,558.60,20.88,952.07,520.20
009,4095,4095,4095,4095,,,24,10,2018,21,23,11,559.20,20.77,952.04,520.48
009,0,0,0,0,,,24,10,2018,21,33,11,558.40,20.61,952.04,520.46
009,0,0,0,0,,,24,10,2018,21,48,11,555.00,20.21,952.00,520.80
009,0,0,0,0,,,24,10,2018,21,53,11,554.80,20.06,952.13,519.69
009,0,0,0,0,,,24,10,2018,22,3,11,555.00,19.86,952.14,519.58
009,0,0,0,0,,,24,10,2018,22,8,11,554.60,19.72,952.12,519.83
009,0,0,0,0,,,24,10,2018,22,28,11,556.50,19.09,952.22,518.92
009,4095,4095,4095,4095,,,25,10,2018,10,33,11,557.70,12.50,951.59,524.44
009,4095,4095,4095,4095,,,25,10,2018,10,38,11,553.20,12.76,951.64,523.98
009,4095,4095,4095,4095,,,25,10,2018,10,53,11,553.60,13.28,951.72,523.26
009,0,0,0,0,,,25,10,2018,11,3,11,552.70,13.73,951.76,522.94
009,4095,4095,4095,4095,,,25,10,2018,11,8,11,551.30,14.00,951.86,522.08
009,0,0,0,0,,,25,10,2018,11,18,11,547.60,14.41,951.99,520.92
009,0,0,0,0,,,25,10,2018,11,28,11,555.80,14.71,952.13,519.70
009,0,0,0,0,,,25,10,2018,11,38,11,554.50,15.07,952.03,520.56
009,0,0,0,0,,,25,10,2018,11,43,11,555.40,15.37,952.00,520.87
009,0,0,0,0,,,25,10,2018,11,48,11,557.90,15.41,952.05,520.40
009,0,0,0,0,,,25,10,2018,11,53,11,557.50,16.02,952.12,519.76
009,0,0,0,0,,,25,10,2018,11,58,11,553.70,16.36,952.14,519.59
009,0,0,0,0,,,25,10,2018,12,3,11,555.20,16.95,952.10,519.94
009,0,0,0,0,,,25,10,2018,12,8,11,557.80,17.17,952.03,520.54
009,4095,4095,4095,4095,,,25,10,2018,12,13,11,560.90,18.61,952.05,520.42
009,0,0,0,0,,,25,10,2018,12,18,11,562.40,18.86,952.09,520.08
009,0,0,0,0,,,25,10,2018,12,23,11,558.40,18.59,952.14,519.59
009,0,0,0,0,,,25,10,2018,12,28,11,558.10,20.01,952.13,519.67
009,0,0,0,0,,,25,10,2018,12,33,11,556.20,21.03,952.13,519.72
009,0,0,0,0,,,25,10,2018,12,38,11,556.00,21.34,952.08,520.15
009,0,0,0,0,,,25,10,2018,12,43,11,553.70,21.49,952.08,520.18
009,0,0,0,0,,,25,10,2018,12,48,11,553.40,22.55,951.90,521.69
009,0,0,0,0,,,25,10,2018,12,53,11,559.50,25.64,951.97,521.08
009,0,0,0,0,,,25,10,2018,12,58,11,562.60,25.76,951.98,521.00
009,0,0,0,0,,,25,10,2018,13,3,11,558.60,25.64,952.04,520.48
009,0,0,0,0,,,25,10,2018,13,8,11,558.80,24.87,952.03,520.54
009,0,0,0,0,,,25,10,2018,13,13,11,560.60,25.23,952.04,520.48
009,0,0,0,0,,,25,10,2018,13,18,11,558.80,25.07,952.05,520.39
009,0,0,0,0,,,25,10,2018,13,23,11,559.60,24.91,952.06,520.31
009,0,0,0,0,,,25,10,2018,13,28,11,562.30,22.35,952.07,520.23
009,0,0,0,0,,,25,10,2018,13,33,11,555.90,22.12,952.11,519.88
009,0,0,0,0,,,25,10,2018,13,38,11,558.90,23.89,952.18,519.29
009,0,0,0,0,,,25,10,2018,13,43,11,563.80,22.89,952.25,518.66
009,0,0,0,0,,,25,10,2018,13,48,11,568.40,23.58,952.21,519.00
009,0,0,0,0,,,25,10,2018,13,53,11,565.30,25.06,952.31,518.12
009,0,0,0,0,,,25,10,2018,13,58,11,563.20,27.62,952.29,518.33
009,0,0,0,0,,,25,10,2018,14,3,11,556.90,27.03,952.32,518.06
009,0,0,0,0,,,25,10,2018,14,8,11,556.20,27.35,952.40,517.37
009,0,0,0,0,,,25,10,2018,14,13,11,558.60,27.47,952.42,517.15
009,0,0,0,0,,,25,10,2018,14,18,11,560.80,27.37,952.41,517.26
009,0,0,0,0,,,25,10,2018,14,23,11,558.90,27.81,952.43,517.10
009,0,0,0,0,,,25,10,2018,14,28,11,559.60,27.54,952.39,517.42
009,0,0,0,0,,,25,10,2018,14,33,11,560.80,26.69,952.47,516.69
009,0,0,0,0,,,25,10,2018,14,38,11,557.20,25.23,952.47,516.70
009,0,0,0,0,,,25,10,2018,14,43,11,555.80,23.70,952.51,516.33
009,0,0,0,0,,,25,10,2018,14,48,11,557.10,24.24,952.49,516.52
009,0,0,0,0,,,25,10,2018,14,53,11,558.90,25.19,952.46,516.77
009,0,0,0,0,,,25,10,2018,14,58,11,559.80,26.29,952.46,516.79
009,0,0,0,0,,,25,10,2018,15,3,11,560.70,26.37,952.45,516.90
009,0,0,0,0,,,25,10,2018,15,8,11,561.00,26.86,952.52,516.31
009,0,0,0,0,,,25,10,2018,15,13,11,555.30,27.43,952.54,516.08
009,0,0,0,0,,,25,10,2018,15,18,11,556.20,25.23,952.61,515.51
009,0,0,0,0,,,25,10,2018,15,23,11,556.50,24.79,952.51,516.41
009,0,0,0,0,,,25,10,2018,15,28,11,558.00,23.70,952.47,516.69
009,0,0,0,0,,,25,10,2018,15,33,11,556.10,23.19,952.46,516.80
009,0,0,0,0,,,25,10,2018,15,38,11,558.80,22.11,952.50,516.48
009,0,0,0,0,,,25,10,2018,15,43,11,562.60,22.02,952.55,516.01
009,0,0,0,0,,,25,10,2018,15,48,11,560.60,22.62,952.60,515.61
009,0,0,0,0,,,25,10,2018,15,53,11,562.80,23.11,952.57,515.81
009,0,0,0,0,,,25,10,2018,15,58,11,561.00,24.10,952.53,516.19
009,0,0,0,0,,,25,10,2018,16,3,11,556.50,24.07,952.46,516.79
009,0,0,0,0,,,25,10,2018,16,8,11,556.50,23.53,952.56,515.94
009,0,0,0,0,,,25,10,2018,16,13,11,557.60,23.11,952.52,516.26
009,0,0,0,0,,,25,10,2018,16,18,11,562.10,22.76,952.54,516.15
009,0,0,0,0,,,25,10,2018,16,23,11,564.80,24.01,952.56,515.97
009,0,0,0,0,,,25,10,2018,16,28,11,561.10,24.61,952.56,515.93
009,0,0,0,0,,,25,10,2018,16,33,11,554.10,24.50,952.51,516.37
009,0,0,0,0,,,25,10,2018,16,38,11,555.30,23.25,952.50,516.46
009,0,0,0,0,,,25,10,2018,16,43,11,555.20,23.65,952.51,516.40
009,0,0,0,0,,,25,10,2018,16,48,11,554.70,23.19,952.51,516.39
009,0,0,0,0,,,25,10,2018,16,53,11,557.00,23.41,952.53,516.18
009,0,0,0,0,,,25,10,2018,16,58,11,554.20,23.65,952.40,517.33
009,0,0,0,0,,,25,10,2018,17,13,11,551.80,22.82,952.43,517.05
009,0,0,0,0,,,25,10,2018,17,18,11,556.50,22.59,952.36,517.72
009,0,0,0,0,,,25,10,2018,17,28,11,551.30,23.45,952.38,517.55
009,0,0,0,0,,,25,10,2018,17,33,11,552.00,23.24,952.39,517.41
009,0,0,0,0,,,25,10,2018,17,43,11,554.00,22.56,952.30,518.18
009,0,0,0,0,,,25,10,2018,17,48,11,553.60,22.55,952.33,517.97
009,4095,4095,4095,4095,,,25,10,2018,18,28,11,549.50,22.21,952.36,517.66
009,0,0,0,0,,,25,10,2018,18,33,11,547.60,22.42,952.33,517.93
009,0,0,0,0,,,25,10,2018,18,38,11,554.50,22.99,952.33,517.92
009,4095,4095,4095,4095,,,25,10,2018,18,43,11,552.20,22.45,952.22,518.92
009,4095,4095,4095,4095,,,25,10,2018,18,48,11,556.30,22.14,952.24,518.72
009,4095,4095,4095,4095,,,25,10,2018,18,53,11,559.20,22.47,952.23,518.82
009,4095,4095,4095,4095,,,25,10,2018,18,58,11,558.90,22.34,952.16,519.46
009,4095,4095,4095,4095,,,25,10,2018,19,3,11,556.30,21.58,952.09,520.08
009,4095,4095,4095,4095,,,25,10,2018,19,8,11,555.30,21.63,952.13,519.67
009,4095,4095,4095,4095,,,25,10,2018,19,13,11,554.80,21.55,952.13,519.71
009,4095,4095,4095,4095,,,25,10,2018,19,18,11,550.10,21.65,952.06,520.27
009,4095,4095,4095,4095,,,25,10,2018,19,23,11,553.40,21.49,952.07,520.20
009,4095,4095,4095,4095,,,25,10,2018,19,28,11,554.30,21.21,952.10,519.93
009,4095,4095,4095,4095,,,25,10,2018,19,33,11,556.40,21.38,952.13,519.67
009,4095,4095,4095,4095,,,25,10,2018,19,38,11,555.60,21.34,952.10,519.93
009,4095,4095,4095,4095,,,25,10,2018,19,43,11,547.90,21.33,952.00,520.85
009,4095,4095,4095,4095,,,25,10,2018,19,48,11,553.00,21.68,951.89,521.79
009,4095,4095,4095,4095,,,25,10,2018,19,53,11,550.10,21.48,951.89,521.79
009,4095,4095,4095,4095,,,25,10,2018,19,58,11,552.60,21.20,951.95,521.27
009,4095,4095,4095,4095,,,25,10,2018,20,3,11,554.10,20.97,951.85,522.17
009,4095,4095,4095,4095,,,25,10,2018,20,8,11,552.90,20.81,951.87,522.01
009,4095,4095,4095,4095,,,25,10,2018,20,13,11,553.40,20.89,951.93,521.48
009,4095,4095,4095,4095,,,25,10,2018,20,18,11,555.20,20.78,951.98,521.00
009,4095,4095,4095,4095,,,25,10,2018,20,23,11,552.70,20.67,951.99,520.93
009,4095,4095,4095,4095,,,25,10,2018,20,28,11,555.70,20.72,951.93,521.41
009,4095,4095,4095,4095,,,25,10,2018,20,33,11,557.00,20.63,951.89,521.77
009,4095,4095,4095,4095,,,25,10,2018,20,38,11,552.40,20.66,951.92,521.57
009,4095,4095,4095,4095,,,25,10,2018,20,43,11,560.70,20.90,951.87,522.00
009,4095,4095,4095,4095,,,25,10,2018,20,48,11,562.70,21.41,951.96,521.17
009,4095,4095,4095,4095,,,25,10,2018,20,53,11,560.10,21.34,951.97,521.08
009,4095,4095,4095,4095,,,25,10,2018,20,58,11,559.00,21.83,951.97,521.12
009,4095,4095,4095,4095,,,25,10,2018,21,3,11,558.60,21.85,951.97,521.14
009,4095,4095,4095,4095,,,25,10,2018,21,8,11,561.90,21.44,951.87,521.99
009,4095,4095,4095,4095,,,25,10,2018,21,13,11,562.90,21.38,951.89,521.78
009,0,0,0,0,,,25,10,2018,21,18,11,559.10,21.34,951.79,522.71
009,0,0,0,0,,,25,10,2018,21,23,11,561.40,21.48,951.75,523.04
009,0,0,0,0,,,25,10,2018,21,28,11,563.40,21.88,951.78,522.80
009,0,0,0,0,,,25,10,2018,21,33,11,562.30,21.73,951.80,522.58
009,0,0,0,0,,,25,10,2018,21,38,11,561.10,21.26,951.77,522.85
009,4095,4095,4095,4095,,,25,10,2018,21,43,11,558.70,21.02,951.83,522.30
009,4095,4095,4095,4095,,,25,10,2018,21,48,11,558.30,20.48,951.85,522.17
009,0,0,0,0,,,25,10,2018,21,58,11,558.80,19.92,951.79,522.69
009,0,0,0,0,,,25,10,2018,22,3,11,559.60,19.83,951.93,521.42
009,0,0,0,0,,,25,10,2018,22,8,11,563.40,19.76,952.03,520.54
009,0,0,0,0,,,25,10,2018,22,13,11,561.20,19.64,952.13,519.67
009,4095,4095,4095,4095,,,26,10,2018,10,28,11,555.10,9.89,953.33,509.23
009,4095,4095,4095,4095,,,26,10,2018,10,33,11,551.90,10.31,953.32,509.30
009,4095,4095,4095,4095,,,26,10,2018,10,38,11,553.40,10.59,953.33,509.22
009,4095,4095,4095,4095,,,26,10,2018,10,43,11,555.90,10.90,953.39,508.63
009,4095,4095,4095,4095,,,26,10,2018,11,8,11,549.90,12.67,953.67,506.20
009,4095,4095,4095,4095,,,26,10,2018,11,13,12,552.40,13.13,953.58,506.98
009,4095,4095,4095,4095,,,26,10,2018,11,18,12,553.70,13.53,953.73,505.73
009,0,0,0,0,,,26,10,2018,11,23,12,562.70,13.70,953.67,506.25
009,4095,4095,4095,4095,,,26,10,2018,11,28,12,558.10,13.93,953.64,506.49
009,0,0,0,0,,,26,10,2018,11,33,12,557.90,14.40,953.69,506.05
009,0,0,0,0,,,26,10,2018,11,38,12,554.50,14.72,953.71,505.87
009,0,0,0,0,,,26,10,2018,11,43,12,560.00,15.08,953.75,505.55
009,0,0,0,0,,,26,10,2018,11,48,12,557.70,15.20,953.71,505.91
009,0,0,0,0,,,26,10,2018,11,53,12,556.00,15.17,953.67,506.22
009,0,0,0,0,,,26,10,2018,11,58,12,559.00,15.19,953.69,506.08
009,0,0,0,0,,,26,10,2018,12,3,12,557.30,15.68,953.79,505.16
009,0,0,0,0,,,26,10,2018,12,8,12,561.60,16.01,953.80,505.12
009,0,0,0,0,,,26,10,2018,12,13,12,559.00,18.02,953.84,504.77
009,0,0,0,0,,,26,10,2018,12,18,12,558.70,18.86,953.89,504.33
009,0,0,0,0,,,26,10,2018,12,23,12,558.00,18.79,953.94,503.88
009,0,0,0,0,,,26,10,2018,12,28,12,560.80,19.04,954.05,502.94
009,0,0,0,0,,,26,10,2018,12,33,12,558.70,19.47,953.93,503.95
009,0,0,0,0,,,26,10,2018,12,38,12,555.90,20.17,953.95,503.80
009,0,0,0,0,,,26,10,2018,12,43,12,555.40,20.41,953.96,503.69
009,0,0,0,0,,,26,10,2018,12,48,12,557.00,21.31,953.91,504.14
009,0,0,0,0,,,26,10,2018,12,53,12,563.20,22.26,953.67,506.22
009,0,0,0,0,,,26,10,2018,12,58,12,559.60,21.59,953.58,507.02
009,0,0,0,0,,,26,10,2018,13,3,12,559.50,20.92,953.52,507.52
009,0,0,0,0,,,26,10,2018,13,8,12,558.40,21.13,953.33,509.18
009,0,0,0,0,,,26,10,2018,13,13,12,555.50,20.57,953.34,509.08
009,0,0,0,0,,,26,10,2018,13,18,12,554.50,21.10,953.29,509.54
009,0,0,0,0,,,26,10,2018,13,23,12,563.80,21.56,953.14,510.87
009,0,0,0,0,,,26,10,2018,13,28,12,556.50,21.85,953.09,511.29
009,0,0,0,0,,,26,10,2018,13,33,12,567.30,21.66,953.04,511.74
009,0,0,0,0,,,26,10,2018,13,38,12,558.20,20.97,952.99,512.18
009,0,0,0,0,,,26,10,2018,13,43,12,559.90,21.96,953.00,512.05
009,0,0,0,0,,,26,10,2018,13,48,12,562.70,21.56,953.03,511.86
009,0,0,0,0,,,26,10,2018,13,53,12,585.70,21.91,953.01,511.98
009,0,0,0,0,,,26,10,2018,13,58,12,564.00,23.81,952.93,512.67
009,0,0,0,0,,,26,10,2018,14,3,12,561.40,23.48,952.85,513.38
009,0,0,0,0,,,26,10,2018,14,8,12,559.00,23.12,952.91,512.85
009,0,0,0,0,,,26,10,2018,14,13,12,556.00,22.82,952.90,512.92
009,0,0,0,0,,,26,10,2018,14,18,12,555.70,24.47,952.93,512.72
009,0,0,0,0,,,26,10,2018,14,23,12,559.00,25.23,952.98,512.23
009,0,0,0,0,,,26,10,2018,14,28,12,560.90,24.37,952.91,512.83
009,0,0,0,0,,,26,10,2018,14,33,12,559.50,24.79,952.81,513.77
009,0,0,0,0,,,26,10,2018,14,38,12,557.10,24.64,952.86,513.34
009,0,0,0,0,,,26,10,2018,14,43,12,557.20,25.26,952.80,513.87
009,0,0,0,0,,,26,10,2018,14,48,12,556.70,25.60,952.74,514.38
009,0,0,0,0,,,26,10,2018,14,53,12,558.30,25.60,952.70,514.73
009,0,0,0,0,,,26,10,2018,14,58,12,561.70,25.04,952.55,516.03
009,0,0,0,0,,,26,10,2018,15,3,12,561.90,26.37,952.47,516.76
009,0,0,0,0,,,26,10,2018,15,8,12,558.30,28.26,952.59,515.70
009,0,0,0,0,,,26,10,2018,15,13,12,558.90,27.37,952.54,516.13
009,0,0,0,0,,,26,10,2018,15,18,12,560.70,27.76,952.61,515.45
009,0,0,0,0,,,26,10,2018,15,23,12,557.00,29.95,952.58,515.79
009,0,0,0,0,,,26,10,2018,15,28,12,553.30,30.35,952.54,516.10
009,0,0,0,0,,,26,10,2018,15,33,12,556.90,31.63,952.42,517.16
009,0,0,0,0,,,26,10,2018,15,38,12,556.10,30.26,952.30,518.23
009,0,0,0,0,,,26,10,2018,15,43,12,562.40,29.18,952.24,518.72
009,0,0,0,0,,,26,10,2018,15,48,12,560.80,29.61,952.14,519.59
009,0,0,0,0,,,26,10,2018,15,53,12,561.50,29.36,952.00,520.86
009,0,0,0,0,,,26,10,2018,15,58,12,557.90,30.12,951.94,521.38
009,0,0,0,0,,,26,10,2018,16,3,12,558.70,29.62,951.90,521.74
009,0,0,0,0,,,26,10,2018,16,8,12,553.60,29.92,951.89,521.82
009,0,0,0,0,,,26,10,2018,16,13,12,558.20,29.69,951.80,522.55
009,0,0,0,0,,,26,10,2018,16,18,12,558.50,30.11,951.74,523.12
009,0,0,0,0,,,26,10,2018,16,23,12,555.50,30.83,951.75,523.03
009,0,0,0,0,,,26,10,2018,16,28,12,554.30,32.14,951.68,523.66
009,0,0,0,0,,,26,10,2018,16,33,12,559.60,32.33,951.59,524.41
009,0,0,0,0,,,26,10,2018,16,38,12,560.60,32.53,951.49,525.27
009,0,0,0,0,,,26,10,2018,16,43,12,557.20,30.49,951.40,526.11
009,0,0,0,0,,,26,10,2018,16,48,12,559.20,29.49,951.40,526.08
009,0,0,0,0,,,26,10,2018,16,53,12,556.80,28.90,951.38,526.30
009,0,0,0,0,,,26,10,2018,16,58,12,552.50,29.90,951.47,525.45
009,0,0,0,0,,,26,10,2018,17,3,12,554.90,28.83,951.57,524.56
009,0,0,0,0,,,26,10,2018,17,8,12,556.50,29.03,951.34,526.61
009,0,0,0,0,,,26,10,2018,17,13,12,552.50,29.24,951.19,527.94
009,0,0,0,0,,,26,10,2018,17,18,12,552.20,28.95,951.27,527.24
009,0,0,0,0,,,26,10,2018,17,23,12,554.50,30.06,951.21,527.77
009,0,0,0,0,,,26,10,2018,17,28,12,554.80,29.56,951.15,528.25
009,0,0,0,0,,,26,10,2018,17,33,12,553.80,28.69,951.18,528.03
009,4095,4095,4095,4095,,,26,10,2018,17,38,12,557.60,28.51,951.13,528.46
009,0,0,0,0,,,26,10,2018,17,43,12,555.90,29.53,951.06,529.10
009,0,0,0,0,,,26,10,2018,17,48,12,554.60,29.36,950.95,529.99
009,0,0,0,0,,,26,10,2018,17,53,12,553.30,29.16,950.96,529.99
009,0,0,0,0,,,26,10,2018,17,58,12,555.70,29.58,950.86,530.85
009,0,0,0,0,,,26,10,2018,18,3,12,556.80,28.75,950.73,531.98
009,0,0,0,0,,,26,10,2018,18,8,12,553.10,28.70,950.71,532.11
009,0,0,0,0,,,26,10,2018,18,13,12,548.10,29.45,950.78,531.52
009,4095,4095,4095,4095,,,26,10,2018,18,18,12,555.10,30.45,950.74,531.84
009,4095,4095,4095,4095,,,26,10,2018,18,23,12,561.80,30.98,950.65,532.64
009,4095,4095,4095,4095,,,26,10,2018,18,28,12,552.20,29.88,950.68,532.41
009,4095,4095,4095,4095,,,26,10,2018,18,33,12,552.00,30.22,950.78,531.48
009,4095,4095,1486,3072,,,26,10,2018,18,38,12,548.70,30.02,950.77,531.60
009,4095,4095,4095,4095,,,26,10,2018,18,43,12,553.90,29.64,950.59,533.16
009,4095,4095,4095,4095,,,26,10,2018,18,48,12,550.70,29.32,950.65,532.71
009,4095,4095,4095,4095,,,26,10,2018,18,53,12,553.20,28.80,950.58,533.28
009,4095,4095,4095,4095,,,26,10,2018,18,58,12,553.90,28.49,950.47,534.23
009,4095,4095,4095,4095,,,26,10,2018,19,3,12,552.10,29.04,950.44,534.50
009,4095,4095,4095,4095,,,26,10,2018,19,8,12,558.70,28.89,950.51,533.85
009,4095,4095,4095,4095,,,26,10,2018,19,13,12,555.50,29.39,950.40,534.88
009,4095,4095,4095,4095,,,26,10,2018,19,18,12,553.50,29.95,950.27,536.02
009,1655,1169,1535,1558,,,26,10,2018,19,23,12,552.90,29.78,950.25,536.14
009,4095,4095,4095,4095,,,26,10,2018,19,28,12,547.20,29.61,950.40,534.88
009,803,487,792,3584,,,26,10,2018,19,33,12,551.10,29.65,950.21,536.53
009,4095,4095,4095,4095,,,26,10,2018,19,38,12,551.90,28.29,950.11,537.40
009,4095,4095,4095,4095,,,26,10,2018,19,43,12,554.60,28.32,950.10,537.45
009,4095,4095,4095,4095,,,26,10,2018,19,48,12,551.20,28.41,950.13,537.21
009,4095,4095,4095,4095,,,26,10,2018,19,53,12,550.70,28.95,950.23,536.37
009,4095,4095,4095,4095,,,26,10,2018,19,58,12,553.10,29.32,950.13,537.25
009,4095,4095,4095,4095,,,26,10,2018,20,3,12,553.90,29.21,950.02,538.23
009,4095,4095,4095,4095,,,26,10,2018,20,8,12,555.30,29.42,949.93,538.94
009,4095,4095,4095,4095,,,26,10,2018,20,13,12,556.10,28.95,950.04,538.00
009,4095,4095,4095,4095,,,26,10,2018,20,18,12,547.80,29.28,950.02,538.22
009,4095,4095,4095,4095,,,26,10,2018,20,23,12,558.80,29.56,950.04,538.02
009,4095,4095,4095,4095,,,26,10,2018,20,28,12,556.90,29.56,950.04,538.02
009,4095,4095,4095,4095,,,26,10,2018,20,33,12,554.70,30.15,949.88,539.39
009,4095,4095,4095,4095,,,26,10,2018,20,38,12,556.90,29.98,949.81,539.99
009,4095,4095,4095,4095,,,26,10,2018,20,43,12,556.20,29.25,949.77,540.38
009,4095,4095,4095,4095,,,26,10,2018,20,48,12,560.30,28.15,949.74,540.62
009,4095,4095,4095,4095,,,26,10,2018,20,53,12,555.90,27.97,949.69,541.09
009,4095,4095,4095,4095,,,26,10,2018,20,58,12,557.90,28.31,949.60,541.85
009,4095,4095,4095,4095,,,26,10,2018,21,3,12,555.70,28.52,949.62,541.71
009,0,0,0,0,,,26,10,2018,21,8,12,556.40,28.05,949.48,542.94
009,0,0,0,0,,,26,10,2018,21,13,12,554.80,27.78,949.42,543.48
009,0,0,0,0,,,26,10,2018,21,18,12,559.70,27.72,949.34,544.17
009,0,0,0,0,,,26,10,2018,21,23,12,560.00,27.39,949.28,544.65
009,0,0,0,0,,,26,10,2018,21,28,12,561.30,26.96,949.42,543.49
009,0,0,0,0,,,26,10,2018,21,33,12,561.20,27.00,949.32,544.36
009,0,0,0,0,,,26,10,2018,21,38,12,556.60,26.91,949.25,544.94
009,0,0,0,0,,,26,10,2018,21,43,12,558.50,26.24,949.34,544.16
009,0,0,0,0,,,26,10,2018,21,48,12,556.20,25.61,949.23,545.10
009,0,0,0,0,,,26,10,2018,21,53,12,556.30,25.21,949.31,544.42
009,0,0,0,0,,,26,10,2018,21,58,12,559.40,25.07,949.32,544.36
009,0,0,0,0,,,26,10,2018,22,3,12,559.30,25.15,949.32,544.32
009,0,0,0,0,,,26,10,2018,22,8,12,560.20,24.78,949.41,543.54
009,0,0,0,0,,,26,10,2018,22,13,12,559.40,24.19,949.34,544.19
009,0,0,0,0,,,26,10,2018,22,18,12,556.60,23.66,949.44,543.29
009,0,0,0,0,,,26,10,2018,22,23,12,556.40,23.26,949.47,543.05
009,0,0,0,0,,,26,10,2018,22,28,12,559.40,22.90,949.45,543.20
009,6,4064,7,6,,,27,10,2018,10,28,12,559.00,14.38,949.52,542.60
009,4095,4095,7,4095,,,27,10,2018,10,33,12,556.30,14.59,949.76,540.51
009,5,0,0,0,,,27,10,2018,10,38,12,554.40,14.72,950.03,538.13
009,4095,4095,4095,4095,,,27,10,2018,10,43,12,551.90,14.67,950.30,535.72
009,10,6,6,6,,,27,10,2018,10,48,12,553.60,14.67,950.43,534.56
009,4095,4095,4095,4095,,,27,10,2018,10,53,12,553.50,14.70,950.58,533.23
009,6,5,6,5,,,27,10,2018,10,58,12,557.30,14.81,950.64,532.71
009,0,0,0,0,,,27,10,2018,11,3,12,554.90,15.15,950.87,530.74
009,4095,4095,4095,4095,,,27,10,2018,11,8,12,558.90,15.56,950.89,530.53
009,4095,4095,4095,4095,,,27,10,2018,11,13,12,564.30,15.88,951.06,529.08
009,0,0,0,0,,,27,10,2018,11,18,12,560.80,15.94,951.06,529.10
009,4095,4095,4095,4095,,,27,10,2018,11,23,12,556.80,16.16,951.12,528.57
009,0,0,0,0,,,27,10,2018,11,33,12,556.20,16.92,950.88,530.62
009,0,0,0,0,,,27,10,2018,11,38,12,559.00,17.01,950.94,530.11
009,0,0,0,0,,,27,10,2018,11,43,12,558.90,17.16,951.13,528.50
009,5,5,6,6,,,27,10,2018,11,48,12,555.40,17.43,951.15,528.28
009,0,0,0,0,,,27,10,2018,11,53,12,555.00,18.21,951.21,527.78
009,0,0,0,0,,,27,10,2018,11,58,12,557.80,18.73,951.18,528.05
009,0,0,0,0,,,27,10,2018,12,3,12,562.20,19.10,951.02,529.46
009,0,0,0,0,,,27,10,2018,12,8,12,560.80,18.55,951.12,528.52
009,0,0,0,0,,,27,10,2018,12,13,12,558.70,18.52,951.18,527.98
009,0,0,0,0,,,27,10,2018,12,18,12,560.90,18.90,951.53,524.95
009,0,0,0,0,,,27,10,2018,12,23,12,561.60,18.94,951.32,526.80
009,0,0,0,0,,,27,10,2018,12,28,12,559.50,19.46,951.14,528.35
009,0,0,0,0,,,27,10,2018,12,33,12,557.70,19.95,951.01,529.46
009,0,0,0,0,,,27,10,2018,12,38,12,554.20,20.13,950.85,530.91
009,0,0,0,0,,,27,10,2018,12,43,12,561.20,20.27,950.73,532.00
009,0,0,0,0,,,27,10,2018,12,48,12,559.50,19.80,950.54,533.59
009,0,0,0,0,,,27,10,2018,12,53,12,557.70,20.32,950.79,531.48
009,0,0,0,0,,,27,10,2018,12,58,12,560.00,20.17,950.56,533.41
009,0,0,0,0,,,27,10,2018,13,3,12,561.90,20.48,950.51,533.92
009,0,0,0,0,,,27,10,2018,13,8,12,558.90,21.02,950.39,534.92
009,0,0,0,0,,,27,10,2018,13,13,12,558.90,20.94,950.42,534.65
009,0,0,0,0,,,27,10,2018,13,18,12,559.30,21.94,950.30,535.70
009,0,0,0,0,,,27,10,2018,13,23,12,558.90,23.91,950.23,536.37
009,0,0,0,0,,,27,10,2018,13,28,12,565.90,24.34,950.30,535.77
009,0,0,0,0,,,27,10,2018,13,33,12,561.00,23.67,950.22,536.46
009,0,0,0,0,,,27,10,2018,13,38,12,569.20,24.65,950.19,536.70
009,0,0,0,0,,,27,10,2018,13,43,12,559.40,24.45,950.05,537.96
009,0,0,0,0,,,27,10,2018,13,48,12,564.10,25.81,950.04,537.99
009,0,0,0,0,,,27,10,2018,13,53,12,561.40,25.64,949.93,538.94
009,0,0,0,0,,,27,10,2018,13,58,12,560.20,22.87,950.03,538.06
009,0,0,0,0,,,27,10,2018,14,3,12,561.20,23.92,950.04,537.97
009,0,0,0,0,,,27,10,2018,14,8,12,556.20,23.61,950.02,538.20
009,0,0,0,0,,,27,10,2018,14,13,12,555.50,23.11,950.03,538.09
009,0,0,0,0,,,27,10,2018,14,18,12,558.40,23.17,950.01,538.30
009,0,0,0,0,,,27,10,2018,14,23,12,561.60,23.58,949.93,538.99
009,0,0,0,0,,,27,10,2018,14,28,12,555.70,23.79,949.80,540.10
009,0,0,0,0,,,27,10,2018,14,33,12,558.60,24.38,949.73,540.73
009,0,0,0,0,,,27,10,2018,14,38,12,558.80,24.53,949.82,539.94
009,0,0,0,0,,,27,10,2018,14,43,12,559.80,24.80,949.73,540.70
009,0,0,0,0,,,27,10,2018,14,48,12,558.70,25.39,949.75,540.58
009,0,0,0,0,,,27,10,2018,14,53,12,558.40,25.01,949.80,540.13
009,0,0,0,0,,,27,10,2018,14,58,12,568.10,26.25,949.67,541.26
009,0,0,0,0,,,27,10,2018,15,3,12,559.00,26.05,949.69,541.05
009,0,0,0,0,,,27,10,2018,15,8,12,553.60,27.23,949.58,542.01
009,0,0,0,0,,,27,10,2018,15,13,12,557.00,26.86,949.60,541.86
009,0,0,0,0,,,27,10,2018,15,18,12,557.90,26.12,949.56,542.22
009,0,0,0,0,,,27,10,2018,15,23,12,557.50,26.48,949.53,542.51
009,0,0,0,0,,,27,10,2018,15,28,12,560.50,25.87,949.56,542.24
009,0,0,0,0,,,27,10,2018,15,33,12,558.00,26.26,949.55,542.35
009,0,0,0,0,,,27,10,2018,15,38,12,563.10,26.57,949.73,540.73
009,0,0,0,0,,,27,10,2018,15,43,12,563.00,26.96,949.62,541.72
009,0,0,0,0,,,27,10,2018,15,48,12,561.40,27.22,949.62,541.66
009,0,0,0,0,,,27,10,2018,15,53,12,558.20,27.22,949.69,541.07
009,0,0,0,0,,,27,10,2018,15,58,12,557.10,27.67,949.67,541.21
009,0,0,0,0,,,27,10,2018,16,3,12,558.10,25.66,949.69,541.12
009,0,0,0,0,,,27,10,2018,16,8,12,559.20,26.03,949.76,540.48
009,0,0,0,0,,,27,10,2018,16,13,12,557.10,26.31,949.82,539.96
009,0,0,0,0,,,27,10,2018,16,18,12,557.70,26.03,949.90,539.25
009,0,0,0,0,,,27,10,2018,16,23,12,556.80,25.67,949.87,539.54
009,0,0,0,0,,,27,10,2018,16,28,12,555.30,26.65,949.91,539.19
009,0,0,0,0,,,27,10,2018,16,33,12,559.40,26.74,949.95,538.82
009,0,0,0,0,,,27,10,2018,16,38,12,555.00,27.46,949.93,538.98
009,0,0,0,0,,,27,10,2018,16,43,12,554.40,28.45,949.90,539.26
009,0,0,0,0,,,27,10,2018,16,48,12,554.90,29.90,949.84,539.76
009,0,0,0,0,,,27,10,2018,16,53,12,554.10,28.05,949.83,539.82
009,0,0,0,0,,,27,10,2018,16,58,12,551.30,28.29,949.87,539.53
009,0,0,0,0,,,27,10,2018,17,3,12,553.80,30.30,949.98,538.51
009,0,0,0,0,,,27,10,2018,17,8,12,553.90,30.00,949.93,538.94
009,0,0,0,0,,,27,10,2018,17,13,12,552.40,28.33,949.59,541.95
009,0,0,0,0,,,27,10,2018,17,18,12,553.90,27.26,949.87,539.50
009,0,0,0,0,,,27,10,2018,17,23,12,551.20,28.21,949.83,539.83
009,0,0,0,0,,,27,10,2018,17,33,12,552.80,26.45,949.85,539.66
009,0,0,0,0,,,27,10,2018,17,38,12,555.10,27.42,949.80,540.15
009,0,0,0,0,,,27,10,2018,17,43,12,554.50,28.64,949.72,540.81
009,0,0,0,0,,,27,10,2018,17,48,12,552.20,28.95,949.79,540.24
009,0,0,0,0,,,27,10,2018,17,53,12,555.70,28.49,949.78,540.26
009,0,0,0,0,,,27,10,2018,17,58,12,553.60,27.89,949.76,540.50
009,0,0,0,0,,,27,10,2018,18,3,12,555.00,28.27,949.84,539.78
009,4095,4095,4095,4095,,,27,10,2018,18,8,12,548.40,28.00,949.75,540.51
009,0,0,0,0,,,27,10,2018,18,13,12,553.70,29.20,949.79,540.17
009,0,0,0,0,,,27,10,2018,18,18,12,554.90,29.01,949.91,539.19
009,0,0,0,0,,,27,10,2018,18,23,12,546.40,28.39,949.80,540.08
009,0,0,0,0,,,27,10,2018,18,28,12,552.60,29.64,949.86,539.63
009,4095,4095,4095,4095,,,27,10,2018,18,33,12,552.30,30.77,949.84,539.78
009,0,0,0,0,,,27,10,2018,18,38,12,550.50,30.03,949.78,540.30
009,4095,4095,4095,4095,,,27,10,2018,18,43,12,556.10,29.71,949.73,540.77
009,4095,4095,4095,4095,,,27,10,2018,18,48,12,554.70,29.33,949.60,541.91
009,4095,4095,4095,4095,,,27,10,2018,18,53,12,555.90,30.35,949.47,543.02
009,4095,4095,4095,4095,,,27,10,2018,18,58,12,555.90,30.11,949.60,541.84
009,4095,4095,4095,4095,,,27,10,2018,19,3,12,551.30,28.40,949.55,542.35
009,4095,4095,4095,4095,,,27,10,2018,19,8,12,552.70,28.22,949.47,543.05
009,4095,4095,4095,4095,,,27,10,2018,19,13,12,553.20,28.75,949.42,543.48
009,4095,4095,4095,4095,,,27,10,2018,19,18,12,553.60,28.16,949.43,543.37
009,4095,4095,4095,4095,,,27,10,2018,19,23,12,548.70,27.83,949.38,543.79
009,4095,4095,4095,4095,,,27,10,2018,19,28,12,547.80,29.70,949.43,543.33
009,4095,4095,4095,4095,,,27,10,2018,19,33,12,546.90,29.20,949.44,543.24
009,4095,4095,4095,4095,,,27,10,2018,19,38,12,549.50,28.74,949.37,543.87
009,4095,4095,4095,4095,,,27,10,2018,19,43,12,556.30,28.82,949.46,543.14
009,4095,4095,4095,4095,,,27,10,2018,19,48,12,550.90,28.85,949.57,542.15
009,4095,4095,4095,4095,,,27,10,2018,19,53,12,553.50,28.74,949.47,543.02
009,4095,4095,4095,4095,,,27,10,2018,19,58,12,554.60,28.55,949.43,543.38
009,4095,4095,4095,4095,,,27,10,2018,20,3,12,555.20,28.77,949.29,544.62
009,4095,4095,4095,4095,,,27,10,2018,20,8,12,552.10,28.05,949.27,544.79
009,4095,4095,4095,4095,,,27,10,2018,20,13,12,554.50,29.15,949.18,545.52
009,3584,882,1238,3072,,,27,10,2018,20,18,12,554.60,30.81,949.32,544.29
009,4095,4095,4095,4095,,,27,10,2018,20,23,12,552.50,28.47,949.30,544.51
009,4095,4095,4095,4095,,,27,10,2018,20,28,12,554.00,27.67,949.29,544.61
009,4095,4095,4095,4095,,,27,10,2018,20,33,12,551.40,28.36,949.25,544.97
009,4095,4095,4095,4095,,,27,10,2018,20,38,12,555.90,29.39,949.23,545.11
009,4095,4095,4095,4095,,,27,10,2018,20,43,12,554.60,29.49,949.27,544.75
009,4095,4095,4095,4095,,,27,10,2018,20,48,12,557.40,28.58,949.39,543.72
009,4095,4095,4095,4095,,,27,10,2018,20,53,12,556.40,28.03,949.49,542.80
009,4095,4095,4095,4095,,,27,10,2018,20,58,12,559.50,28.16,949.61,541.79
009,4095,4095,4095,4095,,,27,10,2018,21,3,12,553.40,28.13,949.52,542.57
009,0,0,0,0,,,27,10,2018,21,8,12,559.20,27.33,949.54,542.40
009,0,0,0,0,,,27,10,2018,21,13,12,558.10,27.82,949.42,543.47
009,0,0,0,0,,,27,10,2018,21,18,12,560.20,27.18,949.46,543.08
009,0,0,0,0,,,27,10,2018,21,23,12,559.60,27.29,949.62,541.70
009,0,0,0,0,,,27,10,2018,21,28,12,559.00,27.35,949.66,541.35
009,0,0,0,0,,,27,10,2018,21,33,12,555.70,26.47,949.67,541.25
009,0,0,0,0,,,27,10,2018,21,38,12,556.50,25.70,949.52,542.55
009,0,0,0,0,,,27,10,2018,21,43,12,564.50,25.27,949.67,541.24
009,0,0,0,0,,,27,10,2018,21,48,12,563.50,25.62,949.71,540.92
009,0,0,0,0,,,27,10,2018,21,53,12,560.00,26.12,949.73,540.73
009,0,0,0,0,,,27,10,2018,21,58,12,555.80,26.40,949.71,540.92
009,0,0,0,0,,,27,10,2018,22,3,12,554.50,25.80,949.85,539.64
009,0,0,0,0,,,27,10,2018,22,8,12,559.80,25.50,949.87,539.49
009,0,0,0,0,,,27,10,2018,22,13,12,560.30,25.22,949.95,538.82
009,0,0,0,0,,,27,10,2018,22,18,12,553.50,25.15,950.06,537.82
009,0,0,0,0,,,27,10,2018,22,23,12,553.90,24.73,950.01,538.23
009,0,0,0,0,,,27,10,2018,22,28,12,556.00,24.19,950.03,538.07
009,5,0,0,0,,,28,10,2018,10,28,12,550.80,15.22,950.08,537.68
009,6,6,6,6,,,28,10,2018,10,33,12,553.50,15.73,949.93,538.99
009,6,6,6,6,,,28,10,2018,10,38,12,554.70,16.09,949.90,539.28
009,13,6,6,5,,,28,10,2018,10,43,12,552.40,16.23,949.93,538.94
009,4095,4095,4095,4095,,,28,10,2018,10,48,12,554.70,16.35,949.95,538.80
009,4095,4095,4095,4095,,,28,10,2018,10,53,12,555.40,16.57,950.02,538.20
009,5,0,0,0,,,28,10,2018,10,58,12,551.40,16.83,950.04,538.05
009,0,0,0,0,,,28,10,2018,11,3,12,552.30,17.02,950.15,537.05
009,4095,4095,4095,4095,,,28,10,2018,11,13,12,556.30,17.09,950.07,537.75
009,0,0,0,0,,,28,10,2018,11,18,12,557.10,17.28,950.04,538.00
009,0,0,0,0,,,28,10,2018,11,23,12,556.10,17.67,950.07,537.71
009,0,0,0,0,,,28,10,2018,11,28,12,552.90,18.02,950.10,537.49
009,0,0,0,0,,,28,10,2018,11,33,12,554.70,18.15,950.13,537.22
009,0,0,0,0,,,28,10,2018,11,38,12,557.70,17.82,950.20,536.60
009,0,0,0,0,,,28,10,2018,11,43,12,554.90,17.85,950.24,536.24
009,0,0,0,0,,,28,10,2018,11,48,12,555.80,18.03,950.33,535.48
009,0,0,0,0,,,28,10,2018,11,53,12,555.40,18.30,950.35,535.33
009,0,0,0,0,,,28,10,2018,11,58,12,557.60,19.03,950.38,535.05
009,0,0,0,0,,,28,10,2018,12,3,12,557.10,19.49,950.32,535.59
009,0,0,0,0,,,28,10,2018,12,8,12,557.40,19.81,950.27,535.95
009,0,0,0,0,,,28,10,2018,12,13,12,558.50,20.68,950.33,535.51
009,0,0,0,0,,,28,10,2018,12,18,12,558.80,21.65,950.27,535.95
009,0,0,0,0,,,28,10,2018,12,23,12,559.30,21.89,950.25,536.20
009,0,0,0,0,,,28,10,2018,12,28,12,555.50,22.94,950.31,535.63
009,0,0,0,0,,,28,10,2018,12,33,12,559.60,24.37,950.21,536.55
009,0,0,0,0,,,28,10,2018,12,38,12,554.00,23.95,950.23,536.33
009,0,0,0,0,,,28,10,2018,12,43,12,561.10,24.41,950.28,535.94
009,0,0,0,0,,,28,10,2018,12,48,12,559.60,24.19,950.30,535.76
009,0,0,0,0,,,28,10,2018,12,53,12,558.20,23.87,950.32,535.55
009,0,0,0,0,,,28,10,2018,12,58,12,557.50,24.12,950.40,534.87
009,0,0,0,0,,,28,10,2018,13,3,12,556.00,24.81,950.42,534.65
009,0,0,0,0,,,28,10,2018,13,8,12,559.10,24.60,950.37,535.11
009,0,0,0,0,,,28,10,2018,13,13,12,560.80,25.96,950.34,535.42
009,0,0,0,0,,,28,10,2018,13,18,12,559.80,27.40,950.23,536.31
009,0,0,0,0,,,28,10,2018,13,23,12,559.10,25.35,950.17,536.89
009,0,0,0,0,,,28,10,2018,13,28,12,561.80,24.90,950.23,536.38
009,0,0,0,0,,,28,10,2018,13,33,12,562.50,25.43,950.10,537.45
009,0,0,0,0,,,28,10,2018,13,38,12,559.80,25.74,950.07,537.78
009,0,0,0,0,,,28,10,2018,13,43,12,561.30,26.58,950.05,537.96
009,0,0,0,0,,,28,10,2018,13,48,12,562.20,27.21,949.98,538.51
009,0,0,0,0,,,28,10,2018,13,53,12,557.40,27.87,949.83,539.89
009,0,0,0,0,,,28,10,2018,13,58,12,557.10,27.43,949.81,540.06
009,0,0,0,0,,,28,10,2018,14,3,12,562.30,28.04,949.80,540.08
009,0,0,0,0,,,28,10,2018,14,8,12,556.80,27.83,949.88,539.41
009,0,0,0,0,,,28,10,2018,14,13,12,557.90,27.23,949.90,539.25
009,0,0,0,0,,,28,10,2018,14,18,12,558.30,26.94,949.90,539.20
009,0,0,0,0,,,28,10,2018,14,23,12,558.70,27.18,949.90,539.24
009,0,0,0,0,,,28,10,2018,14,28,12,556.30,25.50,949.81,540.07
009,0,0,0,0,,,28,10,2018,14,33,12,557.60,25.29,949.97,538.65
009,0,0,0,0,,,28,10,2018,14,38,12,555.60,25.70,950.12,537.31
009,0,0,0,0,,,28,10,2018,14,43,12,558.80,25.62,950.12,537.32
009,0,0,0,0,,,28,10,2018,14,48,12,558.40,25.74,950.16,536.97
009,0,0,0,0,,,28,10,2018,14,53,12,561.30,25.54,950.21,536.52
009,0,0,0,0,,,28,10,2018,14,58,12,556.70,25.18,950.31,535.68
009,0,0,0,0,,,28,10,2018,15,3,12,556.20,24.73,950.23,536.32
009,0,0,0,0,,,28,10,2018,15,8,12,561.90,24.55,950.27,536.00
009,0,0,0,0,,,28,10,2018,15,13,12,553.50,24.81,950.21,536.55
009,0,0,0,0,,,28,10,2018,15,18,12,560.40,24.73,950.24,536.29
009,0,0,0,0,,,28,10,2018,15,23,12,561.30,24.60,950.02,538.17
009,0,0,0,0,,,28,10,2018,15,28,12,560.10,25.01,949.87,539.50
009,0,0,0,0,,,28,10,2018,15,33,12,560.50,25.64,949.79,540.20
009,0,0,0,0,,,28,10,2018,15,38,12,567.90,25.78,949.67,541.26
009,0,0,0,0,,,28,10,2018,15,43,12,561.70,25.85,949.65,541.42
009,0,0,0,0,,,28,10,2018,15,48,12,557.50,26.83,949.51,542.70
009,0,0,0,0,,,28,10,2018,15,53,12,558.40,27.91,949.31,544.40
009,0,0,0,0,,,28,10,2018,15,58,12,554.90,28.46,949.25,544.95
009,0,0,0,0,,,28,10,2018,16,3,12,560.90,28.49,949.29,544.56
009,0,0,0,0,,,28,10,2018,16,8,12,559.90,29.42,949.28,544.68
009,0,0,0,0,,,28,10,2018,16,13,12,553.70,28.40,949.26,544.86
009,0,0,0,0,,,28,10,2018,16,18,12,552.40,27.85,949.11,546.16
009,0,0,0,0,,,28,10,2018,16,23,12,553.20,27.95,949.08,546.47
009,0,0,0,0,,,28,10,2018,16,28,12,559.20,28.64,949.05,546.67
009,0,0,0,0,,,28,10,2018,16,33,12,552.70,29.81,948.91,547.91
009,0,0,0,0,,,28,10,2018,16,38,12,549.90,30.17,948.94,547.71
009,0,0,0,0,,,28,10,2018,16,43,12,554.00,29.08,948.98,547.27
009,0,0,0,0,,,28,10,2018,16,48,12,553.00,27.54,949.01,547.06
009,0,0,0,0,,,28,10,2018,16,53,12,553.50,27.82,949.11,546.17
009,0,0,0,0,,,28,10,2018,16,58,12,555.70,27.34,949.04,546.74
009,0,0,0,0,,,28,10,2018,17,3,12,556.10,26.20,948.97,547.37
009,0,0,0,0,,,28,10,2018,17,8,12,553.60,27.29,948.97,547.41
009,0,0,0,0,,,28,10,2018,17,13,12,556.70,26.50,948.99,547.23
009,0,0,0,0,,,28,10,2018,17,18,12,556.40,27.11,949.08,546.46
009,0,0,0,0,,,28,10,2018,17,23,12,550.50,27.08,949.15,545.79
009,0,0,0,0,,,28,10,2018,17,28,12,551.70,26.26,949.06,546.61
009,0,0,0,0,,,28,10,2018,17,33,12,554.20,26.75,948.97,547.43
009,0,0,0,0,,,28,10,2018,17,38,12,553.70,27.55,948.91,547.95
009,0,0,0,0,,,28,10,2018,17,43,12,554.70,27.10,948.83,548.62
009,0,0,0,0,,,28,10,2018,17,48,12,551.90,27.13,948.73,549.47
009,0,0,0,0,,,28,10,2018,17,53,12,554.80,27.88,948.65,550.25
009,0,0,0,0,,,28,10,2018,17,58,12,552.80,29.43,948.72,549.60
009,0,0,0,0,,,28,10,2018,18,3,12,551.70,28.54,948.71,549.68
009,0,0,0,0,,,28,10,2018,18,8,12,561.60,28.20,948.64,550.32
009,0,0,0,0,,,28,10,2018,18,13,12,555.20,27.69,948.67,550.04
009,4095,4095,4095,4095,,,28,10,2018,18,18,12,545.20,27.18,948.76,549.22
009,4095,4095,4095,4095,,,28,10,2018,18,23,12,546.80,26.47,948.75,549.35
009,4095,4095,4095,4095,,,28,10,2018,18,28,12,560.40,25.97,948.74,549.39
009,4095,4095,4095,4095,,,28,10,2018,18,33,12,556.20,25.36,948.81,548.77
009,4095,4095,4095,4095,,,28,10,2018,18,38,12,554.50,25.18,949.04,546.82
009,4095,4095,4095,4095,,,28,10,2018,18,43,12,557.10,25.20,949.04,546.75
009,4095,4095,4095,4095,,,28,10,2018,18,48,12,559.10,24.92,949.02,547.01
009,4095,4095,4095,4095,,,28,10,2018,18,53,12,554.70,24.86,948.95,547.62
009,4095,4095,4095,4095,,,28,10,2018,18,58,12,556.40,24.45,948.94,547.68
009,4095,4095,4095,4095,,,28,10,2018,19,3,12,552.10,24.36,948.94,547.62
009,4095,4095,4095,4095,,,28,10,2018,19,8,12,553.20,24.41,948.87,548.25
009,4095,4095,4095,4095,,,28,10,2018,19,13,12,550.70,24.45,948.73,549.55
009,4095,4095,4095,4095,,,28,10,2018,19,18,12,550.90,24.30,948.82,548.70
009,4095,4095,4095,4095,,,28,10,2018,19,23,12,551.10,23.90,948.85,548.44
009,4095,4095,4095,4095,,,28,10,2018,19,28,12,549.80,23.51,948.82,548.69
009,4095,4095,4095,4095,,,28,10,2018,19,33,12,547.90,23.41,948.70,549.74
009,4095,4095,4095,4095,,,28,10,2018,19,38,12,549.80,23.45,948.77,549.18
009,4095,4095,4095,4095,,,28,10,2018,19,43,12,550.30,23.44,948.93,547.78
009,4095,4095,4095,4095,,,28,10,2018,19,48,12,555.10,23.14,948.90,547.98
009,4095,4095,4095,4095,,,28,10,2018,19,53,12,553.70,23.17,949.10,546.25
009,4095,4095,4095,4095,,,28,10,2018,19,58,12,558.70,22.89,949.16,545.73
009,4095,4095,4095,4095,,,28,10,2018,20,3,12,557.00,22.76,949.15,545.80
009,4095,4095,4095,4095,,,28,10,2018,20,8,12,553.50,22.77,949.21,545.30
009,4095,4095,4095,4095,,,28,10,2018,20,13,12,560.10,22.76,949.24,545.06
009,4095,4095,4095,4095,,,28,10,2018,20,18,12,560.70,22.77,949.12,546.04
009,4095,4095,4095,4095,,,28,10,2018,20,23,12,554.50,22.74,949.12,546.10
009,4095,4095,4095,4095,,,28,10,2018,20,28,12,554.60,22.70,949.09,546.32
009,4095,4095,4095,4095,,,28,10,2018,20,33,12,557.40,22.69,949.11,546.20
009,4095,4095,4095,4095,,,28,10,2018,20,38,12,565.50,22.61,949.10,546.27
009,4095,4095,4095,4095,,,28,10,2018,20,43,12,563.80,22.58,949.04,546.78
009,4095,4095,4095,4095,,,28,10,2018,20,48,12,555.20,22.72,948.98,547.33
009,4095,4095,4095,4095,,,28,10,2018,20,53,12,561.90,22.84,948.85,548.43
009,4095,4095,4095,4095,,,28,10,2018,20,58,12,556.10,22.72,948.84,548.51
009,4095,4095,4095,4095,,,28,10,2018,21,3,12,563.40,22.66,948.85,548.48
009,0,0,0,0,,,28,10,2018,21,8,12,559.20,22.43,948.85,548.45
009,0,0,0,0,,,28,10,2018,21,13,12,558.50,22.16,948.83,548.65
009,0,0,0,0,,,28,10,2018,21,18,12,557.30,22.07,949.05,546.69
009,0,0,0,0,,,28,10,2018,21,23,12,558.50,21.97,949.15,545.83
009,0,0,0,0,,,28,10,2018,21,28,12,554.40,21.82,949.20,545.36
009,0,0,0,0,,,28,10,2018,21,33,12,558.00,21.67,949.39,543.69
009,0,0,0,0,,,28,10,2018,21,38,12,570.90,21.54,949.42,543.48
009,0,0,0,0,,,28,10,2018,21,43,12,562.90,21.36,949.39,543.75
009,0,0,0,0,,,28,10,2018,21,48,12,557.60,21.03,949.38,543.79
009,0,0,0,0,,,28,10,2018,21,53,12,559.30,20.66,949.40,543.61
009,0,0,0,0,,,28,10,2018,21,58,12,558.10,20.49,949.44,543.26
009,0,0,0,0,,,28,10,2018,22,3,12,559.70,20.36,949.56,542.23
009,0,0,0,0,,,28,10,2018,22,8,12,558.30,20.08,949.71,540.91
009,0,0,0,0,,,28,10,2018,22,13,12,558.80,19.75,949.91,539.12
009,0,0,0,0,,,28,10,2018,22,18,12,562.30,19.41,949.95,538.76
009,0,0,0,0,,,28,10,2018,22,23,12,562.40,19.24,950.02,538.15
009,0,0,0,0,,,28,10,2018,22,28,12,560.10,19.09,950.04,538.02
009,4095,4095,4095,4095,,,29,10,2018,10,28,12,547.60,13.76,948.54,551.16
009,6,6,6,6,,,29,10,2018,10,33,12,552.90,14.03,948.50,551.49
009,21,6,6,6,,,29,10,2018,10,38,12,548.20,14.14,948.57,550.92
009,6,6,7,6,,,29,10,2018,10,43,12,551.30,14.23,948.42,552.24
009,6,6,7,6,,,29,10,2018,10,48,12,554.70,14.38,948.46,551.90
009,4095,4095,4095,4095,,,29,10,2018,10,53,12,548.10,14.59,948.55,551.08
009,4095,4095,3072,0,,,29,10,2018,10,58,12,552.20,15.05,948.63,550.35
009,4095,4095,4095,4095,,,29,10,2018,11,3,12,555.00,15.59,948.70,549.79
009,6,6,6,6,,,29,10,2018,11,8,12,552.40,16.47,948.81,548.81
009,6,6,6,6,,,29,10,2018,11,13,12,553.40,16.79,948.73,549.51
009,6,6,6,6,,,29,10,2018,11,18,12,549.60,17.79,948.73,549.53
009,6,6,6,6,,,29,10,2018,11,23,12,553.60,18.08,948.73,549.53
009,6,6,6,6,,,29,10,2018,11,28,12,559.50,18.19,948.88,548.22
009,6,6,7,6,,,29,10,2018,11,33,12,557.00,17.96,948.86,548.34
009,4095,4095,4094,6,,,29,10,2018,11,38,12,556.20,18.00,948.93,547.73
009,4095,4095,4095,4095,,,29,10,2018,11,43,12,558.80,17.69,949.04,546.76
009,6,6,6,6,,,29,10,2018,11,48,12,555.20,17.75,949.08,546.46
009,6,6,6,6,,,29,10,2018,11,53,12,552.90,17.71,949.05,546.72
009,0,0,0,0,,,29,10,2018,11,58,12,560.70,18.24,949.13,546.02
009,4095,4095,4095,4095,,,29,10,2018,12,3,12,561.60,18.90,948.97,547.39
009,4095,4095,4095,4095,,,29,10,2018,12,8,12,560.10,19.30,948.95,547.60
009,4095,4095,4095,4095,,,29,10,2018,12,13,12,561.00,19.55,949.00,547.16
009,0,0,0,0,,,29,10,2018,12,18,12,558.70,20.45,949.09,546.37
009,4095,4095,4095,4095,,,29,10,2018,12,23,12,556.10,20.08,949.18,545.54
009,0,0,0,0,,,29,10,2018,12,28,12,556.90,20.24,949.15,545.81
009,4095,4095,4095,4095,,,29,10,2018,12,33,12,553.50,19.80,949.23,545.14
009,4095,4095,4095,4095,,,29,10,2018,12,38,12,559.50,20.13,949.16,545.72
009,0,0,0,0,,,29,10,2018,12,43,12,561.60,21.26,949.15,545.85
009,4095,4095,4095,4095,,,29,10,2018,12,48,12,556.40,20.66,949.20,545.38
009,0,0,0,0,,,29,10,2018,12,53,12,558.10,20.52,949.22,545.23
009,4095,4095,4095,4095,,,29,10,2018,12,58,12,559.20,20.80,949.11,546.20
009,0,0,0,0,,,29,10,2018,13,3,12,561.40,21.23,949.12,546.09
009,0,0,0,0,,,29,10,2018,13,8,12,558.70,21.60,949.17,545.68
009,4095,4095,4095,4095,,,29,10,2018,13,13,12,560.40,21.53,949.34,544.14
009,4095,4095,4095,4095,,,29,10,2018,13,18,12,562.30,21.60,949.48,542.96
009,4095,4095,4095,4095,,,29,10,2018,13,23,12,563.40,21.41,949.42,543.47
009,0,0,0,0,,,29,10,2018,13,28,12,562.40,22.51,949.46,543.14
009,0,0,0,0,,,29,10,2018,13,33,12,559.90,23.95,949.41,543.55
009,0,0,0,0,,,29,10,2018,13,38,12,563.60,24.02,949.29,544.59
009,4095,4095,4095,4095,,,29,10,2018,13,43,12,562.30,25.06,949.01,547.09
009,4095,4095,4095,4095,,,29,10,2018,13,48,12,557.80,24.76,949.01,547.08
009,0,0,0,0,,,29,10,2018,13,53,12,562.30,24.14,949.15,545.83
009,0,0,0,0,,,29,10,2018,13,58,12,563.60,24.81,949.08,546.44
009,0,0,0,0,,,29,10,2018,14,3,12,558.20,24.70,949.12,546.04
009,0,0,0,0,,,29,10,2018,14,8,12,557.60,25.33,949.06,546.60
009,0,0,0,0,,,29,10,2018,14,13,12,558.20,25.97,948.98,547.30
009,4095,4095,4095,4095,,,29,10,2018,14,18,12,563.20,25.50,948.92,547.83
009,4095,4095,4095,4095,,,29,10,2018,14,23,12,559.10,25.18,948.79,548.98
009,4095,4095,4095,4095,,,29,10,2018,14,28,12,560.00,25.29,948.77,549.19
009,4095,4095,4095,4095,,,29,10,2018,14,33,12,556.90,25.37,948.95,547.62
009,0,0,0,0,,,29,10,2018,14,38,12,558.10,24.89,948.93,547.77
009,0,0,0,0,,,29,10,2018,14,43,12,557.00,25.82,948.77,549.13
009,0,0,0,0,,,29,10,2018,14,48,12,559.70,26.61,948.67,549.99
009,0,0,0,0,,,29,10,2018,14,53,12,558.70,26.25,948.69,549.84
009,0,0,0,0,,,29,10,2018,14,58,12,565.20,25.97,948.67,550.05
009,4095,4095,4095,4095,,,29,10,2018,15,3,12,559.40,25.18,948.43,552.19
009,0,0,0,0,,,29,10,2018,15,8,12,548.00,25.31,948.34,552.94
009,0,0,0,0,,,29,10,2018,15,13,12,557.20,25.65,948.37,552.71
009,0,0,0,0,,,29,10,2018,15,18,12,557.60,25.10,948.36,552.73
009,4095,4095,4095,4095,,,29,10,2018,15,23,12,560.80,24.54,948.34,552.95
009,0,0,0,0,,,29,10,2018,15,28,12,564.40,24.17,948.35,552.87
009,0,0,0,0,,,29,10,2018,15,33,12,560.90,24.01,948.12,554.82
009,0,0,0,0,,,29,10,2018,15,38,12,562.90,23.61,948.11,554.95
009,0,0,0,0,,,29,10,2018,15,43,12,566.60,23.90,948.19,554.24
009,0,0,0,0,,,29,10,2018,15,48,12,558.60,23.51,948.16,554.49
009,0,0,0,0,,,29,10,2018,15,53,12,555.30,24.89,948.06,555.43
009,0,0,0,0,,,29,10,2018,15,58,12,558.60,26.47,948.00,555.92
009,0,0,0,0,,,29,10,2018,16,3,12,564.20,26.59,948.03,555.65
009,0,0,0,0,,,29,10,2018,16,8,12,565.60,26.13,948.13,554.80
009,0,0,0,0,,,29,10,2018,16,13,12,555.10,25.97,947.95,556.37
009,0,0,0,0,,,29,10,2018,16,18,12,556.00,25.30,947.83,557.42
009,0,0,0,0,,,29,10,2018,16,23,12,553.50,25.72,947.88,557.02
009,0,0,0,0,,,29,10,2018,16,28,12,553.80,25.82,947.94,556.41
009,0,0,0,0,,,29,10,2018,16,33,12,554.00,25.56,947.93,556.56
