009,518,338,470,494,,,10,5,2019,20,30,20,556.60,19.85,951.90,521.71
009,407,374,344,1315,,,10,5,2019,20,43,9,555.80,19.01,951.99,520.92
009,374,238,318,1358,,,10,5,2019,20,48,9,557.50,19.13,952.01,520.78
009,300,1222,264,480,,,10,5,2019,20,53,9,552.70,18.60,951.99,520.93
009,264,1438,221,2289,,,10,5,2019,20,58,9,552.30,18.39,951.96,521.16
009,9,1555,9,3027,,,10,5,2019,21,3,9,550.70,18.10,951.95,521.28
009,9,1551,9,2648,,,10,5,2019,21,8,9,552.30,17.92,951.83,522.29
009,9,1396,10,2392,,,10,5,2019,21,13,9,547.10,17.60,951.90,521.67
009,9,580,9,1286,,,11,5,2019,12,8,9,558.60,8.76,954.45,499.44
009,8,512,8,1127,,,11,5,2019,12,13,9,557.70,9.70,954.48,499.10
009,8,556,8,1582,,,11,5,2019,12,18,9,554.00,10.38,954.44,499.45
009,71,613,1005,2510,,,11,5,2019,12,23,9,557.00,10.77,954.51,498.92
009,94,1156,46,1471,,,11,5,2019,12,28,9,554.60,11.03,954.54,498.62
009,92,1263,26,1827,,,11,5,2019,12,33,9,553.40,10.50,954.52,498.78
009,175,1636,163,1858,,,11,5,2019,12,38,9,554.40,9.92,954.60,498.07
009,78,1767,30,1462,,,11,5,2019,12,43,9,555.40,10.26,954.60,498.13
009,79,2257,30,1580,,,11,5,2019,12,48,9,552.90,11.97,954.73,496.96
009,70,1996,29,2865,,,11,5,2019,12,53,9,555.90,13.53,954.79,496.45
009,102,2136,31,997,,,11,5,2019,12,58,9,552.10,14.12,954.72,497.04
009,94,2156,39,921,,,11,5,2019,13,3,9,552.30,14.56,954.77,496.57
009,82,2558,31,1255,,,11,5,2019,13,8,9,553.20,14.38,954.85,495.86
009,88,2396,27,1139,,,11,5,2019,13,13,9,554.70,15.27,954.88,495.61
009,81,2454,27,3058,,,11,5,2019,13,18,9,556.60,14.84,954.89,495.52
009,68,2291,28,2123,,,11,5,2019,13,23,9,553.70,14.29,954.87,495.73
009,84,2320,37,2305,,,11,5,2019,13,28,9,558.10,14.18,954.87,495.74
009,78,2369,38,2734,,,11,5,2019,13,33,9,552.70,14.70,954.83,496.06
009,85,2444,33,2904,,,11,5,2019,13,38,9,553.10,14.50,954.93,495.19
009,73,2308,28,2680,,,11,5,2019,13,43,9,553.90,14.58,954.95,495.00
009,87,2560,33,3033,,,11,5,2019,13,48,9,559.00,14.37,954.93,495.22
009,91,1747,32,2599,,,11,5,2019,13,53,9,560.30,14.62,954.97,494.89
009,86,2018,35,2623,,,11,5,2019,13,58,9,559.80,14.27,954.91,495.34
009,101,1948,32,2820,,,11,5,2019,14,3,9,555.10,14.34,954.90,495.51
009,89,1974,31,2913,,,11,5,2019,14,8,9,558.70,14.96,954.88,495.61
009,88,2268,36,2156,,,11,5,2019,14,13,9,562.10,15.06,954.91,495.39
009,96,1984,51,2127,,,11,5,2019,14,18,9,560.90,15.01,954.88,495.62
009,96,2144,31,1908,,,11,5,2019,14,23,9,558.20,15.19,954.78,496.54
009,92,1937,46,2597,,,11,5,2019,14,28,9,559.50,15.30,954.86,495.80
009,82,2075,33,2316,,,11,5,2019,14,33,9,554.80,16.18,954.73,496.92
009,95,1630,30,868,,,11,5,2019,14,38,9,559.40,17.30,954.61,498.03
009,93,1702,43,1620,,,11,5,2019,14,43,9,557.90,18.14,954.57,498.38
009,94,2220,38,4095,,,11,5,2019,14,48,9,555.70,19.51,954.63,497.80
009,85,2176,34,4095,,,11,5,2019,14,53,9,555.90,20.63,954.66,497.55
009,77,2195,29,3686,,,11,5,2019,14,58,9,555.60,22.52,954.56,498.41
009,70,2099,26,4095,,,11,5,2019,15,3,9,554.00,23.56,954.58,498.29
009,89,1586,27,4095,,,11,5,2019,15,8,9,555.40,23.94,954.59,498.20
009,77,1734,27,4095,,,11,5,2019,15,13,9,555.00,23.35,954.54,498.63
009,80,2663,29,4095,,,11,5,2019,15,18,9,556.60,23.87,954.48,499.11
009,79,2124,26,4095,,,11,5,2019,15,23,9,556.80,24.42,954.40,499.85
009,101,2577,26,4095,,,11,5,2019,15,28,9,549.00,24.41,954.48,499.10
009,82,2294,26,4095,,,11,5,2019,15,33,9,552.50,24.50,954.43,499.62
009,269,2215,37,4095,,,11,5,2019,15,38,9,557.10,24.92,954.40,499.80
009,87,2499,28,2559,,,11,5,2019,15,43,9,556.50,24.32,954.40,499.87
009,71,2916,28,2275,,,11,5,2019,15,48,9,555.00,23.55,954.51,498.85
009,90,2899,28,1019,,,11,5,2019,15,53,9,558.10,22.16,954.48,499.16
009,92,2552,32,1959,,,11,5,2019,15,58,9,558.40,22.99,954.41,499.74
009,97,2422,54,2590,,,11,5,2019,16,3,9,556.30,21.87,954.33,500.44
009,19,2211,54,2382,,,11,5,2019,16,8,9,555.90,21.25,954.45,499.41
009,20,1876,59,4095,,,11,5,2019,16,13,9,552.90,23.65,954.45,499.36
009,20,77,85,4095,,,11,5,2019,16,18,9,555.60,24.32,954.44,499.49
009,19,440,55,4095,,,11,5,2019,16,23,9,547.20,25.00,954.45,499.38
009,21,326,57,4095,,,11,5,2019,16,28,9,551.70,25.78,954.37,500.10
009,18,1030,62,4095,,,11,5,2019,16,33,9,550.90,25.84,954.45,499.42
009,18,160,67,4095,,,11,5,2019,16,38,9,550.90,25.97,954.26,501.06
009,17,9,56,4095,,,11,5,2019,16,43,9,554.30,26.92,954.25,501.18
009,18,127,56,4095,,,11,5,2019,16,48,9,553.60,27.06,954.22,501.38
009,19,12,55,4095,,,11,5,2019,16,53,9,547.50,26.86,954.18,501.73
009,17,740,56,4095,,,11,5,2019,16,58,9,548.70,26.89,954.22,501.37
009,17,524,59,4095,,,11,5,2019,17,3,9,550.30,27.04,954.18,501.80
009,19,799,55,4095,,,11,5,2019,17,8,9,551.40,26.47,954.16,501.94
009,17,840,55,4095,,,11,5,2019,17,13,9,560.70,26.27,954.29,500.81
009,18,582,59,4095,,,11,5,2019,17,18,9,555.50,26.19,954.21,501.49
009,17,600,65,4095,,,11,5,2019,17,23,9,555.00,26.49,954.23,501.28
009,26,1311,53,4095,,,11,5,2019,17,28,9,558.60,26.28,954.14,502.15
009,17,759,48,4095,,,11,5,2019,17,33,9,554.30,27.18,954.13,502.16
009,17,760,48,4095,,,11,5,2019,17,38,9,552.90,27.83,954.07,502.71
009,17,10,54,4095,,,11,5,2019,17,43,9,547.40,27.76,954.12,502.25
009,17,531,50,4095,,,11,5,2019,17,48,9,555.70,27.24,954.06,502.85
009,17,686,55,4095,,,11,5,2019,17,53,9,555.20,26.84,954.02,503.14
009,16,940,43,3862,,,11,5,2019,17,58,9,549.90,26.96,953.95,503.79
009,15,584,58,4071,,,11,5,2019,18,3,9,551.90,26.44,953.88,504.40
009,16,644,57,3596,,,11,5,2019,18,8,9,556.20,26.49,953.78,505.29
009,16,1260,54,4095,,,11,5,2019,18,13,9,558.30,26.50,953.80,505.12
009,15,1638,52,4095,,,11,5,2019,18,18,9,558.30,26.42,953.67,506.23
009,15,1836,46,4095,,,11,5,2019,18,23,9,558.50,26.73,953.75,505.52
009,16,2038,46,37,,,11,5,2019,18,28,9,548.80,25.62,953.74,505.65
009,18,2383,54,1636,,,11,5,2019,18,33,9,552.10,24.51,953.70,506.00
009,18,1452,57,1886,,,11,5,2019,18,38,9,550.40,22.01,953.58,507.02
009,17,1158,46,2360,,,11,5,2019,18,43,9,554.80,20.85,953.59,506.94
009,18,839,63,2204,,,11,5,2019,18,48,9,555.60,20.14,953.58,507.01
009,22,1218,56,1838,,,11,5,2019,18,53,9,558.50,19.58,953.49,507.79
009,19,1742,53,2060,,,11,5,2019,18,58,9,556.80,19.17,953.48,507.87
009,18,962,49,1826,,,11,5,2019,19,3,9,558.20,19.06,953.44,508.24
009,18,1732,59,1939,,,11,5,2019,19,8,9,556.40,19.04,953.45,508.11
009,17,1455,53,2918,,,11,5,2019,19,13,9,550.70,19.08,953.39,508.69
009,18,828,53,2141,,,11,5,2019,19,18,9,547.50,19.30,953.42,508.40
009,18,1062,55,2652,,,11,5,2019,19,23,9,549.40,19.60,953.31,509.39
009,18,842,45,1712,,,11,5,2019,19,28,9,546.80,20.22,953.34,509.11
009,17,2055,45,2439,,,11,5,2019,19,33,9,552.20,20.71,953.27,509.76
009,16,2897,46,1807,,,11,5,2019,19,38,9,549.70,20.80,953.22,510.16
009,18,2200,62,950,,,11,5,2019,19,43,9,552.80,20.68,953.20,510.32
009,21,2017,65,2483,,,11,5,2019,19,48,9,551.50,20.46,953.23,510.05
009,19,1429,52,2860,,,11,5,2019,19,53,9,551.40,20.42,953.30,509.42
009,18,1583,70,2427,,,11,5,2019,19,58,9,551.40,20.05,953.38,508.79
009,18,1472,76,2439,,,11,5,2019,20,3,9,551.90,19.92,953.38,508.75
009,19,1864,58,2872,,,11,5,2019,20,8,9,549.80,20.21,953.27,509.68
009,19,1008,70,2161,,,11,5,2019,20,13,9,549.90,20.27,953.18,510.53
009,18,974,64,590,,,11,5,2019,20,18,9,555.30,20.34,953.02,511.90
009,20,1132,65,1356,,,11,5,2019,20,23,9,559.00,20.22,953.05,511.66
009,18,1079,48,431,,,11,5,2019,20,28,9,555.70,19.30,953.17,510.56
009,20,694,66,1127,,,11,5,2019,20,33,9,552.40,18.54,953.34,509.08
009,25,916,57,39,,,11,5,2019,20,38,9,553.70,18.10,953.36,508.91
009,20,340,63,660,,,11,5,2019,20,43,9,553.70,17.82,953.50,507.70
009,20,990,58,2339,,,11,5,2019,20,48,9,548.10,17.68,953.43,508.30
009,19,1130,70,694,,,11,5,2019,20,53,9,549.80,17.86,953.59,506.96
009,20,1318,59,1089,,,11,5,2019,20,58,9,548.30,18.08,953.60,506.85
009,21,998,60,1796,,,11,5,2019,21,3,9,546.20,18.33,953.70,505.96
009,18,1495,59,2620,,,11,5,2019,21,8,9,547.00,18.26,953.71,505.84
009,19,1183,67,2342,,,11,5,2019,21,13,9,545.80,18.06,953.82,504.89
009,22,550,77,4065,,,12,5,2019,12,13,9,547.50,10.39,953.26,509.82
009,24,414,67,3513,,,12,5,2019,12,18,9,548.60,11.08,953.38,508.78
009,23,1208,67,146,,,12,5,2019,12,23,9,550.50,11.91,953.36,508.90
009,24,807,76,2055,,,12,5,2019,12,28,9,550.40,12.70,953.46,508.03
009,26,868,77,3070,,,12,5,2019,12,33,9,552.60,12.90,953.53,507.48
009,24,1058,76,2807,,,12,5,2019,12,38,9,547.60,13.00,953.53,507.44
009,25,232,67,2438,,,12,5,2019,12,43,9,548.30,13.26,953.62,506.66
009,22,481,63,2532,,,12,5,2019,12,48,9,554.70,14.00,953.62,506.68
009,23,783,73,4091,,,12,5,2019,12,53,9,550.40,14.86,953.66,506.35
009,23,471,86,3631,,,12,5,2019,12,58,9,548.10,14.97,953.66,506.27
009,22,849,67,3105,,,12,5,2019,13,3,9,550.00,15.60,953.65,506.39
009,23,551,77,2670,,,12,5,2019,13,8,9,555.80,16.27,953.69,506.07
009,21,1222,67,3234,,,12,5,2019,13,13,9,556.00,16.85,953.71,505.85
009,21,983,63,2543,,,12,5,2019,13,18,9,560.80,17.59,953.66,506.34
009,21,1478,72,1817,,,12,5,2019,13,23,9,563.30,17.81,953.69,506.05
009,21,1532,69,2583,,,12,5,2019,13,28,9,566.30,18.37,953.62,506.62
009,21,1767,60,1712,,,12,5,2019,13,33,9,561.20,18.75,953.67,506.26
009,23,1564,64,1817,,,12,5,2019,13,38,9,560.30,19.33,953.62,506.66
009,21,975,76,1992,,,12,5,2019,13,43,9,562.10,18.88,953.71,505.88
009,22,903,81,2294,,,12,5,2019,13,48,9,562.60,18.85,953.76,505.40
009,21,1631,81,2462,,,12,5,2019,13,53,9,562.00,19.03,953.82,504.88
009,22,1340,71,2764,,,12,5,2019,13,58,9,556.70,18.89,953.78,505.21
009,24,1140,59,2775,,,12,5,2019,14,3,9,558.40,18.46,953.81,505.03
009,22,1414,68,1952,,,12,5,2019,14,8,9,559.40,17.61,953.89,504.30
009,20,728,72,3928,,,12,5,2019,14,13,9,556.60,16.96,953.90,504.24
009,22,1158,67,4083,,,12,5,2019,14,18,9,557.90,17.91,953.90,504.23
009,22,1228,62,2737,,,12,5,2019,14,23,9,557.60,19.28,953.97,503.63
009,20,1710,64,3011,,,12,5,2019,14,28,9,554.50,20.47,953.93,503.97
009,20,1192,66,2095,,,12,5,2019,14,33,9,552.90,21.70,954.05,502.86
009,19,652,80,1768,,,12,5,2019,14,38,9,550.00,22.60,954.09,502.53
009,19,715,68,2281,,,12,5,2019,14,43,9,552.50,23.76,954.10,502.43
009,19,748,70,2473,,,12,5,2019,14,48,9,555.00,23.95,954.08,502.62
009,21,653,69,3069,,,12,5,2019,14,53,9,556.10,23.41,954.10,502.43
009,19,884,59,3801,,,12,5,2019,14,58,9,557.60,24.09,954.01,503.22
009,20,1730,52,3123,,,12,5,2019,15,3,9,557.30,24.43,954.04,502.95
009,20,1764,55,3359,,,12,5,2019,15,8,9,558.40,25.07,953.95,503.74
009,18,884,52,3214,,,12,5,2019,15,13,9,556.80,25.04,953.99,503.46
009,18,888,65,2918,,,12,5,2019,15,18,9,562.10,25.45,953.98,503.47
009,18,601,61,1902,,,12,5,2019,15,23,9,556.00,26.02,953.92,504.03
009,18,769,57,1385,,,12,5,2019,15,28,9,556.10,26.46,953.88,504.42
009,18,381,61,1691,,,12,5,2019,15,33,9,558.50,27.13,953.87,504.45
009,18,990,59,2400,,,12,5,2019,15,38,9,556.10,26.84,953.76,505.40
009,18,729,60,2465,,,12,5,2019,15,43,9,562.90,26.69,953.76,505.43
009,18,1122,58,2703,,,12,5,2019,15,48,9,558.00,25.64,953.77,505.31
009,17,588,61,2412,,,12,5,2019,15,53,9,554.40,26.00,953.71,505.90
009,18,1534,58,3711,,,12,5,2019,15,58,9,550.50,25.17,953.66,506.32
009,20,1102,53,2956,,,12,5,2019,16,3,9,549.40,25.78,953.61,506.70
009,19,782,62,2044,,,12,5,2019,16,8,9,552.30,26.96,953.69,506.07
009,18,759,49,1550,,,12,5,2019,16,13,9,566.30,27.59,953.62,506.64
009,17,899,62,256,,,12,5,2019,16,18,9,557.10,27.54,953.58,507.04
009,20,1062,67,1481,,,12,5,2019,16,23,9,555.60,27.07,953.51,507.58
009,19,1078,56,197,,,12,5,2019,16,28,9,563.00,27.43,953.44,508.21
009,19,1094,60,394,,,12,5,2019,16,33,9,557.50,27.52,953.50,507.71
009,18,1478,60,1585,,,12,5,2019,16,38,9,553.70,27.16,953.34,509.11
009,18,852,52,2459,,,12,5,2019,16,43,9,563.60,26.75,953.20,510.34
009,18,1606,54,2268,,,12,5,2019,16,48,9,553.10,27.40,953.15,510.76
009,19,1889,58,2500,,,12,5,2019,16,53,9,555.10,27.65,953.16,510.70
009,17,1775,52,2382,,,12,5,2019,16,58,9,550.40,27.34,953.05,511.63
009,17,1662,55,2316,,,12,5,2019,17,3,9,551.20,27.93,953.01,511.99
009,17,1174,66,2214,,,12,5,2019,17,8,9,551.10,27.18,952.93,512.70
009,17,663,48,2259,,,12,5,2019,17,13,9,554.80,27.80,952.82,513.61
009,17,1763,56,2272,,,12,5,2019,17,18,9,554.60,28.38,952.84,513.49
009,18,1926,61,224,,,12,5,2019,17,23,9,556.90,28.57,952.76,514.17
009,16,1646,50,2131,,,12,5,2019,17,28,9,558.10,28.13,952.71,514.59
009,16,1714,58,2739,,,12,5,2019,17,33,9,552.40,27.70,952.62,515.44
009,16,756,51,2306,,,12,5,2019,17,38,9,549.90,27.74,952.68,514.86
009,17,812,56,2390,,,12,5,2019,17,43,9,555.80,27.23,952.69,514.76
009,17,498,53,2983,,,12,5,2019,17,48,9,567.50,27.55,952.64,515.23
009,17,867,58,2531,,,12,5,2019,17,53,9,561.40,27.46,952.66,515.06
009,18,966,49,3980,,,12,5,2019,17,58,9,566.90,27.98,952.65,515.12
009,18,1102,62,308,,,12,5,2019,18,3,9,556.70,28.50,952.65,515.18
009,18,1516,57,350,,,12,5,2019,18,8,9,561.00,28.35,952.62,515.39
009,141,422,344,2870,,,12,5,2019,18,13,9,566.30,27.67,952.61,515.50
009,16,316,49,3345,,,12,5,2019,18,18,9,564.60,27.06,952.59,515.71
009,16,10,52,34,,,12,5,2019,18,23,9,554.00,27.27,952.54,516.14
009,17,543,56,2823,,,12,5,2019,18,28,9,553.80,26.96,952.55,515.98
009,17,1841,65,2929,,,12,5,2019,18,33,9,555.50,26.08,952.55,516.05
009,17,397,60,2560,,,12,5,2019,18,38,9,548.90,25.70,952.49,516.55
009,14,79,44,2284,,,12,5,2019,18,43,9,556.00,26.30,952.46,516.85
009,14,64,41,2526,,,12,5,2019,18,48,9,555.50,26.75,952.44,516.98
009,14,775,36,2247,,,12,5,2019,18,53,9,550.10,27.15,952.51,516.39
009,14,481,39,2591,,,12,5,2019,18,58,9,553.30,26.58,952.40,517.36
009,15,317,43,2216,,,12,5,2019,19,3,9,551.30,25.95,952.46,516.80
009,14,494,43,2179,,,12,5,2019,19,8,9,551.90,25.94,952.44,516.95
009,19,508,61,2380,,,12,5,2019,19,13,9,550.60,25.80,952.42,517.19
009,16,281,38,2184,,,12,5,2019,19,18,9,550.40,25.88,952.46,516.83
009,20,422,53,2434,,,12,5,2019,19,23,9,552.20,25.26,952.44,516.98
009,15,308,44,2283,,,12,5,2019,19,28,9,551.30,24.69,952.39,517.44
009,16,464,61,2766,,,12,5,2019,19,33,9,551.60,24.83,952.42,517.13
009,17,507,64,3367,,,12,5,2019,19,38,9,552.00,24.73,952.47,516.73
009,17,567,57,3377,,,12,5,2019,19,43,9,554.80,24.31,952.50,516.50
009,21,1340,68,2809,,,12,5,2019,19,48,9,552.10,23.54,952.53,516.19
009,18,797,56,3839,,,12,5,2019,19,53,9,553.70,23.65,952.49,516.56
009,23,950,53,3315,,,12,5,2019,19,58,9,556.80,23.23,952.56,515.89
009,20,604,62,3779,,,12,5,2019,20,3,9,550.70,22.75,952.52,516.26
009,19,516,61,3280,,,12,5,2019,20,8,9,550.30,22.57,952.58,515.75
009,20,220,65,2279,,,12,5,2019,20,13,9,554.10,22.33,952.56,515.89
009,22,852,75,1990,,,12,5,2019,20,18,9,549.10,22.01,952.50,516.45
009,20,846,65,1241,,,12,5,2019,20,23,9,549.90,21.49,952.58,515.79
009,18,117,54,1188,,,12,5,2019,20,28,9,551.70,21.11,952.59,515.68
009,17,270,64,177,,,12,5,2019,20,33,9,551.00,20.85,952.64,515.23
009,17,708,59,86,,,12,5,2019,20,38,9,551.00,20.85,952.56,515.93
009,19,444,76,42,,,12,5,2019,20,43,9,549.10,21.39,952.57,515.81
009,19,437,68,40,,,12,5,2019,20,48,9,553.00,21.51,952.58,515.74
009,18,466,64,768,,,12,5,2019,20,53,9,554.50,21.53,952.58,515.72
009,18,304,70,46,,,12,5,2019,20,58,9,545.80,21.45,952.66,515.06
009,19,550,73,118,,,12,5,2019,21,3,9,549.90,21.22,952.62,515.37
009,21,528,72,46,,,12,5,2019,21,8,9,549.60,21.00,952.68,514.88
009,22,354,71,86,,,12,5,2019,21,13,9,553.40,20.80,952.64,515.23
009,24,584,79,3014,,,13,5,2019,12,13,9,559.40,12.63,952.90,512.93
009,21,616,62,4062,,,13,5,2019,12,18,9,545.60,13.21,952.99,512.19
009,21,846,65,2662,,,13,5,2019,12,23,9,553.80,13.95,953.04,511.74
009,21,1651,59,4091,,,13,5,2019,12,28,9,551.80,14.72,953.14,510.82
009,23,1709,75,4095,,,13,5,2019,12,33,9,558.20,14.99,953.12,511.00
009,32,1545,65,4095,,,13,5,2019,12,38,9,553.80,15.47,953.00,512.05
009,19,1516,65,3645,,,13,5,2019,12,43,9,552.40,15.43,953.12,511.05
009,19,1583,60,3613,,,13,5,2019,12,48,9,561.90,15.45,953.15,510.81
009,21,1222,64,3739,,,13,5,2019,12,53,9,559.30,16.46,953.13,510.94
009,19,920,59,2662,,,13,5,2019,12,58,9,552.50,17.02,953.12,511.02
009,19,628,58,2681,,,13,5,2019,13,3,9,552.20,17.35,953.20,510.34
009,19,270,69,2616,,,13,5,2019,13,8,9,551.80,17.49,953.19,510.42
009,23,713,56,3038,,,13,5,2019,13,13,9,551.80,16.78,953.06,511.51
009,24,911,65,2937,,,13,5,2019,13,18,9,557.60,17.35,953.18,510.47
009,22,1510,59,4095,,,13,5,2019,13,23,9,556.90,16.06,953.22,510.13
009,23,1710,74,4095,,,13,5,2019,13,28,9,557.10,15.54,953.29,509.53
009,21,1599,62,3876,,,13,5,2019,13,33,9,557.50,17.07,953.29,509.51
009,20,654,57,3276,,,13,5,2019,13,38,9,560.20,19.15,953.39,508.70
009,20,1868,57,3345,,,13,5,2019,13,43,9,561.20,20.01,953.28,509.60
009,20,1988,56,37,,,13,5,2019,13,48,9,562.50,20.25,953.25,509.86
009,20,1486,61,723,,,13,5,2019,13,53,9,557.20,19.35,953.26,509.84
009,28,138,55,1948,,,13,5,2019,13,58,9,557.60,18.38,953.26,509.83
009,20,23,57,1273,,,13,5,2019,14,3,9,561.20,18.69,953.18,510.51
009,24,288,70,2023,,,13,5,2019,14,8,9,559.50,18.88,953.19,510.42
009,24,9,76,3142,,,13,5,2019,14,13,9,564.80,19.24,953.14,510.87
009,22,1832,65,2179,,,13,5,2019,14,18,9,560.70,20.57,953.20,510.33
009,23,1104,55,2620,,,13,5,2019,14,23,9,558.10,21.96,953.21,510.23
009,21,1156,60,3083,,,13,5,2019,14,28,9,560.20,23.38,953.17,510.59
009,21,903,54,3842,,,13,5,2019,14,33,9,553.70,25.04,953.13,510.93
009,20,668,62,4095,,,13,5,2019,14,38,9,558.90,25.83,953.10,511.22
009,20,745,57,386,,,13,5,2019,14,43,9,556.30,26.69,953.06,511.55
009,21,1086,60,49,,,13,5,2019,14,48,9,556.70,27.12,953.13,510.97
009,19,1151,51,4095,,,13,5,2019,14,53,9,557.80,27.54,953.10,511.22
009,20,910,64,4095,,,13,5,2019,14,58,9,559.70,27.63,953.10,511.17
009,18,1262,57,4095,,,13,5,2019,15,3,9,552.70,27.99,952.98,512.24
009,18,1718,45,4095,,,13,5,2019,15,8,9,556.60,28.29,953.02,511.90
009,18,1307,53,4095,,,13,5,2019,15,13,9,552.50,28.46,953.00,512.12
009,18,668,51,4095,,,13,5,2019,15,18,9,552.10,29.45,952.98,512.22
009,17,1543,53,4095,,,13,5,2019,15,23,9,552.50,30.11,952.91,512.89
009,18,1030,47,4095,,,13,5,2019,15,28,9,545.60,29.87,952.93,512.68
009,17,896,55,4095,,,13,5,2019,15,33,9,553.80,29.94,952.96,512.46
009,18,1383,47,4095,,,13,5,2019,15,38,9,555.40,30.18,952.89,513.01
009,17,1590,67,4095,,,13,5,2019,15,43,9,562.30,30.38,952.89,513.08
009,18,1670,52,4095,,,13,5,2019,15,48,9,564.60,30.62,952.83,513.54
009,19,722,48,4095,,,13,5,2019,15,53,9,557.40,30.96,952.86,513.32
009,17,651,43,4095,,,13,5,2019,15,58,9,554.40,31.27,952.77,514.12
009,18,803,55,4095,,,13,5,2019,16,3,9,552.70,31.53,952.66,515.05
009,18,836,51,4095,,,13,5,2019,16,8,9,554.50,30.71,952.53,516.18
009,17,839,57,4095,,,13,5,2019,16,13,9,555.60,30.75,952.58,515.74
009,17,72,49,4095,,,13,5,2019,16,18,9,556.60,30.54,952.50,516.44
009,17,10,41,4095,,,13,5,2019,16,23,9,552.80,30.78,952.49,516.52
009,17,11,51,4095,,,13,5,2019,16,28,9,549.40,31.38,952.49,516.51
009,18,10,51,4095,,,13,5,2019,16,33,9,546.30,31.84,952.44,516.97
009,16,10,40,4095,,,13,5,2019,16,38,9,548.60,31.32,952.23,518.81
009,10,10,9,4095,,,13,5,2019,16,43,9,560.80,31.45,952.19,519.21
009,9,977,9,4095,,,13,5,2019,16,48,9,557.40,30.50,952.13,519.69
009,9,214,9,3571,,,13,5,2019,16,53,9,553.50,30.06,952.10,519.93
009,9,39,8,3398,,,13,5,2019,16,58,9,559.00,30.59,952.03,520.57
009,9,35,9,3128,,,13,5,2019,17,3,9,559.40,30.12,952.01,520.78
009,10,10,10,3857,,,13,5,2019,17,8,9,556.50,29.27,951.94,521.33
009,8,8,8,4095,,,13,5,2019,17,13,9,559.50,29.18,951.98,521.00
009,9,9,10,3737,,,13,5,2019,17,18,9,554.40,29.90,951.95,521.29
009,9,10,10,3164,,,13,5,2019,17,23,9,555.70,30.83,951.89,521.79
009,9,8,9,2751,,,13,5,2019,17,28,9,562.00,30.15,951.95,521.24
009,9,10,9,3318,,,13,5,2019,17,33,9,555.80,31.01,951.93,521.46
009,10,10,10,3152,,,13,5,2019,17,38,9,551.60,30.89,951.91,521.61
009,9,10,10,2867,,,13,5,2019,17,43,9,548.60,30.93,951.85,522.12
009,9,9,9,2384,,,13,5,2019,17,48,9,555.10,30.74,951.84,522.24
009,8,8,9,3831,,,13,5,2019,17,53,9,556.60,31.45,951.87,521.96
009,9,9,10,2950,,,13,5,2019,17,58,9,554.90,31.36,951.88,521.92
009,9,10,9,3230,,,13,5,2019,18,3,9,561.30,31.05,951.83,522.30
009,10,10,10,2726,,,13,5,2019,18,8,9,556.20,30.62,951.77,522.87
009,9,10,9,3625,,,13,5,2019,18,13,9,558.30,31.46,951.84,522.26
009,10,10,10,4095,,,13,5,2019,18,18,9,560.60,32.23,951.84,522.27
009,8,9,8,4095,,,13,5,2019,18,23,9,557.50,33.03,951.84,522.22
009,9,9,9,4095,,,13,5,2019,18,28,9,554.60,33.35,951.82,522.41
009,9,9,9,4095,,,13,5,2019,18,33,9,557.60,33.21,951.78,522.76
009,9,9,9,4095,,,13,5,2019,18,38,9,557.40,32.87,951.74,523.11
009,9,9,9,4095,,,13,5,2019,18,43,9,556.30,33.41,951.68,523.64
009,10,10,10,4095,,,13,5,2019,18,48,9,556.30,32.94,951.70,523.44
009,10,10,10,4095,,,13,5,2019,18,53,9,555.80,32.77,951.70,523.43
009,10,10,10,4095,,,13,5,2019,18,58,9,550.50,33.18,951.75,523.00
009,9,10,10,4095,,,13,5,2019,19,3,9,562.50,32.36,951.73,523.19
009,9,9,9,2564,,,13,5,2019,19,8,9,565.00,30.83,951.67,523.69
009,9,9,9,2055,,,13,5,2019,19,13,9,559.60,31.12,951.65,523.92
009,8,9,9,1699,,,13,5,2019,19,18,9,555.00,31.46,951.70,523.47
009,9,10,10,3906,,,13,5,2019,19,23,9,555.60,31.58,951.67,523.70
009,9,9,9,2551,,,13,5,2019,19,28,9,554.10,30.99,951.65,523.89
009,9,10,10,2370,,,13,5,2019,19,33,9,559.10,30.94,951.64,524.03
009,9,10,10,3475,,,13,5,2019,19,38,9,558.40,32.13,951.69,523.51
009,8,8,9,3364,,,13,5,2019,19,43,9,554.80,31.77,951.65,523.90
009,8,78,8,18,,,14,5,2019,6,11,54,561.50,11.37,951.49,525.27
009,8,11,8,6,,,14,5,2019,6,16,54,564.40,11.41,951.48,525.40
009,7,8,8,292,,,14,5,2019,6,21,54,557.00,11.87,951.41,525.98
009,8,105,8,448,,,14,5,2019,6,26,54,561.00,12.23,951.35,526.52
009,8,41,8,6,,,14,5,2019,6,31,54,558.30,12.33,951.33,526.70
009,7,89,7,5,,,14,5,2019,6,36,54,557.40,12.47,951.33,526.69
009,8,44,8,3,,,14,5,2019,6,41,54,561.20,12.33,951.31,526.87
009,7,36,7,4,,,14,5,2019,6,46,54,558.80,11.99,951.30,526.95
009,8,100,8,334,,,14,5,2019,6,51,54,559.10,11.27,951.29,527.06
009,7,69,8,5,,,14,5,2019,6,56,54,560.60,11.16,951.28,527.14
009,7,31,7,3,,,14,5,2019,7,1,54,561.20,11.28,951.22,527.70
009,8,11,7,5,,,14,5,2019,7,6,54,562.40,11.06,951.26,527.31
009,8,238,8,356,,,14,5,2019,7,11,54,559.40,10.52,951.19,527.95
009,8,133,8,4,,,14,5,2019,7,16,54,556.20,10.41,951.15,528.31
009,8,47,8,5,,,14,5,2019,7,21,54,557.40, NAN, NAN, NAN
009,8,74,8,4,,,14,5,2019,7,26,54,552.30,10.45,951.15,528.28
009,7,8,8,3,,,14,5,2019,7,31,54,549.10,10.49,951.14,528.37
009,7,8,8,4,,,14,5,2019,7,36,54,550.80,10.73,951.11,528.65
009,8,8,8,4,,,14,5,2019,7,41,54,558.50,10.93,951.05,529.18
009,8,8,9,4,,,14,5,2019,7,46,54,558.10,10.81,951.00,529.59
009,8,8,8,3,,,14,5,2019,7,51,54,554.50,10.60,950.95,530.00
009,8,8,8,3,,,14,5,2019,7,56,54,556.20,10.57,950.90,530.44
009,7,8,8,3,,,14,5,2019,8,1,54,557.80,10.83,950.92,530.31
009,8,8,8,3,,,14,5,2019,8,6,54,557.10,11.11,950.86,530.85
009,7,8,8,422,,,14,5,2019,8,11,54,555.40,10.95,950.79,531.45
009,7,10,8,2,,,14,5,2019,8,16,54,558.80,10.59,950.87,530.72
009,7,47,8,282,,,14,5,2019,8,21,54,553.10,10.08,950.76,531.73
009,7,262,8,450,,,14,5,2019,8,26,54,552.80,10.12,950.77,531.64
009,7,161,8,369,,,14,5,2019,8,31,54,555.90,10.32,950.71,532.10
009,8,258,8,334,,,14,5,2019,8,36,54,557.80,10.31,950.70,532.19
009,8,7,8,5,,,14,5,2019,8,41,54,555.50,10.56,950.66,532.59
009,8,8,8,4,,,14,5,2019,8,46,54,561.70,10.82,950.60,533.11
009,8,96,8,4,,,14,5,2019,8,51,54,554.40,10.79,950.61,533.03
009,8,8,8,3,,,14,5,2019,8,56,54,548.40,10.72,950.59,533.14
009,8,8,8,4,,,14,5,2019,9,1,54,557.80,10.76,950.61,533.05
009,7,132,8,2,,,14,5,2019,9,6,54,556.70,10.91,950.74,531.92
009,8,8,8,4,,,14,5,2019,9,11,54,555.00,10.82,950.72,532.05
009,7,182,9,3,,,14,5,2019,9,16,54,560.50,10.84,950.68,532.40
009,7,8,8,1,,,14,5,2019,9,21,54,557.40,10.94,950.70,532.19
009,8,8,8,0,,,14,5,2019,9,26,54,553.90,10.91,950.81,531.26
009,7,8,7,5,,,14,5,2019,9,31,54,555.30,10.63,950.82,531.17
009,7,8,8,580,,,14,5,2019,9,36,54,555.60,10.37,950.78,531.50
009,7,9,7,766,,,14,5,2019,9,41,54,553.00,10.12,950.81,531.22
009,7,7,7,446,,,14,5,2019,9,46,54,552.30,10.13,950.83,531.08
009,8,7,7,409,,,14,5,2019,9,51,54,554.00,10.22,950.79,531.40
009,8,7,7,408,,,14,5,2019,9,56,54,555.00,10.41,950.83,531.04
009,8,8,8,648,,,14,5,2019,10,1,54,558.20,10.56,950.74,531.90
009,8,7,8,294,,,14,5,2019,10,6,54,555.50,10.59,950.73,531.97
009,7,8,7,218,,,14,5,2019,10,11,54,559.30,10.52,950.87,530.76
009,8,8,8,1361,,,14,5,2019,10,16,54,558.80,10.17,950.85,530.91
009,7,102,8,40,,,14,5,2019,10,21,54,560.70,9.74,950.91,530.34
009,8,8,7,41,,,14,5,2019,10,26,54,563.00,9.42,950.91,530.34
009,7,9,8,5,,,14,5,2019,10,31,54,557.90,9.12,950.93,530.21
009,8,40,7,6,,,14,5,2019,10,36,54,557.50,8.96,951.04,529.22
009,7,7,7,5,,,14,5,2019,10,41,54,557.20,9.08,951.01,529.50
009,8,8,7,339,,,14,5,2019,10,46,54,556.60,9.38,951.06,529.10
009,7,7,8,600,,,14,5,2019,10,51,54,558.00,9.67,951.14,528.33
009,8,8,8,1126,,,14,5,2019,10,56,54,555.80,10.01,951.09,528.79
009,8,8,8,1310,,,14,5,2019,11,1,54,558.60,10.19,951.14,528.33
009,8,9,9,1164,,,14,5,2019,11,6,54,558.70,10.23,951.19,527.92
009,7,8,7,1358,,,14,5,2019,11,11,54,552.80,10.37,951.13,528.47
009,8,14,8,1060,,,14,5,2019,11,16,54,559.70,10.41,951.18,528.00
009,8,8,8,1230,,,14,5,2019,11,21,54,558.00,10.40,951.12,528.52
009,8,8,8,844,,,14,5,2019,11,26,54,558.70,10.27,951.08,528.91
009,8,10,8,1590,,,14,5,2019,11,31,54,557.40,10.21,951.07,528.98
009,8,9,8,1949,,,14,5,2019,11,36,54,556.60,10.25,951.13,528.43
009,8,8,8,1769,,,14,5,2019,11,41,54,557.40,10.37,951.21,527.72
009,8,8,8,1508,,,14,5,2019,11,46,54,559.50,10.52,951.35,526.56
009,8,8,9,1519,,,14,5,2019,11,51,54,557.70,10.42,951.29,527.03
009,8,8,8,1566,,,14,5,2019,11,56,54,556.30,10.76,951.28,527.15
009,8,236,8,2305,,,14,5,2019,12,1,54,556.30,11.83,951.33,526.73
009,8,95,8,3046,,,14,5,2019,12,6,54,558.00,12.41,951.33,526.70
009,8,740,8,3123,,,14,5,2019,12,11,54,555.80,13.51,951.42,525.91
009,8,252,9,3394,,,14,5,2019,12,16,54,557.70,14.35,951.37,526.31
009,8,455,8,2140,,,14,5,2019,12,21,54,560.50,15.01,951.44,525.76
009,8,526,8,1280,,,14,5,2019,12,26,54,558.30,15.37,951.45,525.68
009,8,54,8,3385,,,14,5,2019,12,31,54,558.20,15.78,951.51,525.12
009,8,17,8,3404,,,14,5,2019,12,36,54,558.20,16.22,951.51,525.12
009,8,9,8,3939,,,14,5,2019,12,41,54,555.60,16.83,951.52,525.03
009,8,870,9,3584,,,14,5,2019,12,46,54,553.50,17.80,951.52,525.04
009,9,63,9,3702,,,14,5,2019,12,51,54,553.50,17.49,951.47,525.50
009,8,178,8,3225,,,14,5,2019,12,56,54,557.50,17.28,951.52,525.00
009,8,8,8,2719,,,14,5,2019,13,1,54,559.10,17.28,951.57,524.56
009,9,9,9,3103,,,14,5,2019,13,6,54,560.20, NAN, NAN, NAN
009,8,8,8,3174,,,14,5,2019,13,11,54,557.40,18.24,951.60,524.38
009,9,9,9,3859,,,14,5,2019,13,16,54,556.80,18.88,951.58,524.50
009,8,93,9,2563,,,14,5,2019,13,21,54,558.30,19.45,951.59,524.43
009,8,588,8,2481,,,14,5,2019,13,26,54,560.20, NAN, NAN, NAN
009,9,116,8,2045,,,14,5,2019,13,31,54,560.30,19.62,951.63,524.03
009,8,297,8,479,,,14,5,2019,13,36,54,558.70, NAN, NAN, NAN
009,8,469,8,1292,,,14,5,2019,13,41,54,564.20,20.12,951.70,523.44
009,9,204,9,791,,,14,5,2019,13,46,54,564.40,20.38,951.67,523.75
009,9,518,9,1217,,,14,5,2019,13,51,54,558.90,20.75,951.78,522.74
009,9,318,9,1065,,,14,5,2019,13,56,54,557.10, NAN, NAN, NAN
009,9,1407,9,2599,,,14,5,2019,14,1,54,559.10, NAN, NAN, NAN
009,9,1184,10,2579,,,14,5,2019,14,6,54,558.30, NAN, NAN, NAN
009,9,226,9,1602,,,14,5,2019,14,11,54,558.50, NAN, NAN, NAN
009,9,944,9,2983,,,14,5,2019,14,16,54,559.90, NAN, NAN, NAN
009,8,1062,8,2936,,,14,5,2019,14,21,54,561.00,22.73,951.74,523.13
009,9,110,9,697,,,14,5,2019,14,26,54,555.90,23.50,951.71,523.36
009,9,9,9,2040,,,14,5,2019,14,31,54,556.30, NAN, NAN, NAN
009,9,788,9,3287,,,14,5,2019,14,36,54,551.30,25.15,951.61,524.21
009,9,9,9,2917,,,14,5,2019,14,41,54,561.30, NAN, NAN, NAN
009,9,1644,9,2559,,,14,5,2019,14,46,54,558.30,24.83,951.62,524.18
009,9,529,10,2737,,,14,5,2019,14,51,54,559.80, NAN, NAN, NAN
009,9,486,9,2776,,,14,5,2019,14,56,54,560.50, NAN, NAN, NAN
009,9,1104,9,2520,,,14,5,2019,15,1,54,555.80, NAN, NAN, NAN
009,9,975,9,2560,,,14,5,2019,15,6,54,557.30, NAN, NAN, NAN
009,9,1027,9,93,,,14,5,2019,15,11,54,560.00, NAN, NAN, NAN
009,8,1572,9,8,,,14,5,2019,15,16,54,551.00, NAN, NAN, NAN
009,1489,1263,1379,4095,,,14,5,2019,15,21,54,561.80,26.77,951.58,524.51
009,1598,1046,1452,1430,,,14,5,2019,15,26,54,558.20,28.07,951.52,525.08
009,1585,1566,1486,4076,,,14,5,2019,15,31,54,559.90,27.56,951.52,525.07
009,1614,1326,1494,1431,,,14,5,2019,15,36,54,556.20,28.21,951.53,524.97
009,1652,1831,1534,2080,,,14,5,2019,15,41,54,558.90,28.04,951.48,525.41
009,1666,1205,1522,2684,,,14,5,2019,15,46,54,562.70,27.67,951.46,525.56
009,1683,1708,1532,2844,,,14,5,2019,15,51,54,563.20,28.14,951.45,525.66
009,1684,1351,1542,1494,,,14,5,2019,15,56,54,559.60,28.43,951.45,525.64
009,10,975,10,1768,,,14,5,2019,16,1,54,560.80,28.77,951.36,526.40
009,9,1180,9,2735,,,14,5,2019,16,6,54,561.40,28.01,951.39,526.14
009,9,451,9,2520,,,14,5,2019,16,11,54,562.90,27.94,951.37,526.37
009,8,292,9,2092,,,14,5,2019,16,16,54,557.50,28.66,951.35,526.52
009,8,1336,9,1787,,,14,5,2019,16,21,54,556.70,29.03,951.32,526.76
009,9,979,9,381,,,14,5,2019,16,26,54,553.60,29.36,951.33,526.70
009,9,338,9,2352,,,14,5,2019,16,31,54,563.60,28.75,951.27,527.23
009,9,82,9,945,,,14,5,2019,16,36,54,558.70,29.32,951.17,528.15
009,9,978,9,2377,,,14,5,2019,16,41,54,558.90,28.76,951.17,528.07
009,9,455,9,1550,,,14,5,2019,16,46,54,555.60,28.98,951.09,528.79
009,9,739,9,86,,,14,5,2019,16,51,54,554.30,29.80,950.97,529.82
009,8,1614,9,56,,,14,5,2019,16,56,54,555.60,29.12,950.88,530.64
009,8,1531,9,47,,,14,5,2019,17,1,54,555.00,30.38,950.85,530.87
009,8,1638,9,8,,,14,5,2019,17,6,54,555.10,29.73,950.75,531.76
009,9,1422,9,526,,,14,5,2019,17,11,54,552.80,29.61,950.69,532.31
009,9,1423,9,242,,,14,5,2019,17,16,54,551.80,29.50,950.65,532.66
009,9,1358,9,278,,,14,5,2019,17,21,54,552.80,29.29,950.65,532.62
009,9,1407,9,277,,,14,5,2019,17,26,54,555.30,29.57,950.59,533.18
009,8,1455,9,8,,,14,5,2019,17,31,54,550.70,30.94,950.49,534.09
009,9,1641,9,9,,,14,5,2019,17,36,54,553.50,31.22,950.47,534.27
009,9,1593,9,8,,,14,5,2019,17,41,54,554.90,31.20,950.42,534.68
009,9,1655,9,9,,,14,5,2019,17,46,54,559.40,31.30,950.46,534.31
009,9,1575,9,8,,,14,5,2019,17,51,54,562.20,31.37,950.46,534.37
009,8,1532,9,584,,,14,5,2019,17,56,54,564.70,31.49,950.32,535.58
009,9,1365,9,8,,,14,5,2019,18,1,54,566.80,31.49,950.31,535.65
009,9,1526,9,4080,,,14,5,2019,18,6,54,563.00,32.36,950.19,536.69
009,9,1532,9,4095,,,14,5,2019,18,11,54,560.20,33.24,950.21,536.53
009,9,1476,10,4095,,,14,5,2019,18,16,54,556.90,32.88,950.18,536.75
009,10,1471,10,4095,,,14,5,2019,18,21,54,556.30,31.63,950.06,537.83
009,9,1510,9,273,,,14,5,2019,18,26,54,555.80,31.22,950.07,537.75
009,9,1640,9,182,,,14,5,2019,18,31,54,559.40,30.89,950.04,537.99
009,10,1175,9,131,,,14,5,2019,18,36,54,556.90,31.66,950.05,537.95
009,9,1366,9,82,,,14,5,2019,18,41,54,559.60,31.56,950.01,538.28
009,9,1510,9,117,,,14,5,2019,18,46,54,557.10,31.00,950.00,538.40
009,9,1233,9,18,,,14,5,2019,18,51,54,555.80,31.09,949.98,538.56
009,9,1720,9,19,,,14,5,2019,18,56,54,557.60,31.29,950.00,538.36
009,9,1891,9,1915,,,14,5,2019,19,1,54,553.10,32.13,950.05,537.89
009,8,8,8,3,,,15,5,2019,6,11,54,557.50,11.68,948.79,548.97
009,7,8,8,2,,,15,5,2019,6,16,54,556.50,11.87,948.68,549.92
009,7,8,8,3,,,15,5,2019,6,21,54,550.70,12.01,948.81,548.80
009,8,315,9,2,,,15,5,2019,6,26,54,553.40,12.06,948.81,548.76
009,8,316,8,2,,,15,5,2019,6,31,54,558.70,12.31,948.82,548.71
009,8,306,8,3,,,15,5,2019,6,36,54,554.90,12.23,948.85,548.45
009,8,220,8,5,,,15,5,2019,6,41,54,555.90,12.11,948.80,548.87
009,8,208,8,3,,,15,5,2019,6,46,54,557.70,12.27,948.88,548.22
009,8,244,9,4,,,15,5,2019,6,51,54,559.50,12.74,948.84,548.54
009,8,316,8,2,,,15,5,2019,6,56,54,559.70,13.05,948.74,549.38
009,8,214,8,3,,,15,5,2019,7,1,54,559.70,13.12,948.74,549.46
009,8,256,8,3,,,15,5,2019,7,6,54,562.70,13.30,948.69,549.87
009,8,243,8,11,,,15,5,2019,7,11,54,550.70,13.25,948.68,549.97
009,8,216,8,356,,,15,5,2019,7,16,54,556.70,13.08,948.61,550.53
009,9,234,8,5,,,15,5,2019,7,21,54,554.10,12.94,948.62,550.49
009,8,144,8,4,,,15,5,2019,7,26,54,552.00,12.64,948.54,551.15
009,8,262,8,3,,,15,5,2019,7,31,54,546.50,12.91,948.48,551.73
009,8,146,8,3,,,15,5,2019,7,36,54,556.20,12.96,948.47,551.79
009,8,183,8,4,,,15,5,2019,7,41,54,556.80,12.86,948.62,550.49
009,8,214,9,483,,,15,5,2019,7,46,54,555.00,12.63,948.65,550.19
009,8,213,8,3,,,15,5,2019,7,51,54,558.30,12.20,948.71,549.72
009,8,148,8,3,,,15,5,2019,7,56,54,551.00,12.31,948.73,549.47
009,8,120,8,3,,,15,5,2019,8,1,54,555.20,12.14,948.77,549.18
009,8,160,8,2,,,15,5,2019,8,6,54,561.20,12.53,948.76,549.25
009,8,206,8,3,,,15,5,2019,8,11,54,558.80,13.17,948.77,549.14
009,8,314,9,422,,,15,5,2019,8,16,54,555.60,13.71,948.89,548.11
009,8,435,9,3,,,15,5,2019,8,21,54,554.30,13.09,948.88,548.22
009,8,370,8,389,,,15,5,2019,8,26,54,556.90,11.89,948.95,547.59
009,8,213,8,3,,,15,5,2019,8,31,54,552.70,11.20,948.92,547.86
009,7,198,8,454,,,15,5,2019,8,36,54,557.40,10.87,948.91,547.96
009,8,404,8,3,,,15,5,2019,8,41,54,561.90,10.96,948.88,548.20
009,8,407,8,2,,,15,5,2019,8,46,54,553.70,11.36,948.92,547.82
009,8,135,8,1,,,15,5,2019,8,51,54,558.00,11.85,948.94,547.70
009,8,266,8,2,,,15,5,2019,8,56,54,564.90,11.60,948.90,548.05
009,8,206,8,2,,,15,5,2019,9,1,54,560.30,11.14,948.81,548.78
009,8,182,8,4,,,15,5,2019,9,6,54,559.00,10.80,948.80,548.89
009,8,248,8,2,,,15,5,2019,9,11,54,563.10,10.98,948.81,548.82
009,8,165,8,348,,,15,5,2019,9,16,54,566.40,11.16,948.81,548.77
009,8,406,8,2,,,15,5,2019,9,21,54,558.10,11.07,948.73,549.53
009,8,338,8,5,,,15,5,2019,9,26,54,555.70,11.47,948.88,548.17
009,8,292,8,4,,,15,5,2019,9,31,54,554.90,11.42,948.87,548.28
009,9,366,8,3,,,15,5,2019,9,36,54,555.50,11.40,948.84,548.57
009,8,336,8,238,,,15,5,2019,9,41,54,551.00,11.78,948.80,548.92
009,9,231,8,174,,,15,5,2019,9,46,54,552.40,12.09,948.80,548.87
009,8,368,8,771,,,15,5,2019,9,51,54,559.10,12.09,948.85,548.46
009,8,356,8,6,,,15,5,2019,9,56,54,553.60,11.58,948.86,548.37
009,8,331,8,2,,,15,5,2019,10,1,54,551.80,11.10,948.92,547.85
009,8,301,8,2,,,15,5,2019,10,6,54,555.80,10.86,948.88,548.22
009,8,268,8,2,,,15,5,2019,10,11,54,557.70,10.77,949.03,546.85
009,8,338,8,2,,,15,5,2019,10,16,54,555.10,10.39,948.98,547.31
009,8,249,8,359,,,15,5,2019,10,21,54,557.70,9.99,948.97,547.37
009,8,99,8,1078,,,15,5,2019,10,26,54,556.20,9.95,949.01,547.06
009,8,210,8,420,,,15,5,2019,10,31,54,555.50,10.23,948.90,547.97
009,8,169,8,249,,,15,5,2019,10,36,54,554.50,10.56,948.93,547.79
009,8,240,8,416,,,15,5,2019,10,41,54,555.40,10.19,948.90,548.00
009,8,204,8,523,,,15,5,2019,10,46,54,554.90,10.05,948.97,547.36
009,8,197,8,5,,,15,5,2019,10,51,54,554.90,10.43,948.87,548.30
009,8,198,8,39,,,15,5,2019,10,56,54,560.30,10.61,948.79,548.96
009,8,244,9,752,,,15,5,2019,11,1,54,556.90,10.27,948.90,548.00
009,8,262,8,995,,,15,5,2019,11,6,54,555.50,9.98,948.77,549.15
009,8,205,8,813,,,15,5,2019,11,11,54,553.50,9.81,948.83,548.61
009,9,125,8,1423,,,15,5,2019,11,16,54,558.30,9.60,948.88,548.22
009,8,169,8,1632,,,15,5,2019,11,21,54,558.20,9.63,948.92,547.87
009,8,177,8,1508,,,15,5,2019,11,26,54,556.80,9.22,949.04,546.79
009,8,153,8,366,,,15,5,2019,11,31,54,557.50,8.73,949.06,546.57
009,8,159,8,332,,,15,5,2019,11,36,54,553.00,8.61,949.02,546.96
009,8,132,8,1734,,,15,5,2019,11,41,54,552.90,9.15,949.11,546.20
009,8,226,8,2158,,,15,5,2019,11,46,54,553.00,9.47,949.18,545.54
009,8,202,8,2574,,,15,5,2019,11,51,54,556.90,9.92,949.18,545.60
009,8,236,8,3047,,,15,5,2019,11,56,54,555.70,10.21,949.19,545.47
009,8,312,8,2769,,,15,5,2019,12,1,54,552.60,11.26,949.20,545.37
009,8,310,8,2854,,,15,5,2019,12,6,54,555.10,12.23,949.27,544.80
009,8,295,8,3262,,,15,5,2019,12,11,54,554.10,12.83,949.23,545.12
009,8,248,8,3208,,,15,5,2019,12,16,54,558.30,13.21,949.32,544.30
009,8,280,8,3202,,,15,5,2019,12,21,54,559.30,13.45,949.29,544.58
009,8,422,8,3218,,,15,5,2019,12,26,54,560.20,13.09,949.30,544.54
009,8,310,8,3551,,,15,5,2019,12,31,54,554.50,13.78,949.48,542.91
009,8,278,8,2739,,,15,5,2019,12,36,54,559.00,14.68,949.53,542.46
009,8,296,8,2648,,,15,5,2019,12,41,54,555.00,16.01,949.50,542.75
009,8,612,8,3782,,,15,5,2019,12,46,54,555.50,16.75,949.47,543.00
009,8,543,9,3750,,,15,5,2019,12,51,54,556.50,17.22,949.39,543.70
009,8,800,8,3660,,,15,5,2019,12,56,54,556.80,16.85,949.59,542.00
009,8,951,8,3719,,,15,5,2019,13,1,54,557.80,17.04,949.55,542.31
009,8,1294,8,3236,,,15,5,2019,13,6,54,558.40,17.58,949.69,541.06
009,754,2144,694,4095,,,15,5,2019,13,11,54,557.80,17.73,949.67,541.22
009,806,2564,716,4095,,,15,5,2019,13,16,54,558.20,18.48,949.81,540.07
009,826,2327,743,4095,,,15,5,2019,13,21,54,558.10,19.31,949.81,540.01
009,897,2653,830,3634,,,15,5,2019,13,26,54,558.10,19.69,949.76,540.47
009,950,870,870,4092,,,15,5,2019,13,31,54,560.00,20.45,949.67,541.29
009,1025,3128,918,4095,,,15,5,2019,13,36,54,566.80,21.37,949.56,542.25
009,1063,2548,955,3441,,,15,5,2019,13,41,54,560.30,22.64,949.56,542.26
009,1062,2322,992,2521,,,15,5,2019,13,46,54,561.80,23.16,949.62,541.72
009,1110,2782,1014,2530,,,15,5,2019,13,51,54,558.10,23.28,949.69,541.07
009,1152,3060,1023,1803,,,15,5,2019,13,56,54,558.60,22.93,949.69,541.09
009,1170,2191,1070,2785,,,15,5,2019,14,1,54,560.10,22.87,949.70,540.98
009,1188,775,1078,2936,,,15,5,2019,14,6,54,560.70,22.59,949.70,540.95
009,1212,950,1094,2139,,,15,5,2019,14,11,54,560.90,23.17,949.76,540.46
009,1234,1085,1132,2128,,,15,5,2019,14,16,54,556.50,23.20,949.66,541.39
009,1249,1710,1142,2819,,,15,5,2019,14,21,54,558.90,23.44,949.60,541.86
009,1314,1853,1199,3038,,,15,5,2019,14,26,54,559.60,22.82,949.58,542.08
009,1302,1774,1163,2790,,,15,5,2019,14,31,54,556.80,23.24,949.53,542.47
009,1307,3081,1187,3360,,,15,5,2019,14,36,54,552.00,23.41,949.54,542.43
009,1340,3320,1207,3401,,,15,5,2019,14,41,54,552.20,23.88,949.57,542.09
009,1408,1591,1318,4095,,,15,5,2019,14,46,54,557.00,24.22,949.66,541.35
009,1444,2328,1331,4095,,,15,5,2019,14,51,54,558.00,24.01,949.60,541.89
009,1506,1892,1363,4095,,,15,5,2019,14,56,54,554.40,24.19,949.60,541.84
009,1526,2952,1378,4095,,,15,5,2019,15,1,54,555.10,24.31,949.59,542.00
009,1518,2201,1378,4095,,,15,5,2019,15,6,54,555.90,23.81,949.59,541.93
009,1510,2745,1395,3839,,,15,5,2019,15,11,54,558.30,25.14,949.57,542.16
009,1491,2088,1374,4032,,,15,5,2019,15,16,54,554.30,25.64,949.61,541.78
009,1504,2977,1378,4095,,,15,5,2019,15,21,54,558.80,26.05,949.50,542.72
009,1542,2052,1414,3321,,,15,5,2019,15,26,54,556.30,26.43,949.56,542.24
009,1504,1716,1409,4095,,,15,5,2019,15,31,54,558.30,27.46,949.55,542.31
009,1590,1806,1447,4095,,,15,5,2019,15,36,54,555.40,27.57,949.51,542.65
009,1551,2353,1444,1417,,,15,5,2019,15,41,54,563.90,27.12,949.61,541.74
009,1598,2267,1456,1475,,,15,5,2019,15,46,54,563.00,27.21,949.58,542.08
009,1636,1003,1508,1522,,,15,5,2019,15,51,54,560.40,28.26,949.47,543.03
009,1651,2712,1558,1865,,,15,5,2019,15,56,54,558.30,27.89,949.42,543.46
009,9,1190,9,58,,,15,5,2019,16,1,54,556.90,28.87,949.52,542.59
009,8,1207,8,11,,,15,5,2019,16,6,54,559.40,28.47,949.57,542.15
009,9,1039,9,9,,,15,5,2019,16,11,54,559.40,29.79,949.57,542.18
009,8,1527,8,8,,,15,5,2019,16,16,54,559.50,29.06,949.61,541.81
009,9,1542,9,33,,,15,5,2019,16,21,54,553.90,28.57,949.41,543.56
009,9,467,9,10,,,15,5,2019,16,26,54,563.20,28.50,949.37,543.91
009,8,284,9,169,,,15,5,2019,16,31,54,555.50,29.04,949.29,544.56
009,9,1159,9,9,,,15,5,2019,16,36,54,552.40,28.97,949.26,544.85
009,9,724,9,19,,,15,5,2019,16,41,54,553.10,28.84,949.16,545.74
009,9,22,9,9,,,15,5,2019,16,46,54,551.90,29.50,949.09,546.39
009,9,9,9,112,,,15,5,2019,16,51,54,550.00,28.78,949.03,546.91
009,9,133,9,491,,,15,5,2019,16,56,54,550.90,28.10,948.88,548.23
009,9,109,9,75,,,15,5,2019,17,1,54,551.20,28.88,948.81,548.77
009,8,36,8,593,,,15,5,2019,17,6,54,549.60,28.55,948.73,549.53
009,9,1460,9,1606,,,15,5,2019,17,11,54,553.30,27.18,948.67,550.07
009,9,1569,9,2403,,,15,5,2019,17,16,54,556.20,27.01,948.73,549.47
009,9,1347,8,3332,,,15,5,2019,17,21,54,559.50,27.19,948.74,549.45
009,9,1422,10,1873,,,15,5,2019,17,26,54,553.50,27.67,948.68,549.92
009,10,1561,9,2979,,,15,5,2019,17,31,54,554.00,26.82,948.61,550.60
009,8,1523,8,2755,,,15,5,2019,17,36,54,556.50,26.12,948.60,550.66
009,8,2006,9,2217,,,15,5,2019,17,41,54,556.30,25.90,948.58,550.84
009,8,1924,8,1860,,,15,5,2019,17,46,54,560.70,26.13,948.46,551.85
009,8,1750,9,3137,,,15,5,2019,17,51,54,559.10,26.86,948.54,551.20
009,9,1735,9,3008,,,15,5,2019,17,56,54,559.60,26.43,948.55,551.12
009,9,1601,9,2560,,,15,5,2019,18,1,54,556.40,26.47,948.51,551.46
009,8,2252,8,3507,,,15,5,2019,18,6,54,555.40,25.43,948.42,552.26
009,8,2301,8,3271,,,15,5,2019,18,11,54,557.90,25.85,948.38,552.62
009,9,1920,9,1734,,,15,5,2019,18,16,54,554.40,26.42,948.40,552.44
009,8,2135,9,3020,,,15,5,2019,18,21,54,556.80,25.92,948.29,553.40
009,8,2175,8,2524,,,15,5,2019,18,26,54,556.30,25.68,948.36,552.75
009,9,2130,9,2886,,,15,5,2019,18,31,54,559.40,25.81,948.26,553.65
009,9,2159,9,1991,,,15,5,2019,18,36,54,561.80,25.50,948.28,553.43
009,8,2083,8,3003,,,15,5,2019,18,41,54,559.90,25.47,948.35,552.83
009,8,546,9,2039,,,15,5,2019,18,46,54,559.10,25.88,948.32,553.09
009,8,548,8,1948,,,15,5,2019,18,51,54,559.00,25.41,948.21,554.06
009,9,726,9,2150,,,15,5,2019,18,56,54,561.80,25.55,948.23,553.94
009,9,663,9,2049,,,15,5,2019,19,1,54,555.10,25.46,948.23,553.91
009,9,8,10,516,,,16,5,2019,6,11,54,559.10,8.01,948.63,550.43
009,9,318,9,539,,,16,5,2019,6,16,54,555.70,8.04,948.51,551.40
009,9,230,10,605,,,16,5,2019,6,21,54,553.90,7.81,948.52,551.39
009,9,336,12,668,,,16,5,2019,6,26,54,557.50,7.72,948.42,552.26
009,9,514,10,708,,,16,5,2019,6,31,54,552.80,7.72,948.35,552.88
009,10,580,9,296,,,16,5,2019,6,36,54,554.90,7.67,948.47,551.79
009,9,599,9,768,,,16,5,2019,6,41,54,560.50,7.67,948.44,552.04
009,9,598,9,600,,,16,5,2019,6,46,54,558.10,7.76,948.35,552.84
009,8,566,10,640,,,16,5,2019,6,51,54,559.00,7.66,948.29,553.40
009,9,614,11,665,,,16,5,2019,6,56,54,556.30,7.68,948.34,552.95
009,10,658,13,654,,,16,5,2019,7,1,54,554.70,7.63,948.27,553.54
009,9,636,10,380,,,16,5,2019,7,6,54,551.70,7.57,948.21,554.05
009,9,644,11,664,,,16,5,2019,7,11,54,553.80,7.71,948.09,555.16
009,9,562,9,680,,,16,5,2019,7,16,54,549.60,7.66,948.15,554.64
009,9,484,9,396,,,16,5,2019,7,21,54,558.00,7.65,948.33,553.03
009,9,512,12,4,,,16,5,2019,7,26,54,554.70,7.64,948.34,552.92
009,9,495,10,2,,,16,5,2019,7,31,54,555.70,7.59,948.29,553.33
009,9,515,9,812,,,16,5,2019,7,36,54,555.30,7.44,948.32,553.10
009,9,508,21,1,,,16,5,2019,7,41,54,553.90,7.32,948.27,553.54
009,9,516,10,1,,,16,5,2019,7,46,54,552.50,7.25,948.29,553.37
009,9,468,10,1,,,16,5,2019,7,51,54,558.80,7.51,948.26,553.66
009,9,412,12,1,,,16,5,2019,7,56,54,554.60,7.73,948.31,553.23
009,8,308,9,964,,,16,5,2019,8,1,54,553.90,7.93,948.39,552.46
009,8,360,9,5,,,16,5,2019,8,6,54,555.30,8.05,948.42,552.20
009,8,293,10,4,,,16,5,2019,8,11,54,552.20,8.05,948.44,552.03
009,8,420,9,622,,,16,5,2019,8,16,54,550.20,8.09,948.40,552.41
009,10,358,8,497,,,16,5,2019,8,21,54,556.10,8.20,948.33,553.04
009,8,38,9,575,,,16,5,2019,8,26,54,555.40,8.16,948.31,553.17
009,9,322,12,464,,,16,5,2019,8,31,54,560.00,8.19,948.41,552.30
009,9,80,13,803,,,16,5,2019,8,36,54,556.20,8.29,948.40,552.44
009,10,54,12,2,,,16,5,2019,8,41,54,553.60,8.50,948.47,551.79
009,9,224,15,1,,,16,5,2019,8,46,54,552.00,8.49,948.47,551.81
009,9,168,12,6,,,16,5,2019,8,51,54,557.00,8.49,948.44,552.06
009,8,252,9,521,,,16,5,2019,8,56,54,558.50,8.19,948.43,552.16
009,8,212,11,5,,,16,5,2019,9,1,54,554.60,7.92,948.52,551.38
009,8,417,10,2,,,16,5,2019,9,6,54,563.00,7.53,948.58,550.80
009,9,480,9,662,,,16,5,2019,9,11,54,559.20,7.37,948.71,549.66
009,8,504,9,580,,,16,5,2019,9,16,54,555.30,7.10,948.76,549.23
009,9,482,9,1186,,,16,5,2019,9,21,54,553.80,6.91,948.78,549.08
009,10,468,12,1151,,,16,5,2019,9,26,54,554.50,6.71,948.73,549.52
009,10,430,14,870,,,16,5,2019,9,31,54,553.70,6.53,948.75,549.35
009,12,472,12,1295,,,16,5,2019,9,36,54,553.00,6.28,948.81,548.81
009,9,436,9,858,,,16,5,2019,9,41,54,552.80,5.82,948.95,547.60
009,10,431,8,655,,,16,5,2019,9,46,54,554.70,5.60,948.96,547.47
009,10,398,8,1124,,,16,5,2019,9,51,54,554.00,5.67,949.05,546.67
009,9,403,10,1871,,,16,5,2019,9,56,54,553.20,5.86,949.06,546.64
009,11,380,9,1511,,,16,5,2019,10,1,54,556.90,6.13,949.19,545.48
009,12,390,10,927,,,16,5,2019,10,6,54,561.50,6.31,949.30,544.47
009,20,340,9,899,,,16,5,2019,10,11,54,560.60,6.50,949.41,543.52
009,10,320,9,1199,,,16,5,2019,10,16,54,559.80,6.54,949.52,542.60
009,17,351,17,920,,,16,5,2019,10,21,54,557.70,6.66,949.52,542.58
009,13,354,13,2113,,,16,5,2019,10,26,54,555.30,6.76,949.65,541.47
009,14,330,11,1872,,,16,5,2019,10,31,54,555.40,6.88,949.79,540.21
009,16,318,12,832,,,16,5,2019,10,36,54,554.80,7.00,949.82,539.90
009,17,305,14,1001,,,16,5,2019,10,41,54,555.90,7.10,949.92,539.11
009,41,284,13,2,,,16,5,2019,10,46,54,555.30,7.13,949.94,538.89
009,18,277,12,1,,,16,5,2019,10,51,54,561.60,7.18,949.98,538.50
009,18,255,14,2,,,16,5,2019,10,56,54,554.60,7.26,950.12,537.27
009,108,262,20,2019,,,16,5,2019,11,1,54,555.00,7.34,950.16,536.95
009,21,249,12,2039,,,16,5,2019,11,6,54,553.40,7.43,950.35,535.27
009,21,245,17,2177,,,16,5,2019,11,11,54,557.10,7.54,950.24,536.27
009,14,252,10,1570,,,16,5,2019,11,16,54,557.90,7.88,950.40,534.88
009,15,238,10,3,,,16,5,2019,11,21,54,556.10,8.09,950.41,534.75
009,17,268,11,996,,,16,5,2019,11,26,54,555.10,8.07,950.39,534.96
009,17,278,12,1149,,,16,5,2019,11,31,54,553.10,8.02,950.48,534.12
009,22,258,10,990,,,16,5,2019,11,36,54,554.40,8.08,950.67,532.52
009,16,296,11,1024,,,16,5,2019,11,41,54,552.70,8.18,950.81,531.27
009,17,276,12,1058,,,16,5,2019,11,46,54,557.10,8.33,950.89,530.56
009,15,311,10,1159,,,16,5,2019,11,51,54,554.50,8.35,950.96,529.98
009,14,326,10,1351,,,16,5,2019,11,56,54,553.10,8.32,950.98,529.77
009,13,290,10,1460,,,16,5,2019,12,1,54,555.10,8.41,951.16,528.20
009,13,284,10,1740,,,16,5,2019,12,6,54,558.30,8.52,951.35,526.54
009,13,331,9,1710,,,16,5,2019,12,11,54,553.60,8.48,951.36,526.41
009,14,373,10,1937,,,16,5,2019,12,16,54,555.20,8.43,951.46,525.56
009,13,292,19,1542,,,16,5,2019,12,21,54,556.10,8.63,951.41,525.99
009,12,316,9,2247,,,16,5,2019,12,26,54,554.70,8.82,951.54,524.85
009,11,322,9,2343,,,16,5,2019,12,31,54,557.70,8.53,951.55,524.75
009,12,266,9,2654,,,16,5,2019,12,36,54,555.90,8.43,951.64,524.01
009,12,350,9,2466,,,16,5,2019,12,41,54,554.80,8.28,951.53,524.96
009,16,279,10,2621,,,16,5,2019,12,46,54,557.10,8.18,951.44,525.74
009,11,230,11,2449,,,16,5,2019,12,51,54,555.10,8.47,951.45,525.69
009,12,246,10,2500,,,16,5,2019,12,56,54,554.50,8.38,951.40,526.09
009,11,235,9,2205,,,16,5,2019,13,1,54,556.80,8.13,951.47,525.48
009,11,405,9,2146,,,16,5,2019,13,6,54,556.10,7.30,951.47,525.46
009,11,336,9,1420,,,16,5,2019,13,11,54,553.40,6.98,951.37,526.33
009,10,222,9,1632,,,16,5,2019,13,16,54,551.50,7.43,951.40,526.12
009,9,131,10,1958,,,16,5,2019,13,21,54,552.80,7.66,951.36,526.43
009,10,203,9,2867,,,16,5,2019,13,26,54,556.00,8.33,951.44,525.78
009,9,186,9,2564,,,16,5,2019,13,31,54,569.10,8.99,951.52,525.03
009,8,192,8,2530,,,16,5,2019,13,36,54,569.50,9.56,951.49,525.34
009,9,230,9,2436,,,16,5,2019,13,41,54,559.10,9.67,951.45,525.68
009,8,245,8,1990,,,16,5,2019,13,46,54,557.80,9.83,951.33,526.69
009,8,294,8,1636,,,16,5,2019,13,51,54,562.20,10.13,951.34,526.62
009,8,270,8,1175,,,16,5,2019,13,56,54,558.20,10.15,951.41,525.98
009,8,317,8,869,,,16,5,2019,14,1,54,555.50,9.97,951.36,526.47
009,8,268,9,823,,,16,5,2019,14,6,54,558.90,10.09,951.26,527.28
009,9,280,8,734,,,16,5,2019,14,11,54,561.40,10.31,951.23,527.54
009,9,318,8,631,,,16,5,2019,14,16,54,556.30,10.39,951.35,526.55
009,1679,1052,1550,2551,,,22,5,2019,16,38,17,559.70,19.50,954.26,501.10
009,1622,1006,1479,1534,,,22,5,2019,16,48,8,555.90,20.56,954.08,502.67
009,1566,981,1462,1391,,,22,5,2019,16,53,8,553.80,20.01,954.03,503.05
009,1550,972,1431,3073,,,22,5,2019,16,58,8,557.10,19.90,954.04,502.95
009,1518,952,1378,1798,,,22,5,2019,17,3,8,556.40,19.81,953.89,504.32
009,1518,948,1382,2073,,,22,5,2019,17,8,8,555.30,19.19,953.97,503.56
009,1436,886,1315,2849,,,22,5,2019,17,13,8,551.20,19.78,953.94,503.90
009,1470,904,1358,2243,,,22,5,2019,17,18,8,557.60,20.85,953.90,504.23
009,1491,918,1344,1479,,,22,5,2019,17,23,8,554.00,20.40,953.77,505.30
009,1390,862,1316,2500,,,22,5,2019,17,28,8,557.90,20.54,953.80,505.05
009,1436,886,1309,1310,,,22,5,2019,17,33,8,559.50,20.41,953.70,505.92
009,1470,918,1330,2744,,,22,5,2019,17,38,8,558.00,20.40,953.67,506.23
009,1474,917,1351,2268,,,22,5,2019,17,43,8,562.30,21.01,953.56,507.19
009,1484,934,1382,2238,,,22,5,2019,17,48,8,559.10,21.05,953.51,507.60
009,1425,891,1335,1959,,,22,5,2019,17,53,8,556.30,20.89,953.53,507.47
009,1398,855,1271,1310,,,22,5,2019,17,58,8,557.40,21.14,953.52,507.56
009,1350,836,1239,2503,,,22,5,2019,18,3,8,554.30,21.35,953.43,508.31
009,1286,817,1194,4082,,,22,5,2019,18,8,8,558.50,19.85,953.39,508.63
009,1262,790,1152,2652,,,22,5,2019,18,13,8,559.20,20.48,953.44,508.24
009,1570,890,1316,3155,,,22,5,2019,18,18,8,556.20,21.38,953.40,508.56
009,1313,836,1280,1247,,,22,5,2019,18,23,8,560.60,21.01,953.28,509.65
009,1300,822,1244,3321,,,22,5,2019,18,28,8,555.10,21.66,953.25,509.92
009,1292,795,1164,3033,,,22,5,2019,18,33,8,557.80,21.98,953.29,509.58
009,1251,804,1188,1823,,,22,5,2019,18,38,8,555.80,21.37,953.29,509.57
009,1319,806,1207,1198,,,22,5,2019,18,43,8,554.50,20.87,953.31,509.37
009,1303,1454,1210,3124,,,22,5,2019,18,48,8,556.70,20.58,953.26,509.79
009,1344,2318,1222,2931,,,22,5,2019,18,53,8,562.00,20.10,953.17,510.59
009,1287,2894,1174,2935,,,22,5,2019,18,58,8,556.80,20.38,953.30,509.50
009,1252,862,1134,2879,,,22,5,2019,19,3,8,555.60,20.63,953.22,510.16
009,1292,2727,1166,3374,,,22,5,2019,19,8,8,554.30,20.52,953.27,509.69
009,1222,3033,1102,2998,,,22,5,2019,19,13,8,553.40,20.47,953.21,510.21
009,1154,3292,1056,2288,,,22,5,2019,19,18,8,558.30,20.99,953.25,509.86
009,1119,3052,1030,2809,,,22,5,2019,19,23,8,558.20,20.71,953.35,509.06
009,1092,2518,993,975,,,22,5,2019,19,28,8,558.70,20.10,953.39,508.68
009,1063,2691,950,985,,,22,5,2019,19,33,8,558.10,19.86,953.37,508.88
009,1069,3694,943,1271,,,22,5,2019,19,38,8,556.20,19.67,953.48,507.84
009,940,1896,855,2899,,,22,5,2019,19,43,8,554.80,20.08,953.47,507.94
009,907,2982,798,790,,,22,5,2019,19,48,8,555.00,19.40,953.58,507.02
009,907,2534,804,1734,,,22,5,2019,19,53,8,557.50,19.25,953.49,507.76
009,838,2600,736,2530,,,22,5,2019,19,58,8,548.10,19.37,953.56,507.21
009,851,2892,748,2455,,,22,5,2019,20,3,8,554.40,19.88,953.64,506.51
009,820,2207,745,2521,,,22,5,2019,20,8,8,546.80,20.38,953.56,507.14
009,791,2649,674,2867,,,22,5,2019,20,13,8,547.00,20.24,953.52,507.56
009,672,2908,623,2931,,,22,5,2019,20,18,8,546.50,20.30,953.58,507.04
009,646,2846,558,2623,,,22,5,2019,20,23,8,548.00,20.57,953.54,507.39
009,576,2851,511,2742,,,22,5,2019,20,28,8,542.40,19.88,953.56,507.14
009,508,2492,430,1420,,,22,5,2019,20,33,8,544.80,19.17,953.59,506.92
009,446,1567,388,388,,,22,5,2019,20,38,8,547.00,19.17,953.62,506.70
009,382,2699,338,335,,,22,5,2019,20,43,8,548.60,19.49,953.61,506.78
009,348,2706,290,614,,,22,5,2019,20,48,8,549.00,19.38,953.58,506.98
009,300,2579,258,2217,,,22,5,2019,20,53,8,552.20,19.30,953.63,506.59
009,262,341,215,3678,,,22,5,2019,20,58,8,547.90,18.96,953.66,506.26
009,196,2446,162,2652,,,22,5,2019,21,3,8,554.40,18.38,953.63,506.53
009,138,3097,108,3132,,,22,5,2019,21,8,8,555.80,18.02,953.80,505.12
009,210,144,174,3458,,,23,5,2019,12,18,8,558.70,7.43,954.23,501.31
009,266,186,231,3208,,,23,5,2019,12,23,8,558.50,7.93,954.24,501.21
009,329,1454,272,3769,,,23,5,2019,12,28,8,558.40,8.50,954.37,500.11
009,404,1799,342,4082,,,23,5,2019,12,33,8,556.70,9.64,954.28,500.84
009,463,1766,388,1086,,,23,5,2019,12,38,8,553.00,10.15,954.46,499.33
009,497,1868,436,4095,,,23,5,2019,12,43,8,555.30,10.66,954.40,499.80
009,546,2409,486,3350,,,23,5,2019,12,48,8,554.40,10.77,954.52,498.79
009,584,2742,504,1808,,,23,5,2019,12,53,8,564.50,10.77,954.54,498.62
009,660,2756,570,4095,,,23,5,2019,12,58,8,564.60,9.65,954.62,497.90
009,732,3330,626,3639,,,23,5,2019,13,3,8,559.90,9.10,954.64,497.76
009,782,3180,694,3184,,,23,5,2019,13,8,8,564.40,9.05,954.54,498.61
009,852,3218,758,3542,,,23,5,2019,13,13,8,560.20,9.48,954.58,498.31
009,900,3391,800,1558,,,23,5,2019,13,18,8,557.30,10.07,954.65,497.65
009,962,3680,878,3644,,,23,5,2019,13,23,8,553.80,11.39,954.70,497.18
009,999,2785,908,4095,,,23,5,2019,13,28,8,559.70,12.99,954.65,497.69
009,1075,1648,945,4095,,,23,5,2019,13,33,8,557.20,14.22,954.68,497.42
009,1078,2244,982,4095,,,23,5,2019,13,38,8,554.80,15.24,954.73,497.00
009,1120,2047,1011,2818,,,23,5,2019,13,43,8,554.40,15.72,954.65,497.66
009,1148,1823,1038,2718,,,23,5,2019,13,48,8,551.50,16.24,954.77,496.59
009,1204,770,1104,3171,,,23,5,2019,13,53,8,551.50,16.56,954.79,496.41
009,1271,3775,1158,2926,,,23,5,2019,13,58,8,547.40,16.73,954.77,496.63
009,1295,806,1186,3217,,,23,5,2019,14,3,8,551.30,17.03,954.70,497.20
009,1350,3052,1192,3424,,,23,5,2019,14,8,8,553.90,17.63,954.73,496.93
009,1365,3804,1246,3945,,,23,5,2019,14,13,8,554.50,17.77,954.61,497.99
009,1382,2412,1238,4095,,,23,5,2019,14,18,8,561.70,18.56,954.69,497.29
009,1324,2355,1194,1182,,,23,5,2019,14,23,8,559.30,19.24,954.72,497.05
009,1295,2661,1196,1166,,,23,5,2019,14,28,8,559.30,18.82,954.75,496.74
009,1350,2867,1230,2337,,,23,5,2019,14,33,8,560.80,18.83,954.74,496.87
009,1356,3137,1254,3190,,,23,5,2019,14,38,8,555.30,18.65,954.74,496.90
009,1367,2812,1230,3133,,,23,5,2019,14,43,8,567.10,19.10,954.64,497.77
009,1406,3001,1294,4095,,,23,5,2019,14,48,8,561.60,18.23,954.70,497.20
009,1359,2537,1247,2632,,,23,5,2019,14,53,8,561.00,19.05,954.59,498.15
009,1374,3087,1260,3067,,,23,5,2019,14,58,8,559.90,18.82,954.63,497.82
009,1452,3000,1332,3555,,,23,5,2019,15,3,8,558.80,18.64,954.48,499.12
009,1452,3160,1324,2935,,,23,5,2019,15,8,8,562.10,19.07,954.46,499.35
009,1436,3107,1334,3236,,,23,5,2019,15,13,8,557.70,19.94,954.41,499.78
009,1494,3202,1348,2482,,,23,5,2019,15,18,8,555.20,19.99,954.42,499.64
009,1519,2950,1390,3425,,,23,5,2019,15,23,8,558.20,20.00,954.40,499.86
009,1512,2959,1375,2968,,,23,5,2019,15,28,8,555.80,19.62,954.25,501.19
009,1476,3536,1364,4095,,,23,5,2019,15,33,8,557.60,18.79,954.21,501.53
009,1649,3126,1398,1617,,,23,5,2019,15,38,8,559.80,19.54,954.16,501.96
009,1558,3022,1414,4095,,,23,5,2019,15,43,8,559.30,18.83,953.99,503.44
009,1543,3250,1403,3001,,,23,5,2019,15,48,8,556.50,18.38,953.97,503.58
009,1544,2892,1420,4095,,,23,5,2019,15,53,8,555.10,18.56,953.95,503.79
009,1587,3169,1436,2700,,,23,5,2019,15,58,8,560.90,20.19,953.86,504.57
009,1619,3088,1486,2000,,,23,5,2019,16,3,8,556.40,21.48,953.85,504.60
009,1592,2787,1487,1566,,,23,5,2019,16,8,8,559.00,21.92,953.88,504.42
009,1606,2961,1478,4092,,,23,5,2019,16,13,8,557.30,22.65,953.91,504.11
009,1612,996,1488,1845,,,23,5,2019,16,18,8,554.80,23.87,953.81,505.04
009,1667,1014,1527,4091,,,23,5,2019,16,23,8,556.20,24.06,953.73,505.72
009,1646,1010,1508,4095,,,23,5,2019,16,28,8,552.80,23.97,953.72,505.76
009,1569,2652,1446,4095,,,23,5,2019,16,33,8,548.20,23.14,953.69,506.04
009,1583,3565,1476,1428,,,23,5,2019,16,38,8,545.30,22.35,953.62,506.69
009,1656,2948,1505,4095,,,23,5,2019,16,43,8,552.80,23.50,953.57,507.09
009,1683,3452,1564,4095,,,23,5,2019,16,48,8,541.20,23.61,953.52,507.52
009,1665,2931,1527,4095,,,23,5,2019,16,53,8,552.50,23.64,953.47,507.98
009,1704,3720,1558,4095,,,23,5,2019,16,58,8,557.10,24.60,953.33,509.22
009,1708,2664,1564,4095,,,23,5,2019,17,3,8,549.20,24.65,953.30,509.47
009,1713,3212,1590,2022,,,23,5,2019,17,8,8,551.60,25.28,953.17,510.64
009,1673,2953,1554,3219,,,23,5,2019,17,13,8,551.70,25.80,953.12,510.99
009,1745,3481,1598,2081,,,23,5,2019,17,18,8,557.80,25.07,952.96,512.43
009,1740,2934,1591,2254,,,23,5,2019,17,23,8,560.30,24.83,952.85,513.35
009,1704,3097,1598,3121,,,23,5,2019,17,28,8,562.50,25.25,952.78,514.04
009,1702,3220,1570,1560,,,23,5,2019,17,33,8,557.60,25.47,952.73,514.40
009,1632,3274,1508,4088,,,23,5,2019,17,38,8,560.00,26.47,952.71,514.61
009,1668,2271,1516,4095,,,23,5,2019,17,43,8,557.80,26.88,952.64,515.21
009,1620,3056,1535,3985,,,23,5,2019,17,48,8,554.80,26.77,952.66,515.08
009,1636,3425,1504,4095,,,23,5,2019,17,53,8,551.10,25.88,952.57,515.85
009,1622,2729,1507,3777,,,23,5,2019,17,58,8,554.50,25.95,952.48,516.61
009,1545,3231,1430,4094,,,23,5,2019,18,3,8,556.10,26.07,952.42,517.19
009,1486,3609,1382,2312,,,23,5,2019,18,8,8,556.70,25.83,952.39,517.42
009,1619,3469,1512,2555,,,23,5,2019,18,13,8,555.20,25.65,952.28,518.39
009,1452,4094,1326,3299,,,23,5,2019,18,18,8,553.00,24.89,952.26,518.55
009,1544,3660,1395,2946,,,23,5,2019,18,23,8,555.50,24.76,952.30,518.24
009,1506,3532,1406,2877,,,23,5,2019,18,28,8,552.90,24.92,952.19,519.14
009,1514,4094,1382,3148,,,23,5,2019,18,33,8,561.20,24.78,952.22,518.91
009,1526,3947,1389,3427,,,23,5,2019,18,38,8,562.80,25.18,952.09,520.03
009,1446,3241,1368,3001,,,23,5,2019,18,43,8,557.30,25.89,952.08,520.12
009,1518,3468,1350,1406,,,23,5,2019,18,48,8,556.40,25.68,952.04,520.49
009,1479,3441,1342,1326,,,23,5,2019,18,53,8,559.20,25.22,952.07,520.26
009,1455,3784,1350,1460,,,23,5,2019,18,58,8,554.70,25.81,952.05,520.41
009,1443,3308,1268,1516,,,23,5,2019,19,3,8,551.80,25.38,952.04,520.45
009,1393,2886,1256,2713,,,23,5,2019,19,8,8,553.00,25.75,952.07,520.22
009,1348,3448,1209,2281,,,23,5,2019,19,13,8,556.90,25.07,952.00,520.84
009,1255,3494,1227,1128,,,23,5,2019,19,18,8,557.00,24.45,951.99,520.93
009,1230,2839,1130,2383,,,23,5,2019,19,23,8,553.00,24.78,952.04,520.49
009,1218,3427,1116,1096,,,23,5,2019,19,28,8,557.80,25.18,952.01,520.75
009,1174,3392,1062,1691,,,23,5,2019,19,33,8,555.50,24.91,951.98,521.02
009,1116,2896,1015,2704,,,23,5,2019,19,38,8,551.80,24.60,952.19,519.19
009,1110,2150,982,2363,,,23,5,2019,19,43,8,554.80,24.32,952.12,519.79
009,1068,2478,974,3171,,,23,5,2019,19,48,8,556.10,24.06,952.09,520.02
009,1054,2496,948,4095,,,23,5,2019,19,53,8,547.60,23.90,952.23,518.86
009,1046,2916,943,4006,,,23,5,2019,19,58,8,552.00,24.02,952.16,519.39
009,1001,2865,892,2955,,,23,5,2019,20,3,8,554.00,24.02,952.18,519.22
009,924,2512,832,2269,,,23,5,2019,20,8,8,552.20,23.85,952.18,519.27
009,854,2355,756,3022,,,23,5,2019,20,13,8,547.10,23.91,952.18,519.26
009,764,2585,684,2259,,,23,5,2019,20,18,8,553.20,23.34,952.09,520.04
009,695,1887,626,1735,,,23,5,2019,20,23,8,550.80,23.15,952.06,520.28
009,659,2108,580,2286,,,23,5,2019,20,28,8,547.50,23.31,952.08,520.09
009,552,2466,492,2241,,,23,5,2019,20,33,8,548.90,22.62,952.14,519.59
009,510,2319,444,1037,,,23,5,2019,20,38,8,551.10,22.26,952.11,519.89
009,438,2099,374,1153,,,23,5,2019,20,43,8,546.30,21.96,952.19,519.16
009,368,2254,318,323,,,23,5,2019,20,48,8,547.20,21.91,952.19,519.18
009,314,2504,267,872,,,23,5,2019,20,53,8,547.10,21.64,952.13,519.65
009,268,2622,224,2514,,,23,5,2019,20,58,8,560.80,21.16,952.24,518.72
009,208,2446,177,2260,,,23,5,2019,21,3,8,556.80,20.78,952.28,518.41
009,300,2893,234,561,,,24,5,2019,12,23,8,534.70,12.25,949.49,542.81
009,270,1633,222,2627,,,24,5,2019,12,28,8,546.40,12.14,949.43,543.33
009,106,231,96,2742,,,24,5,2019,12,33,8,547.30,11.82,949.44,543.25
009,9,322,9,2944,,,24,5,2019,12,38,8,551.80,11.31,949.31,544.38
009,9,96,9,2598,,,24,5,2019,12,43,8,556.00,10.72,949.30,544.55
009,10,159,9,3340,,,24,5,2019,12,48,8,566.30,10.70,949.40,543.67
009,9,326,10,2676,,,24,5,2019,12,53,8,574.90,10.92,949.47,543.02
009,9,231,9,2626,,,24,5,2019,12,58,8,566.30,10.70,949.60,541.91
009,9,170,9,2108,,,24,5,2019,13,3,8,564.90,10.30,949.44,543.30
009,10,10,10,2466,,,24,5,2019,13,8,8,556.70,10.19,949.30,544.47
009,10,11,9,2371,,,24,5,2019,13,13,8,557.40,10.40,949.46,543.14
009,10,35,9,3135,,,24,5,2019,13,18,8,557.00,10.55,949.54,542.42
009,9,13,9,3420,,,24,5,2019,13,23,8,558.50,10.80,949.60,541.91
009,9,160,10,2727,,,24,5,2019,13,28,8,558.30,11.03,949.67,541.27
009,10,45,10,2816,,,24,5,2019,13,33,8,553.80,11.38,949.76,540.48
009,10,9,10,3433,,,24,5,2019,13,38,8,553.70,11.71,949.88,539.44
009,9,77,9,2876,,,24,5,2019,13,43,8,555.60,11.79,949.95,538.84
009,10,133,9,2897,,,24,5,2019,13,48,8,553.60,11.95,949.85,539.64
009,11,45,10,960,,,24,5,2019,13,53,8,549.20,12.29,949.71,540.89
009,9,29,9,405,,,24,5,2019,13,58,8,555.40,12.19,949.57,542.11
009,9,15,10,1910,,,24,5,2019,14,3,8,550.00,12.15,949.67,541.29
009,10,28,9,2558,,,24,5,2019,14,8,8,547.80,12.44,949.79,540.16
009,9,9,10,2577,,,24,5,2019,14,13,8,556.40,12.87,949.77,540.35
009,11,9,10,2660,,,24,5,2019,14,18,8,556.50,13.13,949.65,541.40
009,9,9,9,3427,,,24,5,2019,14,23,8,561.40,13.91,949.74,540.61
009,10,10,9,2926,,,24,5,2019,14,28,8,559.50,14.48,949.85,539.68
009,9,37,9,1423,,,24,5,2019,14,33,8,559.80,14.34,949.82,539.94
009,9,9,9,2499,,,24,5,2019,14,38,8,562.00,14.08,949.76,540.42
009,9,9,9,2279,,,24,5,2019,14,43,8,566.80,14.14,949.71,540.87
009,10,9,9,2847,,,24,5,2019,14,48,8,561.90,14.32,949.72,540.84
009,10,9,9,2754,,,24,5,2019,14,53,8,558.70,14.90,949.57,542.15
009,9,9,9,2502,,,24,5,2019,14,58,8,557.30,15.14,949.53,542.52
009,9,10,9,2417,,,24,5,2019,15,3,8,557.80,15.04,949.32,544.28
009,10,10,10,3504,,,24,5,2019,15,8,8,561.80,15.51,949.22,545.17
009,9,9,9,3231,,,24,5,2019,15,13,8,561.60,15.91,949.20,545.38
009,10,1238,9,3583,,,24,5,2019,15,18,8,558.20,16.75,949.14,545.91
009,10,1134,9,1159,,,24,5,2019,15,23,8,558.70,17.41,949.07,546.53
009,10,2337,10,2931,,,24,5,2019,15,28,8,555.60,18.19,948.99,547.24
009,114,1553,70,3078,,,24,5,2019,15,33,8,556.00,18.88,948.92,547.80
009,10,1911,10,3679,,,24,5,2019,15,38,8,557.60,19.44,948.93,547.76
009,10,2287,10,3756,,,24,5,2019,15,43,8,558.40,19.54,948.79,548.97
009,10,1623,10,3246,,,24,5,2019,15,48,8,552.50,19.06,948.64,550.32
009,9,2524,10,2677,,,24,5,2019,15,53,8,554.50,19.23,948.62,550.45
009,10,2502,9,2611,,,24,5,2019,15,58,8,566.60,18.70,948.55,551.07
009,10,2695,10,3075,,,24,5,2019,16,3,8,555.60,17.98,948.47,551.80
009,11,2135,10,2183,,,24,5,2019,16,8,8,557.20,17.75,948.31,553.23
