010,21,13,1998,13,,,10,5,2019,20,45,55,550.60,19.91,953.14,510.87
010,356,234,2790,229,,,10,5,2019,20,51,51,550.70,19.06,953.07,511.45
010,11,10,1568,12,,,10,5,2019,20,58,12,551.00,18.91,953.09,511.31
010,11,10,1519,10,,,10,5,2019,21,3,12,548.70,18.39,953.03,511.85
010,39,15,1672,61,,,10,5,2019,21,8,12,551.60,18.24,953.00,512.12
010,22,18,1496,11,,,10,5,2019,21,13,12,550.30,18.18,952.96,512.39
010,14,11,1782,13,,,11,5,2019,12,8,12,559.20,7.83,955.16,493.18
010,13,11,1947,12,,,11,5,2019,12,13,12,556.50,8.94,955.26,492.35
010,14,12,2023,15,,,11,5,2019,12,18,12,551.10,9.61,955.27,492.27
010,12,11,2084,11,,,11,5,2019,12,23,12,554.50,10.14,955.29,492.04
010,12,10,2127,12,,,11,5,2019,12,28,12,555.80,10.83,955.32,491.82
010,13,11,2084,27,,,11,5,2019,12,33,12,551.50,11.48,955.32,491.80
010,13,11,1901,11,,,11,5,2019,12,38,12,553.40,11.83,955.47,490.48
010,317,236,4095,236,,,11,5,2019,12,43,12,555.00,12.13,955.47,490.47
010,14,12,2223,9,,,11,5,2019,12,48,12,556.00,12.08,955.53,489.95
010,14,12,2047,8,,,11,5,2019,12,53,12,549.20,11.71,955.59,489.41
010,15,12,2238,8,,,11,5,2019,12,58,12,552.90,11.63,955.47,490.50
010,14,12,2183,9,,,11,5,2019,13,3,12,550.70,11.89,955.61,489.26
010,16,11,2153,10,,,11,5,2019,13,8,12,553.80,11.77,955.61,489.23
010,12,12,2025,10,,,11,5,2019,13,13,12,551.60,13.14,955.78,487.80
010,12,11,2013,10,,,11,5,2019,13,18,12,558.60,13.03,955.78,487.82
010,13,12,1929,9,,,11,5,2019,13,23,12,553.80,13.25,955.75,488.01
010,13,11,1983,9,,,11,5,2019,13,28,12,556.00,13.72,955.77,487.88
010,14,11,1885,10,,,11,5,2019,13,33,12,557.00,14.57,955.87,486.99
010,13,11,1959,8,,,11,5,2019,13,38,12,554.90,14.82,955.88,486.93
010,13,11,2008,8,,,11,5,2019,13,43,12,558.20,15.00,955.88,486.91
010,13,11,1950,9,,,11,5,2019,13,48,12,555.60,15.26,955.90,486.74
010,12,10,1918,11,,,11,5,2019,13,53,12,555.70,16.78,955.97,486.11
010,12,11,1821,10,,,11,5,2019,13,58,12,557.40,16.16,955.89,486.81
010,13,11,2009,8,,,11,5,2019,14,3,12,554.70,16.14,955.88,486.90
010,13,11,1837,9,,,11,5,2019,14,8,12,556.50,16.63,955.88,486.91
010,13,11,1782,10,,,11,5,2019,14,13,12,555.50,16.90,955.92,486.55
010,13,11,1775,9,,,11,5,2019,14,18,12,552.30,17.53,955.97,486.15
010,968,686,4095,912,,,11,5,2019,14,23,12,560.50,17.30,955.90,486.76
010,13,12,932,9,,,11,5,2019,14,28,12,558.00,17.88,955.89,486.82
010,15,11,1224,12,,,11,5,2019,14,33,12,558.30,19.24,955.80,487.63
010,13,11,1350,9,,,11,5,2019,14,38,12,554.00,20.06,955.71,488.41
010,1053,718,4095,961,,,11,5,2019,14,43,12,554.90,20.66,955.73,488.22
010,13,14,880,11,,,11,5,2019,14,48,12,555.20,20.86,955.67,488.77
010,13,12,985,9,,,11,5,2019,14,53,12,555.00,21.41,955.78,487.82
010,13,11,1022,10,,,11,5,2019,14,58,12,553.00,21.91,955.66,488.87
010,1065,753,4095,1014,,,11,5,2019,15,3,12,554.30,21.88,955.62,489.19
010,13,14,848,10,,,11,5,2019,15,8,12,553.40,21.84,,
010,14,13,1199,9,,,11,5,2019,15,13,12,558.00,,,
010,13,11,1532,9,,,11,5,2019,15,18,12,556.40,21.08,955.64,489.03
010,1096,772,4095,1082,,,11,5,2019,15,28,12,554.00,,,
010,12,10,703,8,,,11,5,2019,15,33,12,558.90,,,
010,1102,780,4095,1033,,,11,5,2019,15,38,12,560.00,,,
010,1108,768,4095,1060,,,11,5,2019,15,43,12,559.30,,,
010,1092,772,4095,1043,,,11,5,2019,15,48,12,557.30,,,
010,1103,772,4095,1073,,,11,5,2019,15,53,12,557.60,,,
010,1108,783,4095,1060,,,11,5,2019,15,58,12,556.40,,,
010,12,16,474,8,,,11,5,2019,16,3,12,555.90,,,
010,1148,813,4095,1111,,,11,5,2019,16,13,12,557.80,20.78,,
010,12,10,350,9,,,11,5,2019,16,18,12,552.30,20.90,,
010,1196,836,4095,1149,,,11,5,2019,16,23,12,552.00,21.77,955.56,489.71
010,1198,848,4095,1144,,,11,5,2019,16,28,12,555.10,22.37,955.40,491.10
010,1166,830,4095,1156,,,11,5,2019,16,33,12,551.50,22.18,955.43,490.87
010,1280,896,4095,1228,,,11,5,2019,16,38,12,558.50,22.76,955.39,491.22
010,1289,900,4095,1237,,,11,5,2019,16,43,12,556.60,24.47,955.33,491.69
010,1294,892,3620,1241,,,11,5,2019,16,48,12,557.20,,,
010,1227,860,3372,1212,,,11,5,2019,16,53,12,556.30,,,
010,1230,855,3332,1211,,,11,5,2019,16,58,12,555.60,,,
010,1199,844,3241,1156,,,11,5,2019,17,3,12,556.10,,,
010,1166,800,3331,1111,,,11,5,2019,17,8,12,553.90,,,
010,1205,833,3558,1145,,,11,5,2019,17,13,12,553.00,,,
010,1182,815,3692,1136,,,11,5,2019,17,18,12,552.30,22.34,,
010,1188,823,3724,1140,,,11,5,2019,17,23,12,555.50,23.32,955.30,491.95
010,1161,806,3579,1106,,,11,5,2019,17,28,12,549.60,22.92,955.17,493.12
010,1180,815,3492,1140,,,11,5,2019,17,33,12,548.40,23.96,955.19,492.94
010,1144,787,3463,1112,,,11,5,2019,17,38,12,548.80,26.01,955.17,493.12
010,1152,794,2999,1062,,,11,5,2019,17,43,12,548.80,,,
010,1095,762,3475,1060,,,11,5,2019,17,48,12,549.50,,,
010,1088,764,3088,1044,,,11,5,2019,17,53,12,548.60,,,
010,1096,749,2732,1036,,,11,5,2019,17,58,12,552.90,,,
010,1109,775,3008,1070,,,11,5,2019,18,3,12,555.60,22.87,,
010,1100,783,3119,1072,,,11,5,2019,18,8,12,558.60,23.17,954.92,495.33
010,1140,794,3379,1076,,,11,5,2019,18,13,12,562.40,23.64,954.85,495.93
010,1166,812,3350,1117,,,11,5,2019,18,18,12,553.30,23.72,954.83,496.08
010,1170,812,3424,1104,,,11,5,2019,18,23,12,552.20,23.89,954.80,496.33
010,1132,786,3377,1078,,,11,5,2019,18,28,12,556.90,23.96,954.91,495.38
010,1054,748,3087,1020,,,11,5,2019,18,33,12,556.10,24.57,954.76,496.67
010,1100,769,3172,1048,,,11,5,2019,18,38,12,554.60,23.50,954.75,496.81
010,1108,782,3108,1089,,,11,5,2019,18,48,12,556.70,,,
010,20,20,564,11,,,11,5,2019,18,53,12,547.80,,,
010,1086,768,3035,1022,,,11,5,2019,18,58,12,555.40,21.52,954.64,497.75
010,406,470,2703,680,,,11,5,2019,19,3,12,558.60,22.32,954.55,498.51
010,12,14,390,10,,,11,5,2019,19,8,12,557.40,23.25,954.50,498.95
010,1016,702,3121,939,,,11,5,2019,19,13,12,557.70,23.80,954.49,499.01
010,14,15,546,10,,,11,5,2019,19,18,12,560.50,24.50,954.50,498.93
010,986,695,3104,902,,,11,5,2019,19,23,12,558.40,23.63,954.46,499.34
010,12,13,378,12,,,11,5,2019,19,28,12,552.10,24.00,954.45,499.39
010,826,584,2945,741,,,11,5,2019,19,33,12,555.40,23.38,954.50,498.94
010,815,578,2908,773,,,11,5,2019,19,38,12,564.10, NAN, NAN, NAN
010,780,544,2822,709,,,11,5,2019,19,43,12,556.80,22.96,954.38,500.00
010,158,266,1949,259,,,11,5,2019,19,48,12,555.10,22.71,954.33,500.42
010,723,516,2929,654,,,11,5,2019,19,53,12,555.30,22.50,954.40,499.84
010,667,449,2537,594,,,11,5,2019,19,58,12,553.20,21.98,954.44,499.45
010,685,488,2765,644,,,11,5,2019,20,3,12,555.50,21.27,954.50,499.00
010,12,11,423,10,,,11,5,2019,20,8,12,555.70,,,
010,606,435,2586,539,,,11,5,2019,20,13,12,559.10,,,
010,588,416,2928,560,,,11,5,2019,20,18,12,556.90,20.70,954.15,501.98
010,518,256,1750,255,,,11,5,2019,20,23,12,556.50,21.93,954.29,500.78
010,500,364,3117,432,,,11,5,2019,20,28,12,554.60,20.30,954.26,501.05
010,428,322,2655,364,,,11,5,2019,20,33,12,555.30,20.26,954.34,500.38
010,25,22,984,20,,,11,5,2019,20,38,12,554.00,19.86,954.46,499.29
010,336,260,2644,332,,,11,5,2019,20,43,12,553.40,,,
010,12,10,669,11,,,11,5,2019,20,48,12,551.20,,,
010,234,184,2140,186,,,11,5,2019,20,53,12,556.60,19.32,954.67,497.46
010,13,11,496,11,,,11,5,2019,20,58,12,553.90,18.45,,
010,151,133,1596,173,,,11,5,2019,21,3,12,550.10,18.37,954.73,496.93
010,11,9,399,11,,,11,5,2019,21,8,12,550.00,18.26,954.73,496.95
010,10,9,401,10,,,11,5,2019,21,13,12,551.50,17.94,954.79,496.43
010,13,11,1913,10,,,12,5,2019,12,13,12,562.60,,,
010,13,11,1615,11,,,12,5,2019,12,18,12,557.30,,,
010,13,11,1581,16,,,12,5,2019,12,23,12,557.60,,,
010,209,179,4095,188,,,12,5,2019,12,28,12,552.80,,,
010,15,13,1321,9,,,12,5,2019,12,33,12,553.60,11.00,954.24,501.25
010,13,11,1398,8,,,12,5,2019,12,38,12,549.60,10.58,954.33,500.49
010,14,12,1465,9,,,12,5,2019,12,43,12,556.30,10.67,954.28,500.87
010,16,11,1334,8,,,12,5,2019,12,48,12,556.90,11.37,954.33,500.42
010,17,11,1417,10,,,12,5,2019,12,53,12,556.50,12.17,954.44,499.45
010,15,11,1676,8,,,12,5,2019,12,58,12,558.80,12.04,954.41,499.78
010,13,11,1673,10,,,12,5,2019,13,3,12,557.20,12.66,954.51,498.91
010,17,11,1824,9,,,12,5,2019,13,8,12,555.30,13.07,954.48,499.12
010,13,11,1709,8,,,12,5,2019,13,13,12,560.10,13.36,954.50,498.97
010,14,12,1895,11,,,12,5,2019,13,18,12,557.90,14.18,954.48,499.13
010,14,11,1990,9,,,12,5,2019,13,23,12,563.40,14.50,954.50,499.00
010,14,11,1996,10,,,12,5,2019,13,28,12,557.60,14.99,954.52,498.80
010,12,10,1759,8,,,12,5,2019,13,33,12,555.40,15.00,954.55,498.50
010,13,11,1879,10,,,12,5,2019,13,38,12,559.70,15.66,954.59,498.21
010,12,10,1769,9,,,12,5,2019,13,43,12,556.00,14.48,954.64,497.76
010,14,10,1801,9,,,12,5,2019,13,48,12,555.10,14.81,954.62,497.96
010,14,11,1817,9,,,12,5,2019,13,53,12,558.70,15.30,954.69,497.33
010,1020,718,4095,983,,,12,5,2019,13,58,12,556.90,15.53,954.71,497.16
010,14,14,772,10,,,12,5,2019,14,3,12,561.30,15.99,954.67,497.51
010,1068,742,4095,1001,,,12,5,2019,14,8,12,556.40,16.25,954.79,496.40
010,16,13,685,9,,,12,5,2019,14,13,12,567.90,16.37,954.88,495.64
010,15,11,601,9,,,12,5,2019,14,18,12,559.20,16.99,954.84,496.01
010,1148,805,4095,1116,,,12,5,2019,14,23,12,558.80,17.42,954.90,495.50
010,1209,832,4095,1164,,,12,5,2019,14,28,12,561.10,18.20,954.95,495.02
010,15,11,533,9,,,12,5,2019,14,33,12,557.00,19.12,955.03,494.34
010,1220,868,4095,1168,,,12,5,2019,14,38,12,552.60,20.10,955.12,493.51
010,453,535,4095,761,,,12,5,2019,14,43,12,550.40,21.15,955.10,493.68
010,25,29,1193,12,,,12,5,2019,14,48,12,554.80,20.97,955.03,494.35
010,14,15,780,11,,,12,5,2019,14,53,12,555.30,20.44,955.13,493.44
010,14,12,718,11,,,12,5,2019,14,58,12,557.80,21.61,955.08,493.90
010,14,11,651,10,,,12,5,2019,15,3,12,555.70,22.23,954.98,494.76
010,1320,920,4095,1241,,,12,5,2019,15,8,12,553.30,23.10,955.03,494.36
010,12,15,781,14,,,12,5,2019,15,13,12,554.60,22.73,954.98,494.77
010,13,12,671,10,,,12,5,2019,15,18,12,553.80,23.28,954.97,494.90
010,15,12,735,9,,,12,5,2019,15,23,12,557.80,24.39,954.92,495.31
010,13,11,717,9,,,12,5,2019,15,28,12,552.30,24.83,954.89,495.57
010,13,11,694,9,,,12,5,2019,15,33,12,556.00,25.55,954.94,495.09
010,13,10,711,8,,,12,5,2019,15,38,12,558.60,25.05,954.78,496.53
010,1408,969,3686,1376,,,12,5,2019,15,43,12,557.50,24.18,954.74,496.84
010,1384,968,3673,1374,,,12,5,2019,15,48,12,559.10,23.64,954.77,496.58
010,1390,958,3555,1334,,,12,5,2019,15,53,12,556.50,24.72,954.76,496.65
010,1416,992,3919,1369,,,12,5,2019,15,58,12,553.70,23.82,954.70,497.18
010,1394,988,4063,1364,,,12,5,2019,16,3,12,556.90,24.28,954.66,497.59
010,1462,995,4095,1373,,,12,5,2019,16,8,12,556.30,26.03,954.67,497.52
010,1396,970,3438,1363,,,12,5,2019,16,13,12,553.40,26.81,954.67,497.49
010,1404,964,4095,1372,,,12,5,2019,16,18,12,553.50,26.82,954.60,498.09
010,1415,966,3677,1405,,,12,5,2019,16,23,12,557.20,26.30,954.61,498.04
010,1396,966,3603,1380,,,12,5,2019,16,28,12,559.50,27.02,954.54,498.62
010,1398,972,3569,1401,,,12,5,2019,16,33,12,556.50,27.09,954.51,498.90
010,1414,984,3528,1380,,,12,5,2019,16,38,12,558.70,26.15,954.37,500.10
010,1392,984,3377,1359,,,12,5,2019,16,43,12,555.10,26.00,954.34,500.38
010,1420,974,3686,1403,,,12,5,2019,16,48,12,556.10,26.32,954.29,500.77
010,1410,982,4006,1363,,,12,5,2019,16,53,12,555.20,26.87,954.20,501.60
010,1412,984,3261,1366,,,12,5,2019,16,58,12,554.90,26.34,954.09,502.55
010,1426,988,3005,1451,,,12,5,2019,17,3,12,555.40,27.68,954.08,502.62
010,1426,988,3084,1398,,,12,5,2019,17,8,12,554.10,26.87,953.96,503.64
010,1457,1012,2982,1425,,,12,5,2019,17,13,12,554.40,27.44,953.96,503.68
010,1444,1007,4095,1385,,,12,5,2019,17,18,12,556.10,28.82,953.94,503.86
010,1452,997,3955,1396,,,12,5,2019,17,23,12,551.30,29.01,953.89,504.26
010,1430,988,3439,1366,,,12,5,2019,17,28,12,550.70,27.42,953.88,504.36
010,1430,988,3428,1384,,,12,5,2019,17,33,12,552.70,27.15,953.79,505.20
010,1469,1023,3075,1433,,,12,5,2019,17,38,12,555.50,27.47,953.74,505.62
010,1427,989,2807,1367,,,12,5,2019,17,43,12,548.40,26.83,953.83,504.84
010,1392,988,2836,1388,,,12,5,2019,17,48,12,549.60,27.58,953.74,505.59
010,1406,980,2997,1371,,,12,5,2019,17,53,12,551.70,27.56,953.75,505.49
010,1410,972,3091,1379,,,12,5,2019,17,58,12,557.10,27.99,953.82,504.92
010,1392,953,4095,1308,,,12,5,2019,18,3,12,557.90,28.36,953.71,505.83
010,1350,932,3761,1318,,,12,5,2019,18,8,12,554.20,28.95,953.75,505.50
010,1324,932,3961,1260,,,12,5,2019,18,13,12,554.70,29.08,953.74,505.60
010,1298,884,4094,1230,,,12,5,2019,18,18,12,557.70,28.17,953.75,505.52
010,1276,867,3618,1212,,,12,5,2019,18,23,12,555.80,29.72,953.68,506.15
010,1308,908,3903,1254,,,12,5,2019,18,28,12,558.60,29.32,953.68,506.12
010,1244,852,3340,1173,,,12,5,2019,18,33,12,556.90,28.03,953.74,505.64
010,1207,844,3702,1140,,,12,5,2019,18,38,12,553.30,27.89,953.66,506.32
010,1220,860,3495,1190,,,12,5,2019,18,43,12,555.60,28.37,953.63,506.56
010,1272,870,3616,1206,,,12,5,2019,18,48,12,549.10,28.64,953.56,507.21
010,1134,800,3534,1130,,,12,5,2019,18,53,12,554.40,29.13,953.56,507.22
010,1140,774,3052,1100,,,12,5,2019,18,58,12,555.80,27.43,953.53,507.41
010,1206,839,3406,1149,,,12,5,2019,19,3,12,554.80,27.36,953.57,507.05
010,1086,770,3634,1094,,,12,5,2019,19,8,12,556.90,27.02,953.59,506.91
010,1100,738,3646,1038,,,12,5,2019,19,13,12,555.90,27.44,953.55,507.23
010,1136,800,3776,1056,,,12,5,2019,19,18,12,559.30,27.72,953.54,507.39
010,12,13,375,10,,,12,5,2019,19,23,12,556.70,25.71,953.55,507.29
010,1127,783,4095,1074,,,12,5,2019,19,28,12,556.60,25.57,953.57,507.12
010,1092,768,3730,1025,,,12,5,2019,19,33,12,565.30,26.20,953.59,506.93
010,1020,718,3236,972,,,12,5,2019,19,38,12,555.30,26.34,953.53,507.42
010,13,11,197,10,,,12,5,2019,19,43,12,557.10,25.91,953.62,506.62
010,964,676,2984,881,,,12,5,2019,19,48,12,553.80,25.33,953.58,507.01
010,948,680,3100,896,,,12,5,2019,19,53,12,554.00,26.36,953.65,506.39
010,890,660,3054,854,,,12,5,2019,19,58,12,552.10,25.22,953.64,506.46
010,847,580,3170,731,,,12,5,2019,20,3,12,555.90,25.36,953.71,505.88
010,735,511,3239,663,,,12,5,2019,20,8,12,558.00,26.10,953.76,505.44
010,768,534,3346,691,,,12,5,2019,20,13,12,551.10,25.44,953.81,504.98
010,668,468,2588,605,,,12,5,2019,20,18,12,556.00,25.25,953.68,506.14
010,663,468,2486,630,,,12,5,2019,20,23,12,555.40,25.69,953.74,505.63
010,625,436,2408,549,,,12,5,2019,20,28,12,556.80,24.88,953.68,506.16
010,595,428,2392,558,,,12,5,2019,20,33,12,553.10,24.86,953.75,505.50
010,572,396,2431,535,,,12,5,2019,20,38,12,553.80,23.77,953.66,506.29
010,512,375,2260,467,,,12,5,2019,20,43,12,551.80,23.76,953.66,506.29
010,430,315,2020,359,,,12,5,2019,20,48,12,552.50,23.23,953.71,505.86
010,384,284,2038,298,,,12,5,2019,20,53,12,551.30,22.87,953.70,505.95
010,313,232,1897,233,,,12,5,2019,20,58,12,551.70,22.91,953.78,505.24
010,247,194,1660,234,,,12,5,2019,21,3,12,550.40,22.47,953.72,505.76
010,200,159,1471,172,,,12,5,2019,21,8,12,546.50,21.90,953.79,505.20
010,150,140,1244,172,,,12,5,2019,21,13,12,548.70,21.66,953.75,505.50
010,173,166,3545,191,,,13,5,2019,12,13,12,553.70, NAN, NAN, NAN
010,168,145,3071,163,,,13,5,2019,12,18,12,557.10,11.32,953.71,505.85
010,15,12,1516,11,,,13,5,2019,12,23,12,552.40,12.25,953.80,505.08
010,15,12,1625,9,,,13,5,2019,12,28,12,554.60,12.73,953.87,504.49
010,16,13,1183,9,,,13,5,2019,12,33,12,555.50,13.16,953.88,504.35
010,15,11,1468,8,,,13,5,2019,12,38,12,557.30,13.73,953.93,503.97
010,19,11,1455,9,,,13,5,2019,12,43,12,553.20,13.33,953.90,504.19
010,14,13,1404,9,,,13,5,2019,12,48,12,552.10,13.19,953.87,504.47
010,14,13,1454,9,,,13,5,2019,12,53,12,553.20,14.34,953.97,503.61
010,14,12,1439,9,,,13,5,2019,12,58,12,556.90,15.01,954.02,503.17
010,15,11,1452,9,,,13,5,2019,13,3,12,563.10,15.62,954.06,502.81
010,15,12,1511,9,,,13,5,2019,13,8,12,556.60,15.73,954.04,502.94
010,16,13,1574,8,,,13,5,2019,13,13,12,557.40,15.22,954.04,502.97
010,15,12,1535,11,,,13,5,2019,13,18,12,557.90,15.65,954.13,502.19
010,15,12,1628,11,,,13,5,2019,13,23,12,556.10,14.70,954.06,502.82
010,14,12,1604,8,,,13,5,2019,13,28,12,558.50,15.38,954.17,501.89
010,17,12,1574,10,,,13,5,2019,13,33,12,558.50,16.80,954.23,501.36
010,17,13,1535,9,,,13,5,2019,13,38,12,558.50,,,
010,14,11,1455,12,,,13,5,2019,13,43,12,557.60, NAN, NAN, NAN
010,15,11,1591,9,,,13,5,2019,13,48,12,563.70,20.31,954.32,500.57
010,14,11,1502,9,,,13,5,2019,13,53,12,558.60,20.76,954.27,500.94
010,13,11,1572,9,,,13,5,2019,13,58,12,556.60,20.62,954.20,501.55
010,14,11,1487,9,,,13,5,2019,14,3,12,557.00,20.98,954.23,501.33
010,14,11,1644,9,,,13,5,2019,14,8,12,554.50,21.45,954.25,501.14
010,1280,888,4095,1228,,,13,5,2019,14,13,12,555.50,21.26,954.19,501.65
010,17,13,1302,8,,,13,5,2019,14,18,12,558.00,21.77,954.22,501.42
010,14,12,1591,11,,,13,5,2019,14,23,12,557.20,22.63,954.21,501.51
010,15,13,1763,9,,,13,5,2019,14,28,12,558.70,,,
010,14,11,1848,10,,,13,5,2019,14,33,12,552.10,,,
010,16,11,1855,10,,,13,5,2019,14,38,12,552.00,,,
010,15,11,1726,10,,,13,5,2019,14,43,12,555.90,,,
010,14,11,1220,10,,,13,5,2019,14,48,12,552.90,,,
010,1372,951,4095,1308,,,13,5,2019,14,53,12,556.70,,,
010,1376,970,4095,1331,,,13,5,2019,14,58,12,553.40,,,
010,1002,782,4079,1077,,,13,5,2019,15,3,12,552.20,,,
010,1420,972,3903,1352,,,13,5,2019,15,8,12,553.80,,,
010,1396,972,3438,1366,,,13,5,2019,15,13,12,548.00,,,
010,1430,996,4095,1414,,,13,5,2019,15,18,12,554.20,,,
010,965,660,4095,950,,,13,5,2019,15,23,12,554.20,,,
010,13,15,403,14,,,13,5,2019,15,28,12,554.90,,,
010,14,13,476,10,,,13,5,2019,15,33,12,555.20,,,
010,16,12,573,11,,,13,5,2019,15,38,12,555.60,,,
010,1452,1006,4095,1414,,,13,5,2019,15,43,12,556.30,,,
010,175,192,2691,171,,,13,5,2019,15,48,12,555.40,,,
010,13,16,890,10,,,13,5,2019,15,53,12,551.60,,,
010,1502,1046,4095,1449,,,13,5,2019,15,58,12,550.40,,,
010,1486,1014,4095,1452,,,13,5,2019,16,3,12,547.30,,,
010,1474,1020,3729,1443,,,13,5,2019,16,8,12,550.20,,,
010,1432,996,3910,1398,,,13,5,2019,16,13,12,550.80,,,
010,1468,1007,4095,1417,,,13,5,2019,16,18,12,557.60,,,
010,1474,1038,4095,1444,,,13,5,2019,16,23,12,553.20,,,
010,1508,1056,4095,1452,,,13,5,2019,16,28,12,550.00,,,
010,1515,1046,3740,1468,,,13,5,2019,16,33,12,554.90, NAN, NAN, NAN
010,1518,1046,4095,1486,,,13,5,2019,16,38,12,555.40,29.80,953.42,508.39
010,1492,1036,4095,1444,,,13,5,2019,16,43,12,552.90,30.76,953.34,509.13
010,1462,1012,4095,1439,,,13,5,2019,16,48,12,548.50,29.60,953.31,509.35
010,1440,1004,4012,1424,,,13,5,2019,16,53,12,554.40,29.34,953.30,509.45
010,1367,943,3541,1318,,,13,5,2019,16,58,12,553.60,30.31,953.23,510.04
010,1404,967,4095,1342,,,13,5,2019,17,3,12,552.60,29.93,953.20,510.37
010,1398,1010,4095,1399,,,13,5,2019,17,8,12,552.20,28.89,953.15,510.76
010,1355,940,4091,1312,,,13,5,2019,17,13,12,553.10,28.84,953.17,510.61
010,1324,924,3725,1276,,,13,5,2019,17,18,12,547.00,29.96,953.12,511.06
010,1324,916,4095,1282,,,13,5,2019,17,23,12,548.40,30.82,953.07,511.45
010,1380,940,4095,1308,,,13,5,2019,17,28,12,550.80,30.00,953.11,511.08
010,1334,926,4089,1296,,,13,5,2019,17,33,12,550.40,30.74,953.08,511.40
010,1334,929,3838,1286,,,13,5,2019,17,38,12,547.40,30.71,953.09,511.26
010,1356,930,3872,1312,,,13,5,2019,17,43,12,548.30,30.59,953.05,511.69
010,1304,900,3840,1244,,,13,5,2019,17,48,12,547.30,30.82,953.14,510.87
010,1448,942,4095,1320,,,13,5,2019,17,53,12,550.20,31.28,953.11,511.12
010,1369,948,3942,1332,,,13,5,2019,17,58,12,556.80,31.27,953.08,511.37
010,1355,948,4095,1343,,,13,5,2019,18,3,12,560.90,30.54,953.00,512.11
010,1366,950,3455,1300,,,13,5,2019,18,8,12,556.40,30.50,953.09,511.34
010,1387,968,3662,1342,,,13,5,2019,18,13,12,558.90,31.49,953.05,511.61
010,1390,950,3624,1331,,,13,5,2019,18,18,12,556.60,32.41,953.01,511.95
010,1325,915,2432,1280,,,13,5,2019,18,23,12,557.50,33.41,953.01,512.01
010,1317,920,3536,1297,,,13,5,2019,18,28,12,554.30,32.84,953.05,511.62
010,1294,896,3182,1262,,,13,5,2019,18,33,12,559.50,32.17,952.88,513.10
010,12,16,684,11,,,13,5,2019,18,38,12,554.40,31.84,952.90,512.97
010,1251,892,4079,1254,,,13,5,2019,18,43,12,553.90,32.24,952.91,512.88
010,139,139,843,69,,,13,5,2019,18,48,12,555.20,31.38,952.88,513.14
010,1311,900,2451,1264,,,13,5,2019,18,53,12,554.00,31.49,952.98,512.29
010,13,17,78,10,,,13,5,2019,18,58,12,555.20,31.87,952.89,513.01
010,12,11,35,10,,,13,5,2019,19,3,12,554.80,30.87,952.91,512.89
010,1220,863,2446,1203,,,13,5,2019,19,8,12,560.10,29.56,952.91,512.86
010,12,13,41,10,,,13,5,2019,19,13,12,560.90,30.02,952.86,513.26
010,12,11,37,10,,,13,5,2019,19,18,12,562.00,30.65,952.87,513.22
010,1146,796,2316,1098,,,13,5,2019,19,23,12,551.70,30.42,952.84,513.46
010,1108,764,2304,1048,,,13,5,2019,19,28,12,561.60,30.56,952.93,512.70
010,1070,758,2312,1028,,,13,5,2019,19,33,12,555.90,30.88,952.81,513.77
010,1038,712,2464,988,,,13,5,2019,19,38,12,557.00,32.49,952.78,514.05
010,1052,714,2212,994,,,13,5,2019,19,43,12,553.70,31.31,952.83,513.54
010,12,11,42,12,,,13,5,2019,19,51,59,552.10,30.39,952.80,513.87
010,936,661,2098,907,,,13,5,2019,19,58,12,554.90,30.67,952.88,513.16
010,914,622,2140,848,,,13,5,2019,20,3,12,558.40,30.74,952.90,512.99
010,871,608,2080,806,,,13,5,2019,20,8,12,553.80,31.24,952.89,513.02
010,830,574,2044,779,,,13,5,2019,20,13,12,551.90,30.80,952.95,512.49
010,750,524,1882,676,,,13,5,2019,20,18,12,555.70,30.11,952.93,512.68
010,724,506,1846,647,,,13,5,2019,20,23,12,552.80,29.83,952.96,512.46
010,700,491,1806,631,,,13,5,2019,20,28,12,558.50,29.04,952.96,512.43
010,624,444,1731,622,,,13,5,2019,20,33,12,555.90,28.73,952.90,512.99
010,568,397,1558,484,,,13,5,2019,20,38,12,554.10,29.42,952.95,512.50
010,518,374,1440,455,,,13,5,2019,20,43,12,553.10,29.16,952.97,512.33
010,468,336,1359,393,,,13,5,2019,20,48,12,552.20,29.32,952.98,512.23
010,413,293,1209,322,,,13,5,2019,20,53,12,555.10,29.18,953.05,511.66
010,340,234,1040,285,,,13,5,2019,20,58,12,551.40,27.59,953.04,511.76
010,12,11,37,9,,,13,5,2019,21,3,12,549.90,26.85,953.11,511.11
010,12,11,53,10,,,13,5,2019,21,8,12,550.90,26.68,953.07,511.46
010,168,121,541,156,,,13,5,2019,21,13,12,547.40,26.32,952.99,512.16
010,12,10,250,10,,,14,5,2019,12,13,12,558.30,13.21,952.27,518.49
010,256,186,1772,171,,,14,5,2019,12,18,12,550.20,13.97,952.29,518.27
010,28,27,1278,14,,,14,5,2019,12,23,12,554.90,14.12,952.49,516.54
010,15,12,92,10,,,14,5,2019,12,28,12,551.10,14.39,952.46,516.82
010,15,12,86,9,,,14,5,2019,12,33,12,558.00,15.03,952.47,516.73
010,17,13,108,9,,,14,5,2019,12,38,12,553.40,15.67,952.53,516.23
010,15,12,95,8,,,14,5,2019,12,43,12,552.60,16.14,952.49,516.53
010,15,12,103,10,,,14,5,2019,12,48,12,554.90,16.76,952.49,516.56
010,15,11,109,9,,,14,5,2019,12,53,12,558.40,16.66,952.49,516.56
010,16,12,92,9,,,14,5,2019,12,58,12,556.20,16.70,952.50,516.45
010,18,11,89,8,,,14,5,2019,13,3,12,555.30,17.04,952.58,515.79
010,18,13,102,9,,,14,5,2019,13,8,12,557.60,17.77,952.56,515.89
010,15,13,106,8,,,14,5,2019,13,13,12,554.10,18.43,952.60,515.58
010,15,12,89,10,,,14,5,2019,13,18,12,556.70,19.04,952.65,515.14
010,15,12,94,8,,,14,5,2019,13,23,12,556.40,19.33,952.64,515.23
010,17,12,98,10,,,14,5,2019,13,28,12,559.10,19.69,952.63,515.29
010,15,13,113,9,,,14,5,2019,13,33,12,559.90,20.16,952.78,513.99
010,16,12,78,10,,,14,5,2019,13,38,12,557.80,19.69,952.79,513.90
010,13,13,88,9,,,14,5,2019,13,43,12,558.80,20.28,952.79,513.90
010,13,12,92,12,,,14,5,2019,13,48,12,560.60,20.76,952.79,513.92
010,15,11,84,9,,,14,5,2019,13,53,12,556.10,20.40,952.89,513.03
010,16,11,91,9,,,14,5,2019,13,58,12,557.80,21.11,952.82,513.66
010,16,11,97,10,,,14,5,2019,14,3,12,562.90,22.04,952.90,512.93
010,1127,782,3137,1039,,,14,5,2019,14,8,12,561.60,21.88,952.98,512.24
010,12,12,75,9,,,14,5,2019,14,13,12,560.80,22.06,952.83,513.54
010,1183,828,2529,1145,,,14,5,2019,14,18,12,561.70,22.43,952.87,513.23
010,15,12,71,10,,,14,5,2019,14,23,12,563.90,23.32,952.86,513.32
010,1236,845,3451,1196,,,14,5,2019,14,28,12,558.30,23.61,952.82,513.70
010,1246,862,3742,1188,,,14,5,2019,14,33,12,556.10,24.98,952.77,514.07
010,460,548,3581,820,,,14,5,2019,14,38,12,554.00,25.88,952.79,513.88
010,1240,862,3478,1196,,,14,5,2019,14,43,12,557.90,26.24,952.76,514.16
010,1274,888,3581,1222,,,14,5,2019,14,48,12,551.50,25.45,952.78,513.96
010,1261,890,3530,1247,,,14,5,2019,14,53,12,553.90,25.22,952.79,513.91
010,1292,904,3270,1298,,,14,5,2019,14,58,12,553.80,25.82,952.75,514.23
010,1310,908,3475,1261,,,14,5,2019,15,3,12,554.20,25.76,952.76,514.22
010,1326,934,3231,1275,,,14,5,2019,15,8,12,555.90,26.52,952.71,514.66
010,1320,890,3396,1299,,,14,5,2019,15,13,12,556.90,27.11,952.74,514.38
010,1353,942,3662,1315,,,14,5,2019,15,18,12,555.60,26.94,952.70,514.72
010,1364,937,3600,1318,,,14,5,2019,15,23,12,556.50,27.70,952.72,514.49
010,1363,950,2490,1326,,,14,5,2019,15,28,12,559.50,28.96,952.67,514.94
010,1372,948,2520,1326,,,14,5,2019,15,33,12,562.30,28.70,952.67,514.97
010,1371,960,2537,1348,,,14,5,2019,15,38,12,558.50,29.47,952.65,515.15
010,1404,969,2860,1341,,,14,5,2019,15,43,12,560.90,29.03,952.59,515.63
010,1388,968,2680,1348,,,14,5,2019,15,48,12,557.80,28.57,952.64,515.26
010,1415,972,2850,1368,,,14,5,2019,15,53,12,557.10,29.03,952.62,515.39
010,1406,975,2744,1372,,,14,5,2019,15,58,12,558.70,30.24,952.64,515.19
010,1415,978,3955,1364,,,14,5,2019,16,3,12,555.20,30.00,952.61,515.49
010,1446,1024,3328,1396,,,14,5,2019,16,8,12,556.30,28.93,952.61,515.52
010,1436,998,3296,1380,,,14,5,2019,16,13,12,556.60,29.57,952.55,516.04
010,1436,981,3199,1382,,,14,5,2019,16,18,12,557.70,30.52,952.53,516.21
010,1446,1000,3772,1388,,,14,5,2019,16,23,12,557.60,30.52,952.50,516.48
010,1462,1022,3303,1430,,,14,5,2019,16,28,12,558.10,30.19,952.54,516.09
010,1412,987,2590,1368,,,14,5,2019,16,33,12,561.50,30.57,952.53,516.19
010,1446,993,3358,1414,,,14,5,2019,16,38,12,553.00,30.76,952.43,517.05
010,1460,1010,2675,1414,,,14,5,2019,16,43,12,557.20,30.14,952.41,517.27
010,1428,982,2706,1408,,,14,5,2019,16,48,12,556.70,31.11,952.35,517.81
010,1438,988,3822,1412,,,14,5,2019,16,53,12,557.20,30.84,952.15,519.53
010,1444,976,2656,1372,,,14,5,2019,16,58,12,550.20,30.93,952.10,519.95
010,1431,985,2766,1396,,,14,5,2019,17,3,12,550.50,31.47,951.96,521.21
010,1479,1013,3583,1476,,,14,5,2019,17,8,12,553.20,31.74,951.96,521.16
010,1462,1014,3586,1430,,,14,5,2019,17,13,12,553.60,30.77,951.87,521.94
010,1422,967,3102,1372,,,14,5,2019,17,18,12,552.00,30.78,951.80,522.55
010,1396,964,3142,1353,,,14,5,2019,17,23,12,555.10,31.19,951.89,521.76
010,1364,943,3075,1331,,,14,5,2019,17,28,12,556.60,31.50,951.80,522.55
010,1352,926,3942,1302,,,14,5,2019,17,33,12,552.70,33.38,951.75,523.01
010,1318,900,4095,1316,,,14,5,2019,17,38,12,549.10,32.80,951.73,523.19
010,1272,870,3857,1228,,,14,5,2019,17,43,12,551.30,33.35,951.69,523.53
010,1264,864,3698,1218,,,14,5,2019,17,48,12,558.50,32.71,951.71,523.35
010,1276,887,3697,1275,,,14,5,2019,17,53,12,572.60,33.41,951.61,524.23
010,1296,910,4095,1254,,,14,5,2019,17,58,12,562.30,32.70,951.50,525.20
010,1302,890,2578,1269,,,14,5,2019,18,3,12,564.60,33.69,951.47,525.45
010,1388,950,4095,1364,,,14,5,2019,18,8,12,563.40,34.65,951.40,526.09
010,1332,934,2934,1312,,,14,5,2019,18,13,12,559.30,35.21,951.38,526.24
010,1270,870,2345,1198,,,14,5,2019,18,18,12,556.60,34.83,951.35,526.51
010,1265,870,2372,1197,,,14,5,2019,18,23,12,550.90,32.94,951.34,526.64
010,1209,868,2314,1179,,,14,5,2019,18,28,12,560.20,32.00,951.33,526.67
010,1238,870,2434,1209,,,14,5,2019,18,33,12,552.10,32.17,951.26,527.34
010,1160,818,2286,1155,,,14,5,2019,18,38,12,554.10,32.37,951.17,528.06
010,187,118,1389,86,,,14,5,2019,18,43,12,552.60,32.04,951.21,527.77
010,12,15,86,12,,,14,5,2019,18,48,12,551.70,31.45,951.23,527.60
010,13,12,81,10,,,14,5,2019,18,53,12,549.10,31.44,951.18,528.03
010,15,12,84,9,,,14,5,2019,18,58,12,555.00,31.55,951.21,527.79
010,13,12,94,10,,,14,5,2019,19,3,12,554.80,32.93,951.23,527.57
010,14,11,81,9,,,14,5,2019,19,8,12,558.50,32.41,951.21,527.73
010,13,11,84,10,,,14,5,2019,19,13,12,558.30,32.26,951.22,527.66
010,13,12,76,10,,,14,5,2019,19,18,12,555.60,31.36,951.14,528.33
010,13,11,74,10,,,14,5,2019,19,23,12,556.90,31.91,951.07,528.99
010,13,11,74,10,,,14,5,2019,19,28,12,552.30,31.65,951.07,529.02
010,13,11,81,10,,,14,5,2019,19,33,12,559.20,31.73,951.09,528.79
010,976,672,2239,888,,,14,5,2019,19,38,12,562.40,32.24,950.98,529.75
010,952,645,2070,869,,,14,5,2019,19,43,12,551.90,33.00,951.08,528.90
010,865,590,2064,791,,,14,5,2019,19,48,12,556.10,33.87,951.00,529.58
010,929,644,2201,882,,,14,5,2019,19,53,12,556.60,33.83,950.92,530.31
010,879,623,2048,820,,,14,5,2019,19,58,12,559.90,33.54,950.93,530.17
010,840,580,1924,788,,,14,5,2019,20,3,12,553.40,33.22,950.88,530.65
010,787,553,1846,734,,,14,5,2019,20,8,12,554.80,32.99,950.91,530.41
010,762,540,1804,699,,,14,5,2019,20,13,12,555.30,33.86,950.88,530.64
010,736,510,1764,675,,,14,5,2019,20,18,12,551.00,33.66,950.90,530.51
010,678,480,1878,607,,,14,5,2019,20,23,12,554.70,34.04,950.88,530.62
010,628,436,1782,576,,,14,5,2019,20,28,12,555.30,33.59,950.81,531.28
010,574,412,1762,548,,,14,5,2019,20,33,12,554.10,33.09,950.81,531.26
010,516,364,1650,474,,,14,5,2019,20,38,12,549.00,32.58,950.71,532.18
010,483,336,1500,420,,,14,5,2019,20,43,12,550.00,31.85,950.70,532.21
010,416,289,1429,363,,,14,5,2019,20,48,12,547.60,31.22,950.66,532.57
010,332,236,1324,272,,,14,5,2019,20,53,12,543.40,30.57,950.72,532.09
010,284,215,1206,241,,,14,5,2019,20,58,12,540.50,30.05,950.72,532.07
010,12,11,383,9,,,14,5,2019,21,3,12,551.40,28.88,950.69,532.29
010,164,133,2082,180,,,14,5,2019,21,8,12,549.50,27.81,950.68,532.41
010,14,11,287,8,,,14,5,2019,21,13,12,546.00,27.17,950.64,532.73
010,14,10,104,10,,,15,5,2019,12,13,12,553.80,,,
010,13,10,106,10,,,15,5,2019,12,18,12,555.80,,,
010,15,11,99,9,,,15,5,2019,12,23,12,556.40,,,
010,18,13,117,17,,,15,5,2019,12,28,12,560.10,,,
010,17,11,100,12,,,15,5,2019,12,33,12,556.80,,,
010,12,10,102,10,,,15,5,2019,12,38,12,558.40,,,
010,14,10,97,10,,,15,5,2019,12,43,12,558.50,,,
010,11,9,127,10,,,15,5,2019,12,48,12,554.30,,,
010,12,10,111,11,,,15,5,2019,12,53,12,555.60,,,
010,13,10,92,11,,,15,5,2019,12,58,12,562.60,,,
010,13,10,92,9,,,15,5,2019,13,3,12,559.20,,,
010,12,10,93,10,,,15,5,2019,13,8,12,559.40,,,
010,11,10,98,10,,,15,5,2019,13,13,12,560.90,,,
010,11,10,96,9,,,15,5,2019,13,18,12,559.50,,,
010,10,9,145,10,,,15,5,2019,13,23,12,556.50,,,
010,10,9,183,9,,,15,5,2019,13,28,12,561.10,,,
010,11,10,95,9,,,15,5,2019,13,33,12,565.30,,,
010,10,9,151,9,,,15,5,2019,13,38,12,558.30,,,
010,10,10,107,10,,,15,5,2019,13,43,12,560.50,,,
010,10,10,89,9,,,15,5,2019,13,48,12,555.40,,,
010,12,10,80,10,,,15,5,2019,13,53,12,563.90,,,
010,11,10,83,9,,,15,5,2019,13,58,12,560.00,,,
010,11,10,83,12,,,15,5,2019,14,3,12,556.40,,,
010,10,10,80,9,,,15,5,2019,14,8,12,558.80,,,
010,11,10,96,10,,,15,5,2019,14,13,12,562.00,,,
010,10,10,90,9,,,15,5,2019,14,18,12,565.40,,,
010,10,10,86,9,,,15,5,2019,14,23,12,553.30,,,
010,10,10,84,9,,,15,5,2019,14,28,12,556.40,,,
010,10,10,76,9,,,15,5,2019,14,33,12,555.90,,,
010,10,10,103,9,,,15,5,2019,14,38,12,556.30,,,
010,11,10,221,10,,,15,5,2019,14,43,12,555.80,,,
010,11,10,92,11,,,15,5,2019,14,48,12,555.90,,,
010,11,10,90,10,,,15,5,2019,14,53,12,555.90,,,
010,11,10,83,10,,,15,5,2019,14,58,12,556.30,,,
010,10,10,65,9,,,15,5,2019,15,3,12,557.40,,,
010,11,10,79,9,,,15,5,2019,15,8,12,559.10,,,
010,11,10,183,10,,,15,5,2019,15,13,12,556.90,,,
010,12,10,162,9,,,15,5,2019,15,18,12,554.50,,,
010,12,10,378,9,,,15,5,2019,15,23,12,559.60,,,
010,11,10,252,10,,,15,5,2019,15,28,12,559.70,,,
010,11,10,349,9,,,15,5,2019,15,33,12,560.60, NAN, NAN, NAN
010,11,10,171,9,,,15,5,2019,15,38,12,559.00,29.05,950.81,531.22
010,11,10,159,9,,,15,5,2019,15,43,12,557.20,28.43,950.88,530.65
010,12,11,157,9,,,15,5,2019,15,48,12,556.10,29.30,950.75,531.77
010,11,10,231,10,,,15,5,2019,15,53,12,557.90,29.27,950.67,532.48
010,11,10,111,9,,,15,5,2019,15,58,12,553.30,29.97,950.67,532.50
010,12,11,83,9,,,15,5,2019,16,3,12,552.50,30.55,950.72,532.05
010,11,10,93,9,,,15,5,2019,16,8,12,557.50,31.22,950.82,531.21
010,12,11,89,9,,,15,5,2019,16,13,12,557.00,32.31,950.84,531.00
010,12,11,104,10,,,15,5,2019,16,18,12,556.10,30.97,950.76,531.70
010,11,10,90,9,,,15,5,2019,16,23,12,552.90,30.32,950.69,532.28
010,12,11,117,9,,,15,5,2019,16,28,12,556.20,30.36,950.57,533.40
010,12,11,107,9,,,15,5,2019,16,33,12,557.60,31.13,950.47,534.23
010,12,11,116,10,,,15,5,2019,16,38,12,555.00,30.37,950.42,534.71
010,12,11,103,9,,,15,5,2019,16,43,12,553.80,30.77,950.43,534.56
010,12,11,116,9,,,15,5,2019,16,48,12,552.80,30.74,950.30,535.71
010,12,11,103,9,,,15,5,2019,16,53,12,554.50,29.97,950.20,536.58
010,13,11,107,9,,,15,5,2019,16,58,12,552.60,29.51,950.15,537.05
010,12,11,111,10,,,15,5,2019,17,3,12,551.30,30.22,950.03,538.11
010,12,11,156,9,,,15,5,2019,17,8,12,554.70,28.38,949.90,539.24
010,12,11,168,9,,,15,5,2019,17,13,12,560.10,27.30,949.95,538.77
010,12,11,183,9,,,15,5,2019,17,18,12,555.80,27.43,949.94,538.89
010,12,11,180,10,,,15,5,2019,17,23,12,557.70,28.22,950.02,538.19
010,13,11,271,10,,,15,5,2019,17,28,12,557.50,27.08,949.99,538.48
010,12,11,248,9,,,15,5,2019,17,33,12,555.40,25.85,949.87,539.53
010,12,11,253,9,,,15,5,2019,17,38,12,555.70,26.05,949.88,539.41
010,12,11,268,9,,,15,5,2019,17,43,12,568.30,25.67,949.76,540.47
010,1196,827,3859,1152,,,15,5,2019,17,48,12,565.60,26.39,949.71,540.92
010,16,12,364,10,,,15,5,2019,17,53,12,560.90,26.60,949.76,540.46
010,15,13,484,10,,,15,5,2019,17,58,12,558.10,26.28,949.79,540.18
010,18,12,623,10,,,15,5,2019,18,3,12,558.00,26.30,949.70,541.01
010,16,13,652,12,,,15,5,2019,18,8,12,557.10,25.09,949.64,541.54
010,15,11,895,10,,,15,5,2019,18,13,12,558.90,26.71,949.55,542.28
010,16,12,1561,10,,,15,5,2019,18,18,12,555.30,26.06,949.58,542.02
010,15,11,1580,9,,,15,5,2019,18,23,12,557.60,25.83,949.53,542.50
010,13,11,1732,9,,,15,5,2019,18,28,12,557.10,25.62,949.55,542.29
010,14,11,1469,9,,,15,5,2019,18,33,12,557.00,25.23,949.44,543.28
010,14,11,1479,8,,,15,5,2019,18,38,12,557.70,25.64,949.41,543.52
010,14,11,1367,9,,,15,5,2019,18,43,12,559.20,25.14,949.45,543.16
010,14,11,1164,10,,,15,5,2019,18,48,12,555.50,26.48,949.53,542.46
010,1313,892,3618,1243,,,15,5,2019,18,53,12,555.80,25.22,949.53,542.46
010,144,183,2553,117,,,15,5,2019,18,58,12,559.90,25.34,949.38,543.76
010,14,18,2046,13,,,15,5,2019,19,3,12,558.40,25.17,949.42,543.45
010,1284,871,3620,1202,,,15,5,2019,19,8,12,561.00,24.17,949.39,543.70
010,1123,796,3330,1067,,,15,5,2019,19,13,12,552.90,25.08,949.38,543.78
010,14,15,1945,11,,,15,5,2019,19,18,12,555.20,25.72,949.46,543.14
010,15,12,2088,10,,,15,5,2019,19,23,12,555.10,24.63,949.38,543.77
010,1135,804,4086,1086,,,15,5,2019,19,28,12,559.90,24.63,949.34,544.18
010,11,10,800,9,,,15,5,2019,19,33,12,556.70,26.51,949.27,544.78
010,11,10,809,10,,,15,5,2019,19,38,12,554.80,25.83,949.18,545.52
010,10,10,1086,11,,,15,5,2019,19,43,12,556.30,25.39,949.33,544.26
010,15,11,1075,10,,,15,5,2019,19,48,12,558.30,25.33,949.32,544.36
010,11,10,942,9,,,15,5,2019,19,53,12,558.60,24.28,949.27,544.77
010,10,10,984,11,,,15,5,2019,19,58,12,553.60,24.65,949.36,543.95
010,11,10,1094,13,,,15,5,2019,20,3,12,554.60,24.24,949.36,544.00
010,12,10,1219,10,,,15,5,2019,20,8,12,556.20,22.89,949.35,544.04
010,11,9,1163,12,,,15,5,2019,20,13,12,554.10,22.60,949.33,544.27
010,11,10,1135,10,,,15,5,2019,20,18,12,555.90,22.27,949.35,544.11
010,10,10,1320,11,,,15,5,2019,20,23,12,558.60,22.59,949.48,542.96
010,11,10,1534,11,,,15,5,2019,20,28,12,555.10,21.39,949.63,541.61
010,11,10,1212,11,,,15,5,2019,20,33,12,553.50,21.35,949.66,541.36
010,11,10,1235,11,,,15,5,2019,20,38,12,547.80,20.83,949.89,539.37
010,11,10,1421,11,,,15,5,2019,20,43,12,551.70,20.78,949.81,540.01
010,11,10,1271,12,,,15,5,2019,20,48,12,549.20,20.25,949.83,539.84
010,13,10,1369,10,,,15,5,2019,20,53,12,550.40,20.52,949.88,539.38
010,12,10,1247,10,,,15,5,2019,20,58,12,552.30,19.91,949.95,538.80
010,14,11,1288,11,,,15,5,2019,21,3,12,546.60,19.53,949.94,538.92
010,15,11,1339,11,,,15,5,2019,21,8,12,548.70,18.91,949.96,538.69
010,14,10,1350,11,,,15,5,2019,21,13,12,549.20,18.15,950.03,538.11
010,33,34,531,27,,,16,5,2019,12,13,12,557.60,7.28,951.93,521.47
010,29,15,560,34,,,16,5,2019,12,18,12,558.60,7.45,952.01,520.71
010,27,13,649,34,,,16,5,2019,12,23,12,557.20,7.69,952.12,519.76
010,28,13,582,38,,,16,5,2019,12,28,12,556.00,7.80,952.09,520.05
010,23,16,572,28,,,16,5,2019,12,33,12,550.70,7.47,952.15,519.49
010,25,21,568,31,,,16,5,2019,12,38,12,557.70,7.51,952.13,519.67
010,23,20,575,31,,,16,5,2019,12,43,12,552.30,7.33,952.00,520.87
010,25,29,563,27,,,16,5,2019,12,48,12,550.50,7.30,952.00,520.87
010,21,21,423,32,,,16,5,2019,12,53,12,553.20,7.63,952.02,520.69
010,27,13,488,30,,,16,5,2019,12,58,12,556.40,7.54,951.94,521.36
010,27,15,560,31,,,16,5,2019,13,3,12,554.80,7.09,952.08,520.16
010,35,15,596,34,,,16,5,2019,13,8,12,554.70,6.28,951.96,521.22
010,25,14,572,31,,,16,5,2019,13,13,12,557.90,6.33,951.85,522.11
010,23,17,594,31,,,16,5,2019,13,18,12,562.00,6.79,951.90,521.72
010,27,14,614,27,,,16,5,2019,13,23,12,559.10,7.15,951.94,521.32
010,22,20,626,22,,,16,5,2019,13,28,12,562.10,7.85,952.05,520.43
010,21,14,526,19,,,16,5,2019,13,33,12,561.40,8.55,952.17,519.31
010,25,17,315,14,,,16,5,2019,13,38,12,557.00,9.07,952.08,520.09
010,19,12,52,17,,,16,5,2019,13,43,12,559.50,9.13,952.03,520.54
010,19,15,35,20,,,16,5,2019,13,48,12,561.00,9.14,952.04,520.53
010,21,14,39,20,,,16,5,2019,13,53,12,560.40,9.27,952.06,520.35
010,22,14,45,24,,,16,5,2019,13,58,12,553.60,9.57,952.19,519.18
010,17,19,68,16,,,16,5,2019,14,3,12,558.50,9.43,952.06,520.27
010,19,12,38,18,,,16,5,2019,14,8,12,564.80,9.78,952.03,520.61
010,19,15,31,17,,,16,5,2019,14,13,12,564.70,9.99,952.10,519.96
010,16,13,35,16,,,16,5,2019,14,18,12,560.40,9.81,952.05,520.40
010,1413,1150,1719,1348,,,22,5,2019,16,47,36,554.40,19.72,955.20,492.81
010,1390,1121,1445,1328,,,22,5,2019,16,52,28,547.20, NAN, NAN, NAN
010,1427,1154,1491,1348,,,22,5,2019,17,3,9,552.90,20.44,955.12,493.57
010,1272,1036,1306,1230,,,22,5,2019,17,8,9,544.90,19.05,955.04,494.25
010,1220,1006,1262,1177,,,22,5,2019,17,13,9,553.00,20.03,955.09,493.77
010,1252,1031,1299,1198,,,22,5,2019,17,18,9,563.60,21.30,955.03,494.32
010,1252,1017,1294,1190,,,22,5,2019,17,23,9,563.40,21.72,954.89,495.55
010,1223,1002,1251,1143,,,22,5,2019,17,28,9,557.50,21.98,954.97,494.82
010,1229,1000,1256,1164,,,22,5,2019,17,33,9,556.20,21.32,954.87,495.77
010,1254,1017,1286,1177,,,22,5,2019,17,38,9,558.10,20.75,954.83,496.12
010,1280,1020,1302,1201,,,22,5,2019,17,43,9,553.90, NAN, NAN, NAN
010,1268,1027,1342,1215,,,22,5,2019,17,48,9,552.40,22.49,954.70,497.22
010,1220,1030,1280,1170,,,22,5,2019,17,53,9,559.30,22.15,954.65,497.67
010,1192,967,1218,1145,,,22,5,2019,17,58,9,560.50,21.68,954.68,497.40
010,1160,959,1174,1106,,,22,5,2019,18,3,9,560.60,21.32,954.56,498.43
010,1126,903,1156,1068,,,22,5,2019,18,8,9,557.40,20.40,954.67,497.46
010,1087,876,1100,1027,,,22,5,2019,18,13,9,556.60, NAN, NAN, NAN
010,1220,998,1246,1171,,,22,5,2019,18,18,9,557.30, NAN, NAN, NAN
010,1193,966,1198,1184,,,22,5,2019,18,23,9,550.40,21.41,954.42,499.63
010,1134,924,1132,1070,,,22,5,2019,18,28,9,555.00,22.93,954.45,499.37
010,1093,912,1108,1067,,,22,5,2019,18,33,9,556.40,22.33,954.49,499.04
010,1109,899,1119,1057,,,22,5,2019,18,38,9,554.40,21.67,954.51,498.84
010,1169,936,1159,1081,,,22,5,2019,18,43,9,558.30,21.41,954.44,499.50
010,1125,924,1136,1072,,,22,5,2019,18,48,9,557.10,,,
010,1164,948,1158,1103,,,22,5,2019,18,53,9,566.20, NAN, NAN, NAN
010,1086,881,1092,1031,,,22,5,2019,18,58,9,562.90,21.00,954.39,499.94
010,1071,868,1081,1008,,,22,5,2019,19,3,9,557.50,21.29,954.38,500.04
010,1096,904,1108,1031,,,22,5,2019,19,8,9,555.50,21.16,954.41,499.73
010,1048,847,1065,958,,,22,5,2019,19,13,9,553.40,21.15,954.42,499.67
010,945,793,988,906,,,22,5,2019,19,18,9,556.10,22.35,954.52,498.80
010,970,784,974,902,,,22,5,2019,19,23,9,558.90,21.63,954.53,498.70
010,936,784,962,900,,,22,5,2019,19,28,9,557.90,20.51,954.53,498.70
010,908,758,912,856,,,22,5,2019,19,33,9,556.50,20.74,954.61,497.97
010,932,756,924,860,,,22,5,2019,19,38,9,558.00,20.22,954.57,498.39
010,825,694,835,754,,,22,5,2019,19,43,9,557.20,20.80,954.68,497.43
010,776,652,764,705,,,22,5,2019,19,48,9,556.90,19.40,954.81,496.28
010,791,645,768,713,,,22,5,2019,19,53,9,552.70,20.12,954.73,497.00
010,732,612,716,658,,,22,5,2019,19,58,9,551.10,20.24,954.79,496.44
010,745,628,732,678,,,22,5,2019,20,3,9,553.40,21.33,954.72,497.05
010,721,614,736,662,,,22,5,2019,20,8,9,551.50,21.96,954.74,496.85
010,695,598,684,639,,,22,5,2019,20,13,9,548.40,21.47,954.67,497.45
010,644,526,607,594,,,22,5,2019,20,18,9,547.30,21.74,954.75,496.76
010,573,460,547,532,,,22,5,2019,20,23,9,539.00,22.31,954.71,497.11
010,510,420,502,446,,,22,5,2019,20,28,9,545.90,21.04,954.75,496.77
010,446,396,422,364,,,22,5,2019,20,33,9,550.30,20.12,954.78,496.54
010,389,334,371,319,,,22,5,2019,20,38,9,553.70,20.84,954.70,497.25
010,356,297,334,276,,,22,5,2019,20,43,9,545.80,21.36,954.70,497.24
010,304,278,287,229,,,22,5,2019,20,48,9,544.70,21.22,954.82,496.17
010,276,256,270,209,,,22,5,2019,20,53,9,568.30,21.12,954.80,496.33
010,247,217,222,189,,,22,5,2019,20,58,9,551.40,20.63,954.81,496.21
010,183,160,157,192,,,22,5,2019,21,3,9,543.40,19.72,954.84,496.03
010,126,150,144,148,,,22,5,2019,21,8,9,548.00,19.20,954.88,495.61
010,210,196,184,205,,,23,5,2019,12,18,9,555.20,7.01,954.79,496.47
010,253,220,228,214,,,23,5,2019,12,23,9,556.00,7.68,954.86,495.84
010,306,273,276,263,,,23,5,2019,12,28,9,554.00,8.19,954.99,494.65
010,360,316,340,334,,,23,5,2019,12,33,9,553.20,9.35,955.09,493.82
010,404,350,379,329,,,23,5,2019,12,38,9,554.30,9.69,955.24,492.54
010,452,364,445,374,,,23,5,2019,12,43,9,553.40,10.21,955.25,492.43
010,472,426,456,445,,,23,5,2019,12,48,9,549.80,10.44,955.35,491.58
010,535,444,496,433,,,23,5,2019,12,53,9,557.20,10.38,955.37,491.37
010,596,476,550,521,,,23,5,2019,12,58,9,559.30,8.83,955.38,491.24
010,628,525,612,541,,,23,5,2019,13,3,9,559.80,8.34,955.30,491.97
010,689,577,660,613,,,23,5,2019,13,8,9,557.50,8.49,955.30,492.01
010,760,620,716,673,,,23,5,2019,13,13,9,551.90,9.07,955.37,491.32
010,777,648,756,713,,,23,5,2019,13,18,9,554.30,9.74,955.51,490.16
010,844,713,844,788,,,23,5,2019,13,23,9,552.10,11.03,955.50,490.24
010,896,746,884,812,,,23,5,2019,13,28,9,554.20,12.84,955.66,488.83
010,916,776,893,852,,,23,5,2019,13,33,9,552.40,14.00,955.68,488.70
010,937,789,929,878,,,23,5,2019,13,38,9,550.50,15.05,955.72,488.32
010,988,822,981,910,,,23,5,2019,13,43,9,549.80,15.55,955.82,487.43
010,1031,864,1001,933,,,23,5,2019,13,48,9,552.00,16.00,955.85,487.14
010,1036,864,1041,988,,,23,5,2019,13,53,9,552.10,16.35,955.89,486.83
010,1096,904,1100,1042,,,23,5,2019,13,58,9,547.00,16.47,955.77,487.88
010,1143,928,1124,1054,,,23,5,2019,14,3,9,553.20,16.49,955.77,487.86
010,1156,957,1152,1096,,,23,5,2019,14,8,9,555.30,17.17,955.75,488.05
010,1182,973,1186,1114,,,23,5,2019,14,13,9,554.10,17.47,955.69,488.61
010,1186,982,1199,1132,,,23,5,2019,14,18,9,553.90,18.20,955.78,487.82
010,1188,958,1198,1107,,,23,5,2019,14,23,9,555.10,19.08,955.79,487.70
010,1132,946,1166,1081,,,23,5,2019,14,28,9,558.00,18.59,955.79,487.67
010,1178,968,1172,1140,,,23,5,2019,14,33,9,553.90,18.62,955.79,487.71
010,1183,976,1201,1134,,,23,5,2019,14,38,9,558.70,18.50,955.78,487.74
010,1183,966,1187,1126,,,23,5,2019,14,43,9,559.80,19.12,955.72,488.28
010,1236,998,1238,1180,,,23,5,2019,14,48,9,560.30,18.43,955.79,487.73
010,1150,969,1197,1117,,,23,5,2019,14,53,9,555.60,19.18,955.81,487.57
010,1198,971,1209,1140,,,23,5,2019,14,58,9,556.60,18.93,955.65,488.90
010,1268,1026,1286,1192,,,23,5,2019,15,3,9,560.50,18.56,955.63,489.13
010,1228,1005,1252,1169,,,23,5,2019,15,8,9,557.10,19.32,955.65,488.90
010,1252,1022,1300,1177,,,23,5,2019,15,13,9,559.80,20.42,955.57,489.58
010,1272,1040,1316,1222,,,23,5,2019,15,18,9,560.50,20.45,955.50,490.19
010,1326,1071,1334,1284,,,23,5,2019,15,23,9,559.30,19.78,955.49,490.35
010,1316,1084,1342,1271,,,23,5,2019,15,28,9,557.00,19.18,955.36,491.44
010,1280,1052,1295,1203,,,23,5,2019,15,33,9,557.70,18.94,955.27,492.23
010,1300,1069,1324,1263,,,23,5,2019,15,38,9,558.00,19.78,955.29,492.07
010,1348,1102,1376,1308,,,23,5,2019,15,43,9,558.60,18.24,955.11,493.61
010,1340,1103,1358,1281,,,23,5,2019,15,48,9,556.60,18.28,955.12,493.59
010,1356,1100,1372,1292,,,23,5,2019,15,53,9,557.00,18.13,955.00,494.56
010,1352,1124,1390,1285,,,23,5,2019,15,58,9,559.80, NAN, NAN, NAN
010,1378,1140,1399,1317,,,23,5,2019,16,3,9,554.60,21.41,954.94,495.11
010,1388,1170,1462,1328,,,23,5,2019,16,13,9,553.00, NAN, NAN, NAN
010,1421,1180,1446,1388,,,23,5,2019,16,23,9,558.50,,,
010,1389,1165,1426,1344,,,23,5,2019,16,28,9,557.30,,,
010,1364,1102,1382,1294,,,23,5,2019,16,33,9,552.50,,,
010,1380,1132,1404,1316,,,23,5,2019,16,38,9,549.50, NAN, NAN, NAN
010,1396,1152,1469,1351,,,23,5,2019,16,43,9,553.70,23.94,954.81,496.29
010,1448,1208,1492,1401,,,23,5,2019,16,48,9,550.70, NAN, NAN, NAN
010,1430,1166,1468,1368,,,23,5,2019,16,53,9,552.30,25.62,954.61,497.99
010,1449,1185,1508,1399,,,23,5,2019,16,58,9,553.20,,,
010,1508,1212,1522,1414,,,23,5,2019,17,3,9,553.70,,,
010,1459,1220,1526,1430,,,23,5,2019,17,8,9,551.80,,,
010,1436,1180,1506,1360,,,23,5,2019,17,13,9,559.00,,,
010,1476,1191,1510,1436,,,23,5,2019,17,18,9,545.70,,,
010,1496,1213,1542,1432,,,23,5,2019,17,23,9,552.60,,,
010,1470,1208,1544,1445,,,23,5,2019,17,28,9,555.40,,,
010,1422,1180,1519,1369,,,23,5,2019,17,33,9,563.00,,,
010,1406,1139,1454,1374,,,23,5,2019,17,38,9,556.50,,,
010,1390,1140,1462,1334,,,23,5,2019,17,43,9,555.30,,,
010,1414,1153,1454,1368,,,23,5,2019,17,48,9,552.20,,,
010,1411,1156,1433,1344,,,23,5,2019,17,53,9,554.50,,,
010,1388,1164,1475,1326,,,23,5,2019,17,58,9,556.30,,,
010,1339,1096,1364,1271,,,23,5,2019,18,3,9,553.10,,,
010,1310,1047,1358,1243,,,23,5,2019,18,8,9,554.30,,,
010,1422,1152,1468,1358,,,23,5,2019,18,13,9,560.50,26.92,953.66,506.33
010,1252,1028,1264,1192,,,23,5,2019,18,18,9,557.80,25.22,953.54,507.37
010,1316,1081,1332,1280,,,23,5,2019,18,23,9,554.70,25.28,953.55,507.28
010,1318,1088,1324,1286,,,23,5,2019,18,28,9,551.10,26.31,953.46,508.06
010,1300,1078,1343,1245,,,23,5,2019,18,33,9,554.80,25.93,953.34,509.12
010,1304,1012,1312,1199,,,23,5,2019,18,38,9,557.70,26.46,953.43,508.34
010,1295,1046,1331,1232,,,23,5,2019,18,43,9,556.60,26.91,953.35,508.98
010,1312,1068,1296,1281,,,23,5,2019,18,48,9,562.50,25.49,953.27,509.69
010,1263,1044,1252,1212,,,23,5,2019,18,53,9,558.10,25.16,953.36,508.93
010,1240,1028,1316,1187,,,23,5,2019,18,58,9,554.40,26.73,953.32,509.30
010,1186,980,1204,1124,,,23,5,2019,19,3,9,552.90,26.26,953.24,509.95
010,1180,979,1214,1140,,,23,5,2019,19,8,9,552.30,26.73,953.35,509.01
010,1148,932,1145,1078,,,23,5,2019,19,13,9,553.60,25.36,953.26,509.80
010,1117,918,1124,1052,,,23,5,2019,19,18,9,556.40,25.29,953.24,510.02
010,1060,888,1060,1009,,,23,5,2019,19,23,9,552.70,25.05,953.25,509.88
010,1050,874,1068,987,,,23,5,2019,19,28,9,555.70,25.54,953.23,510.07
010,1011,836,996,957,,,23,5,2019,19,33,9,555.30,25.49,953.24,509.97
010,960,796,949,912,,,23,5,2019,19,38,9,558.00,24.68,953.32,509.28
010,959,788,955,886,,,23,5,2019,19,43,9,555.90,24.80,953.31,509.34
010,934,790,924,904,,,23,5,2019,19,48,9,550.00,23.42,953.36,508.96
010,924,764,931,857,,,23,5,2019,19,53,9,550.80,24.65,953.41,508.53
010,918,766,916,859,,,23,5,2019,19,58,9,554.10,25.33,953.40,508.62
010,838,708,830,788,,,23,5,2019,20,3,9,552.50,24.48,953.45,508.16
010,803,662,796,719,,,23,5,2019,20,8,9,546.40,24.48,953.45,508.11
010,744,616,720,667,,,23,5,2019,20,13,9,551.90,24.37,953.39,508.70
010,671,567,656,603,,,23,5,2019,20,18,9,549.60,23.56,953.29,509.51
010,620,510,604,544,,,23,5,2019,20,23,9,544.80,23.86,953.21,510.25
010,564,460,553,501,,,23,5,2019,20,28,9,554.20,23.95,953.31,509.39
010,498,426,462,412,,,23,5,2019,20,33,9,550.70,22.89,953.31,509.36
010,454,387,412,373,,,23,5,2019,20,38,9,553.50,22.90,953.35,509.06
010,394,340,364,314,,,23,5,2019,20,43,9,558.70,22.51,953.36,508.96
010,346,295,312,253,,,23,5,2019,20,48,9,560.60,22.84,953.43,508.35
010,287,247,256,203,,,23,5,2019,20,53,9,545.70,22.44,953.39,508.71
010,246,210,212,204,,,23,5,2019,20,58,9,560.70,21.71,953.38,508.73
010,204,182,177,204,,,23,5,2019,21,3,9,544.90,21.43,953.44,508.20
010,261,230,245,212,,,24,5,2019,12,23,9,548.00,11.74,950.36,535.23
010,233,228,228,208,,,24,5,2019,12,28,9,551.50,11.33,950.38,535.05
010,106,140,109,64,,,24,5,2019,12,33,9,555.10,11.05,950.23,536.33
010,25,22,31,13,,,24,5,2019,12,38,9,554.60,10.46,950.16,536.93
010,30,29,29,10,,,24,5,2019,12,43,9,551.10,9.92,950.20,536.65
010,21,17,34,10,,,24,5,2019,12,48,9,554.00,10.01,950.20,536.60
010,29,21,29,9,,,24,5,2019,12,53,9,560.20,10.30,950.29,535.85
010,21,13,23,15,,,24,5,2019,12,58,9,554.70,10.01,950.37,535.09
010,19,14,28,10,,,24,5,2019,13,3,9,560.30,9.65,950.22,536.43
010,28,14,24,18,,,24,5,2019,13,8,9,558.40,9.54,950.04,538.02
010,23,14,28,13,,,24,5,2019,13,13,9,552.00,9.77,950.25,536.20
010,24,13,24,9,,,24,5,2019,13,18,9,552.80,9.98,950.32,535.52
010,19,16,27,14,,,24,5,2019,13,23,9,558.80,10.22,950.42,534.70
010,23,14,28,10,,,24,5,2019,13,28,9,553.60,10.48,950.54,533.63
010,25,14,32,24,,,24,5,2019,13,33,9,551.70,10.82,950.58,533.30
010,29,13,29,10,,,24,5,2019,13,38,9,549.30,11.16,950.65,532.69
010,22,15,25,10,,,24,5,2019,13,43,9,549.50,11.22,950.79,531.45
010,24,13,29,15,,,24,5,2019,13,48,9,552.40,11.42,950.72,532.03
010,23,14,22,14,,,24,5,2019,13,53,9,556.20,11.88,950.61,533.00
010,25,14,19,10,,,24,5,2019,13,58,9,553.20,11.68,950.44,534.49
010,30,22,35,21,,,24,5,2019,14,3,9,551.50,11.70,950.57,533.37
010,34,16,27,10,,,24,5,2019,14,8,9,556.20,11.80,950.63,532.83
010,27,15,34,9,,,24,5,2019,14,13,9,551.20,12.29,950.69,532.29
010,28,16,24,11,,,24,5,2019,14,18,9,553.50,12.57,950.62,532.89
010,24,14,28,27,,,24,5,2019,14,23,9,560.20,13.54,950.76,531.69
010,34,17,26,10,,,24,5,2019,14,28,9,555.90,14.01,950.83,531.08
010,27,16,26,10,,,24,5,2019,14,33,9,556.40,13.67,950.82,531.13
010,24,14,28,16,,,24,5,2019,14,38,9,560.00,13.52,950.69,532.29
010,23,15,28,9,,,24,5,2019,14,43,9,558.40,13.62,950.72,532.04
010,34,14,23,21,,,24,5,2019,14,48,9,555.80,13.86,950.65,532.65
010,45,13,49,12,,,24,5,2019,14,53,9,556.70,14.26,950.54,533.67
010,23,13,20,10,,,24,5,2019,14,58,9,559.80,14.65,950.45,534.44
010,25,14,25,11,,,24,5,2019,15,3,9,558.30,14.59,950.29,535.85
010,24,27,27,12,,,24,5,2019,15,8,9,560.20,15.23,950.21,536.48
010,24,22,30,14,,,24,5,2019,15,13,9,559.80,15.64,950.25,536.15
010,26,18,32,15,,,24,5,2019,15,18,9,558.70,16.60,950.14,537.12
010,31,20,41,15,,,24,5,2019,15,23,9,557.20,17.26,950.08,537.66
010,47,37,98,39,,,24,5,2019,15,28,9,560.50,18.12,950.04,537.97
010,55,62,117,54,,,24,5,2019,15,33,9,560.50,18.95,950.04,537.99
010,42,33,74,32,,,24,5,2019,15,38,9,556.30,19.28,950.03,538.11
010,27,20,43,15,,,24,5,2019,15,43,9,554.40,19.42,949.79,540.24
010,28,16,40,14,,,24,5,2019,15,48,9,555.20,18.88,949.71,540.88
010,32,24,35,30,,,24,5,2019,15,53,9,549.60,19.13,949.64,541.56
010,30,20,42,19,,,24,5,2019,15,58,9,552.20,18.53,949.67,541.28
010,28,16,39,19,,,24,5,2019,16,3,9,558.40,17.81,949.51,542.66
010,40,24,48,25,,,24,5,2019,16,8,9,551.30,17.75,949.35,544.08
